0 95
0 93
0 501
1 7
1 21
1 95
2 765
2 100
2 815
3 796
3 101
3 103
4 104
4 20
4 9
5 1111
5 109
5 106
5 1033
6 502
6 98
6 764
7 8
7 94
8 497
8 851
9 215
9 992
10 708
10 446
10 214
10 774
11 808
11 12
11 112
12 750
12 91
13 265
13 22
13 972
13 362
14 15
14 362
14 338
14 478
16 17
17 272
17 63
18 266
18 92
18 265
19 22
19 351
19 361
20 759
20 102
21 97
21 502
22 1107
22 341
23 511
23 626
23 1190
24 142
24 508
24 141
25 849
25 621
25 612
26 491
26 722
26 720
27 559
27 726
27 491
28 561
28 1146
28 559
29 78
29 477
29 34
30 33
30 57
30 244
30 245
31 78
31 245
31 32
32 33
32 80
32 44
33 35
34 243
34 83
35 802
35 43
36 253
36 1041
36 977
36 978
37 46
37 45
37 38
37 77
38 81
38 72
39 70
39 277
39 346
39 81
40 45
40 911
40 47
41 72
41 466
41 71
42 44
42 45
42 46
42 47
43 44
43 47
46 80
48 330
48 52
48 51
49 331
49 329
49 55
49 139
50 331
50 67
50 55
51 910
51 64
52 300
52 280
53 64
53 1158
53 54
54 254
54 300
55 330
55 59
56 62
56 977
56 1041
57 67
57 803
58 284
58 66
58 253
59 62
59 279
60 281
60 256
60 61
60 282
61 769
61 286
61 1041
62 769
63 287
63 355
64 766
65 345
65 258
65 137
66 254
66 256
67 771
68 353
68 297
68 361
69 906
69 328
69 111
70 72
70 278
71 278
71 113
73 277
73 74
73 76
74 1122
74 75
75 77
75 79
76 77
76 81
76 924
78 79
79 80
82 83
82 242
82 243
82 782
83 1122
84 134
84 166
84 357
84 1001
85 86
85 156
85 87
86 87
86 337
87 158
88 266
88 355
88 909
89 92
89 90
89 750
90 91
90 92
91 1157
93 742
93 501
94 501
95 96
96 97
96 742
97 503
98 99
98 504
99 762
99 764
100 101
100 741
101 761
102 103
102 718
103 104
104 745
105 111
105 905
105 364
105 908
106 444
106 109
106 452
107 810
107 177
107 174
107 809
108 757
108 706
108 1040
109 749
109 217
110 440
110 809
110 808
111 112
112 1035
113 246
113 252
114 367
114 363
114 317
115 319
115 314
115 321
116 1016
116 308
116 798
117 433
117 434
117 309
118 435
118 465
118 434
119 738
119 1116
119 464
120 1117
120 121
120 1116
122 737
122 125
122 728
123 728
124 125
125 126
126 729
126 127
127 692
127 496
128 129
128 692
128 1088
129 130
129 1125
130 1090
130 131
131 1093
131 132
132 918
132 1089
133 241
133 134
133 755
134 135
135 158
135 366
135 975
136 258
136 930
136 1023
137 334
137 342
138 271
138 334
138 139
139 269
140 642
140 141
140 145
141 142
142 507
143 987
143 609
143 143
144 848
144 507
144 849
145 847
145 848
146 470
146 1179
146 147
147 470
147 471
148 149
148 623
148 624
149 150
149 1182
150 483
150 151
151 622
151 483
152 1135
152 1136
152 622
153 472
153 475
153 476
154 1079
154 781
154 852
155 242
155 157
155 844
156 157
156 974
157 666
158 845
159 239
159 683
159 1110
160 1110
160 1109
160 1064
161 163
161 162
161 240
162 779
162 165
163 166
163 241
164 953
164 165
164 168
165 168
166 168
166 297
167 954
167 953
167 906
169 171
169 170
169 365
171 364
171 954
172 179
172 1185
172 185
173 179
173 1062
173 177
174 177
174 1160
175 1045
175 1044
175 180
176 1045
176 1124
176 1161
178 229
178 1042
178 292
179 1002
180 183
180 1042
181 1120
181 230
181 231
182 1119
182 514
182 236
183 1155
183 185
184 1155
184 234
184 1148
185 1029
185 1042
186 211
186 234
186 555
187 1012
187 233
187 211
188 189
188 1145
188 1146
189 550
189 191
190 1145
190 196
190 485
191 194
191 195
192 198
192 837
192 197
193 194
193 1119
194 195
195 197
196 485
196 198
197 198
199 206
199 210
199 201
200 202
200 201
200 210
201 698
202 1060
202 454
203 1069
203 204
203 1113
204 453
204 1112
205 210
205 1026
205 209
206 208
206 209
207 1024
207 837
207 208
208 835
209 1024
211 1143
212 915
212 443
212 232
213 479
213 821
213 215
214 774
214 217
214 447
215 992
216 218
216 709
216 445
217 446
217 709
218 219
218 238
219 700
219 238
220 812
220 1162
220 814
221 225
221 813
221 228
222 481
222 824
222 827
223 1170
223 224
223 804
224 804
224 1170
225 952
225 226
225 228
226 952
226 982
227 982
227 1171
227 804
228 765
228 952
229 1124
229 1160
230 775
230 232
231 232
231 1173
233 555
233 1013
234 515
235 1148
235 1149
235 515
236 1120
236 514
237 238
237 748
237 1069
239 755
239 780
239 240
240 241
242 274
243 244
244 245
244 293
246 939
246 247
247 935
247 248
248 249
248 324
249 250
249 324
250 251
250 323
251 252
251 398
252 378
253 285
254 301
254 296
255 441
255 452
255 442
255 457
255 458
256 298
256 283
257 1161
257 448
257 1043
258 929
259 929
260 789
261 1184
261 1071
261 1070
262 1183
262 1070
262 1073
263 1073
263 1072
263 1149
264 459
264 1049
264 449
265 266
267 764
267 765
267 952
268 269
269 270
270 272
270 271
271 273
272 273
273 336
274 934
274 933
275 934
276 1123
276 346
276 925
277 1123
278 912
279 986
279 281
280 283
280 986
281 283
281 769
282 286
282 284
284 285
285 286
287 288
287 290
289 290
290 972
291 293
292 294
292 1042
292 295
293 1074
294 1044
294 295
295 1124
296 299
296 298
297 328
298 299
299 300
302 307
302 304
303 433
305 306
305 307
305 432
306 310
306 309
308 969
308 309
311 424
312 313
313 314
313 316
314 799
315 1014
316 322
316 1118
317 938
317 363
317 939
318 406
318 791
318 407
320 321
321 333
323 399
323 363
324 363
325 327
326 792
326 401
326 404
326 402
327 333
327 332
329 330
329 910
330 986
331 343
331 771
333 406
334 335
335 336
335 462
336 921
337 788
337 478
338 339
338 845
338 478
339 341
339 362
340 362
341 351
342 343
342 345
343 344
344 771
344 920
344 345
345 919
346 1068
347 348
347 1122
347 1123
349 980
349 1159
349 943
350 354
350 352
350 356
351 360
351 356
352 353
352 358
352 361
353 357
354 1153
354 359
354 358
355 807
356 359
357 358
358 1001
359 970
359 360
360 845
364 905
365 907
365 1156
367 397
367 368
368 397
368 369
369 371
369 370
372 380
372 396
372 375
373 377
373 375
373 374
374 868
374 376
375 922
376 967
376 377
377 991
379 868
379 381
379 380
380 922
381 794
381 793
382 383
382 386
382 387
383 389
384 1039
384 385
384 389
385 388
385 1009
387 390
387 794
390 396
390 391
391 395
391 393
392 393
393 394
396 400
397 967
400 1129
400 1010
401 401
402 411
402 403
403 409
403 1011
405 406
405 412
405 408
405 976
410 411
411 1008
413 420
413 414
413 800
413 419
414 418
414 415
415 422
415 416
416 1017
416 1015
417 1015
421 1019
423 1016
424 426
424 425
426 969
426 430
427 429
427 428
427 430
430 431
433 434
435 436
435 437
438 439
439 737
439 732
439 735
440 866
440 1033
441 442
441 748
441 850
442 916
442 453
443 1173
443 917
443 1194
444 451
444 1033
445 709
445 446
446 705
447 774
447 1111
448 1043
448 451
449 867
449 946
450 457
450 451
450 459
452 850
452 913
453 1069
454 455
454 699
455 994
455 698
456 994
457 460
458 916
458 460
458 915
459 460
461 1053
461 1048
461 1047
463 464
463 738
463 465
464 465
466 911
466 467
467 911
467 926
468 1046
468 468
469 1184
470 471
471 473
472 473
472 474
473 474
474 475
475 476
476 847
479 480
479 820
482 1162
483 484
484 485
484 489
486 888
486 889
486 722
487 491
487 488
487 889
488 492
488 489
489 490
493 797
494 816
494 797
494 759
495 1162
496 672
496 843
497 498
497 855
498 852
498 854
499 858
499 500
499 857
500 857
500 861
502 754
503 795
503 504
504 795
505 985
505 958
505 742
506 985
507 849
508 987
509 510
510 511
510 512
511 513
514 547
515 557
516 1164
516 1050
516 783
517 526
517 518
517 1166
518 895
518 897
519 520
519 522
519 897
520 1167
520 521
521 1167
521 1168
522 523
522 524
524 526
524 525
526 527
528 529
528 537
528 1168
529 534
529 530
530 531
530 533
531 532
531 740
534 535
534 536
535 1034
535 539
537 951
537 1183
538 539
538 951
538 887
539 540
540 541
540 542
543 887
544 545
544 548
544 547
545 548
545 546
546 878
546 876
547 878
548 549
549 550
549 869
550 551
551 553
551 552
554 1185
554 1072
554 1071
555 556
558 1013
559 560
561 579
561 570
562 563
562 579
562 581
563 568
563 571
564 568
565 566
566 567
566 571
567 568
567 569
570 726
570 582
571 572
572 573
572 576
573 574
573 575
574 580
574 577
577 578
577 580
578 579
578 581
580 581
582 593
582 592
583 584
583 592
584 586
584 585
586 587
586 592
587 591
587 588
588 589
588 590
594 595
595 598
595 596
597 598
598 600
599 600
600 601
601 604
601 602
602 603
602 1095
604 606
604 609
605 607
605 608
605 1186
606 608
606 607
607 612
608 1188
610 611
610 619
610 621
611 614
611 612
613 615
615 617
615 619
616 617
617 618
619 620
621 987
622 719
623 1181
623 624
624 1135
625 626
625 1099
625 628
626 767
627 628
628 767
628 629
629 630
629 640
630 631
630 632
632 633
632 989
634 635
635 1096
635 1097
636 1098
636 637
636 1059
637 1097
637 1096
638 1021
639 640
639 1021
639 988
640 641
642 643
643 656
643 660
643 662
644 648
644 649
644 645
646 648
647 648
649 656
649 654
650 654
650 651
650 957
651 655
651 652
652 653
652 654
656 658
657 658
658 659
661 662
662 663
663 665
663 664
666 671
666 667
667 671
667 668
668 1087
668 669
670 671
672 844
672 673
673 674
673 675
676 843
677 1108
677 678
677 1109
678 679
678 1077
679 680
679 1082
680 681
680 684
682 683
682 1077
682 1075
683 1169
684 739
684 685
685 689
685 686
686 691
686 687
687 947
687 690
688 1080
692 964
693 696
693 964
693 694
694 695
696 697
697 947
698 993
699 710
699 702
700 701
700 1113
701 702
701 703
702 703
703 942
704 996
704 710
704 995
704 998
705 708
705 706
705 786
706 785
706 707
707 747
707 708
710 712
711 1132
711 712
711 715
712 713
714 993
715 716
715 833
715 1133
717 1133
718 761
718 846
720 721
720 724
721 723
721 722
723 1186
723 1187
724 725
724 1187
725 726
725 727
728 736
730 732
730 733
730 731
731 732
731 733
733 734
737 738
741 762
741 763
743 760
743 746
743 1131
744 746
746 1131
747 1131
747 1111
748 749
749 850
750 811
751 956
751 1157
752 956
752 753
755 1169
756 757
757 758
759 760
760 992
761 846
762 763
763 1138
763 1137
766 910
766 1159
768 858
770 771
772 1170
772 1171
772 773
775 777
775 778
776 1114
776 1152
776 777
777 1114
778 1115
779 780
781 1079
783 784
783 1052
785 786
785 942
786 942
787 930
787 788
787 789
788 789
790 792
790 793
790 791
791 792
793 794
795 1100
796 815
796 814
797 817
798 799
798 800
799 800
801 978
801 803
801 802
802 803
805 909
805 806
805 944
806 943
806 807
807 909
808 1035
809 866
809 1035
810 1035
810 908
811 1107
812 813
812 814
813 815
816 1040
816 817
817 818
818 818
819 1040
820 825
820 822
821 824
821 822
822 823
824 826
827 828
827 829
830 835
831 834
832 833
833 836
834 945
834 835
837 838
839 841
840 962
840 960
840 841
841 842
842 843
842 844
845 970
846 1190
847 848
851 1079
852 854
853 855
853 856
853 1079
854 1078
855 856
856 857
858 859
859 860
859 864
860 862
860 864
861 863
862 865
862 863
863 865
866 1160
867 946
867 1047
868 922
869 874
869 871
870 873
872 874
873 874
873 1189
875 879
875 878
875 881
877 879
879 880
882 884
883 890
883 899
883 895
884 885
884 890
886 887
888 1182
888 889
890 927
891 892
892 927
892 904
893 904
894 895
896 898
897 898
898 900
899 903
899 901
902 904
905 906
908 1004
914 915
916 1192
917 917
918 1169
918 1084
923 1149
927 928
929 932
930 931
934 936
937 940
937 941
937 938
938 939
943 944
944 1158
946 1043
947 964
948 949
949 951
949 950
953 954
955 1171
958 959
961 962
962 963
965 966
966 967
966 990
968 969
970 1001
970 971
972 973
977 978
979 980
980 981
982 983
984 984
984 985
989 989
990 991
990 1007
991 1130
993 994
995 996
995 997
996 997
997 999
999 1000
999 1132
1002 1064
1002 1003
1003 1005
1003 1062
1004 1006
1004 1172
1005 1006
1007 1007
1012 1115
1012 1013
1014 1016
1014 1017
1015 1020
1017 1019
1018 1019
1021 1022
1024 1025
1026 1027
1026 1028
1030 1032
1031 1190
1031 1032
1036 1116
1037 1039
1038 1039
1044 1045
1046 1048
1046 1049
1047 1154
1048 1049
1051 1052
1054 1058
1055 1056
1056 1057
1056 1058
1058 1059
1059 1121
1060 1112
1060 1061
1062 1063
1064 1066
1064 1065
1066 1067
1066 1156
1070 1184
1071 1185
1072 1148
1073 1183
1076 1077
1080 1081
1080 1082
1082 1083
1085 1087
1086 1087
1090 1127
1090 1093
1091 1092
1092 1127
1092 1128
1093 1094
1096 1097
1098 1105
1098 1106
1099 1103
1099 1104
1100 1102
1100 1101
1101 1106
1101 1102
1102 1103
1103 1104
1104 1105
1105 1106
1108 1110
1108 1109
1112 1113
1114 1115
1120 1152
1126 1127
1132 1133
1134 1136
1135 1136
1139 1143
1139 1141
1139 1140
1141 1154
1141 1142
1143 1144
1145 1146
1147 1151
1147 1152
1147 1150
1154 1155
1158 1159
1163 1164
1164 1166
1165 1166
1167 1168
1173 1175
1174 1174
1174 1175
1175 1176
1176 1177
1176 1178
1179 1181
1179 1180
1180 1181
1180 1182
1186 1188
1187 1188
1189 1189
1191 1192
1191 1193
1191 1194
1192 1194
