0 515
0 425
0 517
1 1276
1 506
2 421
2 3
2 420
3 24
3 421
4 1090
4 721
4 720
4 542
5 523
5 189
5 1405
6 484
6 1230
6 1336
7 1301
7 8
7 1337
8 1335
8 9
9 1336
9 1335
10 99
10 101
10 935
10 1146
11 928
11 101
11 936
12 179
12 925
12 1412
12 1348
13 922
13 1082
13 481
14 943
14 935
14 104
15 835
15 943
15 16
16 17
16 826
17 1489
17 943
18 106
18 1489
18 1490
19 475
19 1511
19 1540
19 1507
20 1578
20 129
20 21
21 131
21 1463
22 128
22 350
22 564
23 121
23 589
23 1233
24 1165
24 589
25 1258
25 1275
26 86
26 340
26 1319
27 803
27 811
27 378
28 852
28 127
29 1291
29 844
29 1295
30 965
30 485
30 488
31 634
31 627
31 656
32 33
32 634
32 298
33 34
33 607
34 641
34 1415
35 307
35 1299
35 710
35 708
36 1097
36 836
36 1280
37 39
37 343
37 406
38 759
38 40
38 769
39 735
39 331
40 330
40 759
41 93
41 769
41 89
42 795
42 784
42 1600
42 92
43 903
43 909
43 1288
44 199
44 531
44 95
44 901
45 1287
45 496
45 576
45 575
46 1086
46 1246
46 1287
47 1353
47 960
48 49
48 1117
48 1214
49 50
49 961
50 51
50 389
51 55
51 396
52 56
52 53
52 1037
53 54
53 430
54 1042
54 625
55 961
55 1365
56 1408
56 1116
57 553
57 845
57 1535
58 1454
58 1190
58 1286
59 475
59 478
59 1539
59 1546
60 1546
60 277
60 476
61 62
61 280
61 63
62 1344
62 284
63 1449
63 275
64 65
64 1518
64 107
65 913
65 383
66 895
66 68
66 325
67 69
67 120
67 71
68 1573
68 69
68 969
69 1461
70 71
70 1571
70 96
71 896
72 893
72 1316
72 94
73 1572
73 94
73 893
74 75
74 892
74 76
75 77
75 200
76 78
76 1572
77 78
77 326
78 969
79 340
79 1612
79 1185
80 339
80 766
80 81
81 765
81 340
82 334
82 765
82 766
83 1142
83 1380
83 86
84 1200
84 1141
84 85
85 1055
85 1142
86 1141
87 1143
87 88
87 775
88 775
88 93
89 93
89 1600
90 91
90 1143
90 1386
91 92
91 378
92 1600
94 1573
95 200
95 417
96 114
96 119
97 623
97 473
97 624
98 1252
98 1245
98 1253
99 100
99 1489
100 101
100 106
102 821
102 819
102 826
103 951
103 835
103 104
104 310
104 718
105 1235
105 1088
105 1229
106 1597
107 108
107 383
108 1245
108 909
109 530
109 1341
109 1434
109 662
110 1522
110 399
110 974
111 778
112 792
112 1197
112 789
112 378
113 114
113 119
113 1469
114 1469
114 115
115 116
115 908
115 911
116 907
116 913
116 905
117 383
117 197
117 902
117 906
118 1373
118 120
118 1451
119 912
121 122
121 127
122 123
122 127
123 124
123 287
124 125
124 287
125 126
125 588
126 1233
126 588
128 588
128 1333
129 139
129 140
130 274
130 1578
130 140
131 1464
131 572
131 537
132 1570
132 1051
132 137
132 563
133 565
134 572
135 538
136 137
136 569
137 223
138 1236
139 568
139 571
140 568
141 165
141 637
141 142
142 640
142 639
143 655
143 656
143 646
144 709
144 706
144 1297
145 146
145 1399
145 153
146 147
146 1399
147 1104
147 701
148 173
148 680
148 171
149 701
149 700
149 168
150 642
150 652
150 1296
151 1103
151 637
151 152
152 561
152 642
153 1402
153 512
154 1337
154 512
154 1338
155 162
155 156
155 1313
156 1313
156 157
157 169
157 158
158 159
158 679
159 679
159 160
160 1311
160 1312
161 1311
161 162
161 1314
162 1314
163 1579
163 925
163 937
163 939
164 1543
164 521
164 677
165 166
165 1306
166 1309
166 1306
167 1277
167 169
167 1473
168 1183
168 1181
168 1182
169 170
170 171
170 172
171 679
172 689
172 173
173 681
174 1413
174 175
174 676
175 678
175 1312
176 1207
176 1342
176 186
177 1261
177 1265
177 1268
178 689
178 1342
178 1181
179 928
179 180
180 181
180 932
180 933
181 942
181 182
182 728
182 952
183 1527
183 724
183 728
184 1400
184 1259
184 1290
184 1260
185 722
185 1533
185 1281
186 187
186 1268
186 1278
187 188
187 1207
188 1258
188 1403
189 308
189 1400
190 1443
190 525
190 1576
191 1443
191 718
191 192
192 193
192 944
193 1576
193 952
194 899
194 900
194 325
194 905
195 898
195 197
195 327
195 326
196 200
196 199
196 327
197 199
198 532
198 894
198 416
201 801
201 1227
201 1147
201 1225
202 802
202 382
202 803
203 413
203 382
203 1603
203 1248
204 800
205 228
205 358
205 669
205 231
206 1168
206 216
206 225
206 311
206 1164
207 316
207 1158
207 211
207 1174
208 1170
208 1157
208 1506
209 211
210 1158
210 1498
210 211
212 569
212 213
212 223
213 214
213 1154
214 372
214 215
214 1154
215 323
215 376
216 320
216 1506
216 222
217 1438
217 535
217 483
218 1438
218 1255
218 536
219 1155
219 483
220 224
220 221
220 223
221 1154
221 222
221 1153
222 313
222 323
224 1151
224 1153
225 1169
225 1153
226 232
226 350
226 1149
226 1152
226 355
227 312
227 319
227 1506
228 1168
228 229
228 232
229 668
229 669
230 231
230 358
230 1223
231 232
231 356
232 1152
233 427
233 1329
233 399
234 465
234 1557
234 1589
235 1456
235 236
235 1536
235 1454
236 241
236 385
237 387
237 385
237 460
238 1327
238 398
238 239
238 441
239 269
239 463
240 1021
240 1328
240 974
240 530
241 367
241 460
242 404
242 243
242 247
243 244
243 246
244 245
244 246
245 1099
245 249
246 248
246 247
247 251
247 248
248 249
249 403
250 449
250 251
250 403
251 1047
252 1359
252 1369
253 1049
253 1047
253 405
253 404
254 456
254 259
254 258
255 256
255 259
255 466
256 267
256 263
257 467
257 261
257 466
258 452
258 394
259 260
261 1394
261 263
262 267
263 264
264 267
264 266
265 1556
265 1620
265 266
266 1620
268 1557
268 1555
268 1556
269 1589
269 463
270 1040
270 271
270 1038
271 1038
271 1555
272 1191
272 273
273 274
273 568
274 570
274 574
275 369
275 579
276 279
276 477
276 578
277 477
277 1547
278 578
278 1548
278 280
279 282
279 281
280 916
280 281
281 283
282 283
282 590
283 284
284 1189
285 286
285 554
285 1564
286 287
286 1332
288 1331
288 571
288 665
289 848
289 291
289 292
290 848
290 1015
290 291
291 1523
292 846
292 293
293 585
293 294
294 295
295 581
296 665
296 1330
296 1577
297 1313
297 1473
297 1472
298 299
298 305
299 615
299 594
300 301
300 302
300 305
302 303
302 632
303 304
303 628
304 844
304 843
305 594
306 307
307 1296
308 525
308 309
309 1575
309 717
310 1030
310 1575
311 1165
311 359
311 1561
312 1174
312 1170
313 314
313 317
314 315
314 321
314 324
315 1544
315 322
316 1544
316 1545
317 321
317 320
318 319
318 1567
318 321
319 320
322 1560
322 324
323 324
323 1154
324 1568
325 501
326 327
326 501
328 333
328 1187
329 1320
329 330
330 406
331 332
332 333
334 335
335 337
335 1141
336 338
336 339
336 337
337 1377
338 775
338 339
341 342
342 343
343 344
343 1426
345 498
345 1347
345 1475
346 556
346 347
347 1383
347 1381
348 349
348 550
348 544
349 1609
349 1608
349 1187
350 354
351 352
352 1223
352 357
353 1223
353 354
353 356
354 355
355 356
358 377
359 1276
359 1275
360 362
360 1529
360 732
361 729
361 732
361 523
362 1090
362 724
363 1075
363 873
363 365
364 874
364 366
364 1075
365 453
365 874
366 856
367 368
367 369
368 921
368 450
369 921
370 1237
370 482
370 1184
371 1184
371 1232
371 372
372 373
373 374
373 536
374 536
374 375
375 482
375 1231
376 1568
376 535
378 804
379 816
379 412
379 819
379 811
380 1597
380 1598
380 823
381 814
381 813
381 1597
381 1598
382 412
382 1389
383 903
384 385
384 428
384 1453
386 427
386 428
386 1453
387 441
387 1325
388 1504
388 1215
388 1216
389 1504
389 1367
390 392
390 1217
390 1356
391 393
391 1356
391 392
392 958
393 394
393 396
394 395
395 396
395 397
397 467
397 432
398 443
399 1525
400 1120
400 1046
400 666
400 662
401 1044
401 1046
401 1114
402 403
404 405
405 1369
406 407
407 410
407 408
408 1426
408 740
408 410
409 410
409 738
409 741
411 1398
412 413
412 1398
413 821
414 1412
415 804
415 806
415 1077
416 1502
416 418
417 533
417 531
418 1502
418 533
419 1368
419 960
420 422
420 1315
421 1561
422 1315
422 490
423 1275
423 1335
423 1276
424 425
424 1492
425 426
426 1081
426 514
427 428
429 1521
429 1456
429 1457
430 1121
430 625
431 1112
431 959
431 432
432 1109
433 1406
433 1121
433 1124
434 437
434 436
434 1406
435 1440
435 1136
435 964
436 492
436 437
437 964
438 491
439 440
439 571
439 1463
441 461
442 459
442 461
443 444
443 454
443 464
444 445
444 446
445 447
445 461
446 447
446 458
447 448
449 453
449 452
450 451
450 453
451 457
451 452
454 455
454 458
455 456
455 464
456 457
457 458
459 460
460 461
462 864
462 861
463 464
465 1326
465 1589
466 467
468 473
468 1515
468 470
469 577
469 1532
469 470
470 479
471 472
471 479
471 1532
472 575
472 479
473 476
474 1505
474 476
474 1548
475 476
477 478
478 566
479 1252
480 1347
480 1345
480 1412
481 1345
481 1348
482 1231
484 1338
484 1336
485 1301
485 486
486 487
486 1301
487 1291
487 488
488 1291
489 490
489 1292
489 1561
490 1292
491 492
491 1134
492 1126
493 1026
493 494
493 1137
494 1028
494 1023
495 496
496 1087
497 534
497 1421
497 1074
498 499
498 1055
499 1084
499 1053
500 505
500 510
500 516
501 969
502 520
502 503
502 504
503 1192
503 734
504 1192
504 721
505 515
505 543
506 1279
506 1492
507 1618
507 511
507 508
508 509
508 510
509 511
509 1243
509 1371
510 1618
510 1241
511 1618
512 513
513 1208
513 1526
514 517
514 1349
515 516
518 719
518 519
518 1400
519 522
520 526
520 721
521 947
521 1093
522 526
523 524
524 525
524 729
526 719
527 1020
527 1340
527 528
528 987
528 1004
529 1340
529 1496
529 1484
530 1020
531 532
532 533
534 1475
534 1423
535 536
537 539
537 1503
538 540
538 565
538 1541
539 540
539 541
540 1559
541 573
541 572
542 1258
542 543
544 1381
544 559
544 1619
545 547
546 547
546 549
546 552
547 1611
548 552
549 1610
549 559
550 551
550 552
553 1330
553 1535
553 1563
554 1563
554 847
554 846
555 557
556 559
556 557
557 558
560 1297
560 708
560 1299
561 562
561 1107
562 1299
563 564
563 1467
564 1468
565 573
566 591
566 574
567 590
567 1188
567 570
569 1232
570 591
574 1559
575 576
576 1532
577 1510
577 1509
578 1471
579 918
579 1344
580 581
580 584
580 586
581 585
581 587
582 1285
582 584
582 1375
583 1285
584 587
585 587
585 846
589 1233
590 591
592 1487
592 621
592 1486
593 602
593 714
593 1488
593 611
594 605
595 596
595 597
595 843
596 599
596 635
596 843
597 618
597 599
597 610
598 600
598 616
598 716
599 604
599 837
601 613
602 613
603 605
603 620
603 621
604 1592
604 1590
605 839
606 614
606 607
606 615
607 652
607 1293
608 614
608 710
608 1487
608 1293
609 619
609 616
610 618
610 622
611 715
611 716
612 618
614 617
615 617
616 619
617 621
619 620
620 837
623 1505
623 624
624 1252
625 1120
626 636
626 635
626 841
627 1294
627 633
628 1300
628 842
629 632
629 634
629 633
630 633
631 636
632 840
635 636
637 654
638 658
638 649
638 654
638 661
639 653
639 647
640 661
640 647
641 660
641 648
642 1414
643 645
644 1583
644 653
644 646
645 1593
645 658
646 649
647 653
648 660
648 654
648 1593
649 661
650 651
650 657
650 658
651 657
651 655
652 1415
655 657
656 659
660 1414
662 1632
663 1484
663 1013
663 1632
664 667
664 1013
664 666
664 1003
665 1538
665 1577
666 1120
667 1011
667 984
668 672
668 1164
669 671
670 671
670 1558
670 1432
671 672
672 673
673 675
673 674
676 1500
676 1413
677 1314
677 1617
680 682
680 684
681 683
681 687
682 683
682 685
683 685
684 686
684 692
685 687
687 694
688 690
689 1179
690 694
690 697
691 693
692 693
692 695
693 696
694 1180
697 699
697 700
698 700
701 1105
702 704
702 703
703 706
703 705
706 1106
707 1351
707 710
707 708
711 712
712 713
712 715
714 715
714 1097
716 1519
717 718
717 1443
719 720
720 1259
722 1445
722 1284
723 731
723 725
723 729
724 727
725 730
725 727
726 731
727 728
729 730
730 1576
731 732
733 1263
733 1530
733 734
734 1192
734 1264
735 736
735 737
738 739
739 742
741 742
741 744
742 743
743 744
745 746
745 748
745 747
746 751
746 750
747 748
747 752
748 752
749 753
750 756
750 754
751 752
751 753
753 757
754 757
754 755
756 759
756 761
757 761
758 1631
758 1320
758 1613
760 764
760 762
760 769
761 763
762 764
762 780
764 768
764 767
765 1612
765 766
767 772
767 770
768 1614
768 770
770 786
771 774
773 780
774 779
774 777
776 786
778 782
778 1379
779 1203
779 1378
780 783
781 789
783 790
783 786
784 1614
784 794
785 787
787 788
787 791
789 1202
791 792
791 1386
792 793
793 1321
793 796
795 797
795 798
798 1226
798 799
799 1601
799 1224
800 803
800 802
801 1388
801 1227
802 1147
804 805
805 806
805 807
806 808
807 815
807 810
808 809
808 810
809 1606
809 812
810 814
810 813
811 816
812 814
812 1606
813 815
815 817
816 1599
817 818
817 1599
818 1599
818 1598
819 823
820 822
820 1602
821 827
822 824
822 1603
823 825
824 827
826 828
828 834
828 829
829 831
829 1036
830 1036
831 833
831 832
832 834
832 934
834 835
836 1590
836 1591
837 838
844 955
845 1524
845 1286
848 1375
849 850
849 852
849 851
850 851
850 1100
851 1101
853 854
854 855
854 860
855 859
855 862
856 863
856 857
857 863
857 867
858 860
859 861
859 866
860 862
861 864
862 866
863 865
864 871
865 869
865 868
866 871
867 869
867 870
869 872
871 873
871 875
872 876
872 1391
873 877
874 876
875 882
875 880
876 879
877 886
877 883
878 881
879 1391
879 881
880 887
880 885
881 884
882 885
882 886
883 886
883 888
884 1323
884 917
885 887
887 889
888 890
888 889
889 890
890 891
892 893
892 968
894 1387
894 897
895 896
895 1461
896 900
897 1288
897 909
898 899
898 906
899 904
900 908
901 1288
901 902
902 903
904 905
904 907
906 907
908 910
911 915
911 913
912 1451
912 1449
914 1387
915 1518
915 1470
918 1536
918 1344
919 921
919 920
919 1565
922 1348
922 923
923 924
923 1081
924 926
925 927
926 946
927 931
927 929
928 933
929 941
929 932
930 931
930 937
932 942
933 936
935 1145
936 938
936 952
937 941
938 1146
938 944
939 950
940 948
941 942
944 1145
945 949
945 947
945 1579
946 948
946 1289
947 1579
948 950
949 950
949 954
950 953
956 1049
956 958
957 1215
959 1109
959 1115
960 1355
961 962
962 963
962 1360
962 1363
963 1440
963 1360
964 1024
965 1498
965 1292
966 968
966 967
967 1318
967 968
970 979
970 980
970 990
971 994
971 1133
971 986
972 991
972 996
972 985
973 978
973 1010
973 1549
974 995
975 1009
975 1496
975 1425
976 1003
977 1005
977 1012
977 1582
978 985
978 999
979 1625
979 1334
980 994
980 1017
981 1011
981 1014
981 1009
982 1009
983 996
984 1017
984 1000
985 1016
986 1176
986 1588
987 1004
987 1010
988 1581
989 993
990 1008
990 1017
991 1549
991 1550
992 992
992 1000
993 998
993 994
993 1001
995 1175
995 1015
996 1015
997 997
997 1000
998 998
1002 1324
1002 1008
1003 1553
1004 1424
1005 1010
1005 1021
1005 1551
1006 1013
1007 1372
1007 1581
1007 1020
1011 1014
1011 1628
1014 1019
1018 1581
1021 1550
1022 1588
1022 1029
1022 1587
1023 1028
1023 1430
1024 1029
1024 1025
1025 1177
1025 1029
1026 1586
1026 1027
1027 1177
1027 1178
1030 1035
1030 1102
1031 1035
1031 1032
1031 1033
1034 1035
1036 1520
1037 1112
1037 1041
1038 1050
1039 1048
1040 1043
1040 1045
1041 1044
1041 1042
1042 1044
1045 1046
1045 1114
1047 1049
1048 1050
1051 1150
1051 1562
1052 1066
1052 1198
1052 1053
1053 1142
1054 1206
1054 1221
1054 1055
1056 1059
1057 1058
1057 1066
1057 1062
1058 1060
1058 1059
1059 1060
1060 1067
1061 1079
1061 1063
1061 1062
1062 1064
1063 1063
1064 1065
1064 1066
1067 1079
1067 1068
1068 1069
1068 1070
1070 1079
1070 1080
1071 1198
1071 1585
1071 1078
1072 1436
1072 1072
1073 1436
1073 1074
1073 1084
1074 1084
1076 1078
1076 1077
1076 1606
1077 1078
1081 1476
1081 1419
1082 1418
1082 1420
1083 1257
1083 1239
1085 1262
1085 1492
1085 1090
1086 1405
1086 1517
1087 1102
1087 1088
1087 1247
1088 1089
1090 1405
1091 1094
1091 1095
1091 1527
1092 1094
1092 1093
1092 1096
1093 1096
1094 1095
1095 1096
1097 1351
1098 1297
1102 1516
1103 1104
1103 1107
1104 1105
1105 1106
1106 1107
1108 1610
1109 1111
1110 1113
1110 1114
1110 1112
1115 1116
1117 1368
1117 1118
1118 1119
1118 1630
1121 1123
1122 1125
1123 1127
1123 1124
1124 1129
1125 1552
1125 1554
1126 1624
1126 1128
1127 1130
1129 1623
1129 1131
1130 1133
1130 1131
1131 1133
1132 1134
1134 1135
1136 1430
1136 1137
1137 1138
1138 1139
1138 1596
1140 1353
1140 1430
1143 1386
1144 1615
1144 1371
1145 1146
1147 1148
1148 1225
1148 1226
1149 1150
1149 1151
1150 1151
1152 1169
1155 1156
1155 1568
1156 1560
1158 1159
1159 1499
1159 1160
1160 1162
1160 1161
1162 1477
1162 1163
1164 1166
1164 1506
1165 1166
1166 1167
1168 1169
1170 1171
1171 1173
1172 1173
1174 1566
1175 1175
1176 1587
1176 1625
1177 1178
1178 1626
1179 1180
1179 1182
1180 1183
1181 1182
1182 1183
1184 1232
1185 1186
1185 1631
1187 1609
1188 1191
1188 1189
1189 1190
1190 1191
1193 1197
1193 1194
1193 1195
1194 1585
1194 1220
1195 1196
1195 1584
1196 1220
1197 1584
1198 1199
1199 1585
1199 1219
1200 1201
1200 1203
1201 1202
1201 1204
1202 1203
1204 1584
1204 1205
1205 1206
1205 1222
1207 1402
1208 1403
1208 1211
1209 1210
1210 1211
1210 1528
1211 1212
1212 1493
1212 1452
1213 1214
1214 1504
1215 1216
1216 1217
1216 1359
1217 1218
1218 1218
1219 1220
1219 1222
1221 1222
1224 1225
1224 1227
1225 1226
1228 1231
1228 1234
1228 1238
1229 1235
1229 1236
1230 1255
1230 1256
1234 1237
1234 1238
1235 1238
1236 1237
1239 1240
1242 1243
1243 1244
1245 1253
1246 1287
1246 1247
1247 1254
1248 1250
1248 1389
1249 1251
1250 1251
1250 1603
1251 1602
1253 1505
1254 1255
1254 1256
1256 1517
1257 1416
1257 1422
1259 1517
1260 1400
1260 1533
1261 1279
1261 1270
1262 1270
1262 1269
1263 1264
1263 1531
1264 1269
1265 1266
1265 1270
1266 1267
1266 1474
1267 1278
1267 1277
1268 1278
1269 1271
1271 1534
1271 1279
1272 1274
1272 1282
1272 1534
1273 1444
1273 1283
1273 1281
1273 1448
1274 1284
1274 1283
1277 1473
1280 1580
1281 1284
1282 1445
1282 1534
1283 1531
1283 1439
1285 1376
1286 1535
1290 1290
1293 1296
1294 1300
1294 1298
1295 1298
1295 1404
1298 1300
1302 1308
1303 1308
1303 1310
1303 1307
1304 1307
1304 1305
1305 1308
1305 1306
1305 1309
1309 1399
1311 1312
1316 1317
1316 1318
1319 1320
1319 1613
1322 1614
1325 1329
1325 1327
1326 1327
1326 1328
1328 1329
1331 1577
1331 1332
1332 1564
1333 1463
1333 1466
1337 1338
1339 1625
1340 1341
1341 1632
1342 1343
1345 1346
1347 1475
1349 1350
1349 1476
1351 1352
1353 1354
1356 1357
1357 1358
1357 1621
1360 1361
1362 1363
1363 1364
1365 1408
1365 1366
1369 1370
1371 1500
1374 1375
1377 1378
1377 1379
1378 1379
1380 1383
1380 1384
1381 1382
1382 1384
1382 1383
1384 1385
1387 1388
1388 1502
1389 1390
1392 1620
1392 1394
1392 1393
1394 1395
1396 1622
1396 1434
1397 1605
1397 1604
1397 1398
1400 1431
1401 1626
1402 1403
1406 1407
1408 1410
1409 1410
1410 1411
1413 1617
1414 1415
1416 1417
1416 1422
1417 1476
1417 1419
1418 1423
1418 1420
1419 1420
1421 1422
1421 1423
1424 1425
1426 1427
1428 1429
1428 1447
1428 1431
1429 1533
1429 1448
1429 1431
1433 1567
1435 1436
1437 1593
1438 1569
1439 1530
1440 1441
1441 1627
1441 1442
1444 1447
1445 1446
1447 1448
1449 1470
1450 1470
1451 1607
1453 1457
1454 1455
1455 1456
1457 1459
1458 1459
1459 1460
1461 1462
1463 1466
1464 1465
1464 1467
1466 1468
1467 1468
1469 1470
1472 1473
1472 1474
1474 1595
1478 1483
1479 1482
1480 1481
1481 1628
1481 1482
1482 1483
1483 1594
1483 1484
1485 1486
1486 1488
1487 1488
1491 1527
1494 1497
1494 1495
1494 1496
1500 1501
1503 1578
1503 1559
1507 1511
1507 1514
1508 1509
1508 1512
1508 1515
1509 1510
1510 1513
1511 1512
1512 1515
1513 1516
1513 1514
1514 1516
1519 1592
1519 1591
1521 1524
1521 1525
1522 1525
1522 1523
1523 1524
1526 1526
1530 1531
1536 1537
1539 1540
1539 1542
1540 1541
1541 1542
1542 1559
1544 1567
1547 1548
1549 1550
1551 1551
1552 1554
1552 1553
1553 1554
1555 1556
1556 1557
1563 1564
1572 1573
1574 1575
1586 1586
1587 1588
1590 1592
1591 1592
1608 1609
1608 1631
1612 1613
1615 1617
1615 1616
1622 1622
1628 1629
