0 5
0 1017
0 644
1 2
1 3
1 1214
2 644
2 126
3 693
3 745
4 745
4 5
5 10
6 10
6 11
6 53
7 643
7 9
7 129
8 9
8 10
8 1009
9 129
11 53
11 910
12 15
12 912
12 1073
13 912
13 149
13 911
14 911
14 1008
14 15
15 1065
16 17
16 1162
16 1170
17 18
17 933
18 19
18 966
19 913
19 1072
20 24
20 25
20 933
21 280
21 23
21 979
22 23
22 24
22 135
23 29
24 135
25 966
25 1067
26 1242
26 27
26 929
27 350
27 28
28 980
28 1070
29 1070
29 30
30 979
30 1069
31 887
31 305
31 34
32 995
32 886
32 33
33 872
33 887
34 886
34 996
35 38
35 762
35 874
36 873
36 56
36 37
37 872
37 926
38 39
38 55
39 872
39 55
40 43
40 44
40 119
41 45
41 42
41 919
42 46
42 761
43 761
43 74
44 119
44 955
45 955
45 762
46 50
46 919
47 51
47 956
47 757
48 49
48 50
48 141
49 757
50 141
51 919
51 956
52 1043
52 641
52 1112
52 1111
54 993
54 55
56 288
56 873
57 495
57 856
57 1024
57 1023
58 496
58 495
58 864
59 504
59 668
59 865
60 1151
60 140
61 1150
61 1079
61 64
62 70
62 931
62 69
63 64
63 952
63 65
64 1151
65 75
65 1079
66 68
66 72
66 932
67 954
67 951
68 69
68 761
69 74
70 71
70 931
71 73
71 1103
72 932
72 73
73 1103
74 1153
76 77
76 193
76 396
77 78
77 645
78 196
78 404
79 198
79 360
79 404
80 81
80 403
80 360
81 82
81 199
82 1213
82 432
82 433
83 687
83 694
83 1078
83 684
84 187
84 86
84 185
84 85
85 270
85 1199
86 1144
86 1143
87 1058
87 1171
87 848
88 1141
88 269
88 1143
89 1000
89 263
89 871
89 998
90 91
90 998
90 1066
91 725
91 259
91 1068
92 93
92 254
92 1195
92 1196
93 755
93 94
94 111
94 468
94 467
94 716
94 868
95 956
95 652
95 659
96 97
96 693
96 1250
97 98
97 1251
98 700
98 699
99 700
99 699
99 991
99 990
100 440
100 101
100 439
101 445
101 102
102 447
102 443
103 382
103 379
103 1192
104 480
104 457
104 473
104 1237
105 106
105 109
105 834
106 107
106 837
107 836
107 837
108 109
108 835
108 836
109 834
110 111
110 1051
110 461
110 477
111 679
111 677
112 600
112 1031
112 1036
112 1033
113 930
113 1133
113 996
113 351
114 994
114 957
114 995
115 1161
115 1000
115 1154
115 1158
116 743
116 301
116 295
117 743
117 257
117 256
118 1054
118 1053
118 276
119 660
120 879
120 298
120 880
120 328
121 206
121 240
121 208
122 211
122 202
122 239
122 123
123 703
123 714
123 686
123 692
124 714
124 709
124 710
125 706
125 705
125 245
126 705
126 681
127 1165
127 1164
127 649
128 1173
128 1166
128 1167
129 162
130 169
130 154
130 168
131 985
131 134
131 976
132 133
132 136
132 983
133 984
133 136
134 976
134 986
135 230
136 230
137 221
137 217
137 224
138 278
138 215
138 225
138 217
139 219
139 234
139 214
140 1169
140 949
141 946
142 1220
142 1221
142 1222
143 509
143 512
143 888
143 522
144 520
144 522
144 901
145 778
145 1085
145 563
145 833
146 782
146 559
146 563
147 1225
147 928
147 559
148 591
148 597
148 586
149 157
149 158
149 150
150 160
150 156
150 151
151 155
151 152
152 181
152 153
152 154
153 162
153 160
153 1197
154 167
154 172
155 163
155 167
158 162
158 159
160 161
163 166
163 1162
164 227
164 166
164 1027
165 167
165 166
165 168
168 724
169 172
169 170
170 724
170 171
171 249
171 764
172 173
172 241
173 176
173 181
174 175
174 242
174 176
175 179
175 178
176 704
177 243
177 178
177 242
178 180
179 181
179 180
180 1197
182 387
182 194
182 183
182 187
183 419
183 421
184 1248
184 416
184 268
184 419
185 849
185 186
185 1247
186 1246
186 1248
187 1247
188 193
188 1199
188 189
188 212
189 213
189 190
190 651
190 191
190 270
190 650
191 649
191 651
191 650
192 193
192 194
192 1199
193 195
194 396
195 196
196 207
196 197
197 206
197 198
198 205
198 199
199 200
200 201
200 1217
201 1213
201 203
202 203
202 685
203 1217
204 210
204 209
204 1217
205 206
205 209
206 207
207 208
207 212
208 1167
208 225
209 210
210 211
211 249
211 240
212 213
213 1167
214 215
214 1164
215 1163
216 220
217 277
218 221
219 220
219 278
220 221
220 277
221 222
222 224
222 233
223 233
224 271
224 976
225 226
226 271
226 279
227 271
227 228
228 1127
228 986
229 1027
229 1061
229 1060
230 1060
231 274
231 1245
231 275
231 1194
231 981
232 234
232 272
232 235
233 238
234 236
235 273
235 237
235 236
236 238
237 274
237 273
237 238
239 701
239 703
240 248
241 764
241 701
242 243
243 244
244 246
244 712
245 712
245 706
246 1014
246 708
247 248
248 249
248 719
249 250
251 1066
251 1171
251 1196
252 1234
252 254
252 338
253 1195
253 254
253 343
255 876
255 341
255 345
255 875
256 257
256 307
257 1068
258 726
258 316
258 876
259 726
259 347
260 306
260 305
260 261
261 262
261 263
262 1068
262 304
263 1068
264 868
264 265
264 677
265 715
265 678
266 1235
266 676
266 267
266 715
267 866
267 1236
267 268
267 418
268 417
269 651
269 270
272 273
272 1160
272 276
274 275
275 1159
276 1066
277 278
280 1067
280 1062
281 288
281 304
281 925
282 879
282 283
282 1082
283 284
283 662
284 285
284 296
284 662
285 286
285 663
286 662
286 292
287 290
287 295
287 288
288 289
289 292
289 293
290 297
290 291
291 293
291 294
292 294
293 294
295 302
296 299
296 297
297 302
298 303
298 299
299 300
300 302
300 301
301 742
303 303
304 305
306 871
306 1158
307 316
307 308
308 975
308 744
309 742
309 741
309 744
310 318
310 312
310 313
311 312
311 875
311 319
312 317
313 314
313 321
314 315
314 742
315 318
315 741
316 725
316 317
317 318
320 322
320 1239
320 338
321 331
321 322
321 326
321 330
322 323
323 324
323 325
326 327
326 328
327 884
327 329
328 329
329 881
330 1174
330 331
330 332
331 334
332 1020
332 335
333 916
333 334
333 666
334 918
335 916
335 336
337 914
337 495
337 915
338 339
339 341
339 340
341 1234
342 1234
342 344
342 1233
343 1233
343 346
344 345
344 1233
345 346
345 877
346 347
347 348
349 1056
349 980
349 1159
350 351
350 1056
351 929
351 1155
352 358
352 425
352 405
352 406
353 354
353 425
353 739
354 373
354 378
355 356
355 372
355 443
356 369
356 371
356 442
357 738
357 369
357 854
357 740
358 361
358 399
358 426
359 360
359 1212
359 399
359 403
361 439
361 362
361 401
362 440
362 442
363 367
363 371
363 364
363 372
364 365
364 370
365 958
365 366
366 377
366 380
367 368
367 370
367 376
368 375
368 371
368 369
370 377
371 372
373 374
373 376
374 375
374 740
375 376
377 378
378 379
379 380
379 1192
380 381
381 1192
382 1218
382 1028
383 427
383 457
383 384
384 428
384 1238
384 385
385 424
385 412
386 407
386 421
386 409
387 456
387 390
388 389
388 430
388 1218
389 412
389 394
389 391
390 421
390 408
391 408
391 392
392 393
392 456
393 395
393 406
393 405
394 737
394 406
394 425
395 397
395 396
395 456
397 405
397 398
397 645
398 1212
398 399
399 400
400 401
400 403
401 434
401 402
402 432
402 403
404 645
404 1212
407 412
407 408
409 415
409 411
410 413
410 414
410 411
410 1191
411 459
411 423
412 423
413 676
413 418
413 1191
414 459
414 465
414 676
415 1191
415 416
415 420
416 417
417 418
419 420
420 421
422 459
422 460
422 423
422 424
424 458
425 426
426 738
427 428
427 429
428 430
429 1218
429 430
431 1029
431 772
431 1218
431 1055
432 433
433 435
433 1213
434 436
434 435
434 441
435 437
436 438
436 437
437 687
437 766
438 1078
438 990
439 446
440 444
441 446
441 991
442 444
443 445
444 445
446 989
447 989
447 448
447 988
448 453
448 452
448 454
449 452
449 451
449 453
450 451
451 452
453 967
454 455
454 1102
454 748
457 1238
458 464
458 1238
459 463
460 463
460 464
461 462
461 466
462 465
462 463
464 466
465 678
466 1237
467 1241
467 1239
468 735
468 734
469 489
469 729
469 736
470 851
470 842
470 843
470 486
471 485
471 472
471 843
472 483
472 482
473 474
473 834
473 1104
474 475
474 480
475 482
475 1052
475 476
476 478
476 477
477 478
478 483
479 480
479 1051
479 1052
480 1237
481 835
481 482
481 845
481 847
483 484
485 488
486 488
486 487
487 499
487 489
487 492
488 490
489 490
490 1231
491 856
491 1025
491 506
492 728
492 493
493 1025
493 494
494 1240
494 1024
496 504
496 497
497 666
497 917
497 915
498 501
498 499
498 1176
499 1200
500 502
500 501
500 1230
501 506
502 503
502 857
503 505
503 859
503 504
505 862
505 1228
506 862
507 901
507 1178
507 520
508 509
508 1223
508 510
509 510
510 512
511 822
511 511
512 890
512 756
513 769
513 547
514 529
514 547
514 515
515 900
515 516
516 527
516 541
517 903
517 518
517 909
518 521
518 558
519 902
519 521
519 520
520 832
521 523
522 901
522 523
523 903
524 758
524 527
524 908
524 540
525 892
525 540
525 893
526 890
526 889
526 892
527 537
528 532
528 534
528 900
529 530
530 532
531 539
532 897
533 897
533 534
533 538
534 535
535 537
535 536
537 758
537 538
538 539
538 898
539 758
539 895
540 895
541 1179
541 909
542 543
542 1179
542 904
542 545
543 905
543 545
543 544
544 554
544 548
544 551
545 546
546 547
546 548
548 549
549 770
549 550
550 906
550 907
551 552
551 906
553 555
553 554
553 944
554 557
555 558
555 557
556 557
559 560
560 1126
560 1124
561 1119
561 562
561 566
562 1120
562 563
563 1089
564 1123
564 1126
564 1118
565 1116
565 1115
565 566
566 776
567 1118
567 1115
567 1121
568 1119
568 1122
568 1124
569 790
569 576
569 767
570 593
570 780
570 1091
570 571
571 799
571 773
571 594
572 1094
572 780
572 573
572 575
573 779
573 1090
573 782
574 588
574 584
574 583
575 1091
575 1092
576 759
576 583
577 759
577 579
577 578
578 581
578 1097
578 1095
579 580
579 760
580 582
580 793
580 1092
581 790
581 759
582 588
582 760
583 760
584 589
584 586
585 798
585 592
585 587
586 590
587 590
587 793
588 589
589 793
589 590
590 591
591 598
591 592
592 599
593 798
593 594
593 1093
594 797
595 798
595 797
595 596
596 599
596 795
596 794
597 615
597 794
598 599
598 794
600 805
600 1035
600 1254
601 602
601 1035
601 1038
602 609
602 603
602 608
603 604
603 614
604 613
604 612
605 612
605 610
605 1111
605 606
606 607
606 852
607 853
608 1043
608 631
608 1039
609 619
609 1099
609 1106
610 1110
610 611
611 612
611 613
613 1108
614 1108
614 1099
615 616
615 1101
617 809
617 619
617 621
618 620
619 620
620 621
621 1180
622 1181
622 638
622 624
622 1032
623 818
623 1258
623 1134
624 1037
624 813
625 636
625 1185
625 634
626 627
626 632
626 639
627 630
627 628
627 640
628 815
628 641
629 1190
629 818
629 817
631 640
631 632
632 633
632 634
634 635
635 639
635 637
636 1037
636 637
637 638
638 1257
639 814
640 1043
640 1044
641 1135
641 642
642 885
642 1227
643 910
643 911
644 707
646 1141
646 647
647 1142
648 1142
648 1058
648 1144
649 1173
650 1173
652 654
652 656
653 654
653 655
653 658
654 655
655 659
656 657
656 1131
658 1130
658 1128
659 762
660 661
660 1082
664 946
664 949
664 665
665 950
666 1193
666 917
667 917
667 924
667 669
668 1169
668 669
669 1076
670 675
670 674
670 673
671 672
671 962
671 1046
673 1132
673 1045
674 1046
674 963
676 678
677 678
680 766
680 683
680 685
681 682
681 709
682 1249
682 691
683 692
683 686
683 689
684 688
684 691
684 1249
685 686
687 765
688 689
688 765
689 690
690 697
690 692
690 714
691 697
692 714
693 1250
694 695
694 1253
694 698
695 698
695 746
695 1252
696 1249
696 1215
696 1216
697 709
698 699
699 700
701 763
702 763
703 704
704 713
705 707
706 710
707 708
708 712
710 711
711 713
711 714
712 713
715 869
716 869
716 867
717 718
718 721
718 719
719 720
721 722
721 1047
722 723
722 724
725 726
727 733
727 1241
727 732
728 731
728 730
729 730
729 736
730 731
731 732
732 733
733 734
734 735
735 736
738 739
739 740
741 975
743 744
746 967
747 748
747 967
747 749
748 749
749 750
750 751
751 752
752 753
753 754
754 965
756 828
756 1150
759 760
763 764
765 766
767 789
767 928
768 928
769 944
769 770
770 907
771 977
771 1069
771 1242
772 773
772 800
773 774
774 1224
774 1086
775 776
775 1224
775 1085
776 778
777 1113
778 1113
779 1224
779 1085
780 781
782 783
783 784
783 1096
784 792
784 785
784 1226
785 1019
785 786
786 787
786 792
787 788
787 1098
788 789
788 791
789 790
789 1097
791 1096
791 1098
792 1098
795 1106
795 796
797 799
799 1180
800 801
800 804
801 802
801 803
805 808
805 809
806 808
806 812
806 811
807 810
808 810
809 810
815 1190
815 816
817 1041
818 819
818 1136
820 822
820 821
820 1220
822 1209
822 826
823 824
823 830
823 831
824 829
824 825
824 831
825 826
825 827
828 1221
828 829
829 830
830 831
832 839
832 841
833 841
833 1105
835 836
837 838
838 964
838 839
839 840
839 841
840 841
840 1105
840 964
843 844
845 846
845 847
847 1201
848 849
848 1246
849 968
850 851
851 1204
855 856
857 1229
857 858
860 861
861 862
861 863
866 1246
866 1248
866 1236
867 1235
867 869
868 869
870 871
873 874
874 955
875 876
878 880
878 879
878 883
880 882
881 882
881 884
882 883
883 884
886 930
887 927
888 889
888 893
889 893
889 892
890 891
894 895
896 897
899 900
903 908
906 907
908 909
910 1008
912 913
913 1170
914 915
914 916
918 1193
918 921
920 1045
921 1193
921 923
922 1132
922 923
922 924
923 924
923 1132
925 926
925 927
926 927
928 1019
929 1059
929 930
930 994
931 945
932 954
933 1027
934 936
934 939
935 936
935 938
937 961
938 940
939 960
940 943
941 942
941 971
942 943
945 952
945 947
946 1255
947 952
948 951
949 950
951 954
953 1255
958 959
958 1172
959 1055
959 1149
961 969
961 1172
961 973
964 1105
969 972
970 972
970 1084
971 973
972 1084
974 975
977 1137
978 1081
978 979
980 1070
981 1140
981 1244
981 1245
982 983
982 1244
982 1140
983 985
984 986
984 1127
985 1140
987 989
990 991
992 1059
992 992
993 995
994 1139
996 1157
997 998
999 1000
1001 1004
1001 1002
1001 1003
1002 1063
1003 1004
1004 1006
1005 1064
1005 1065
1007 1008
1009 1010
1009 1013
1010 1011
1011 1012
1011 1015
1012 1016
1012 1013
1013 1017
1014 1015
1014 1197
1015 1016
1016 1017
1018 1019
1020 1022
1020 1074
1021 1023
1021 1022
1021 1074
1022 1024
1023 1232
1025 1026
1029 1031
1029 1030
1030 1219
1030 1146
1031 1032
1032 1219
1033 1034
1034 1181
1035 1036
1036 1186
1036 1038
1037 1186
1038 1039
1039 1185
1040 1042
1040 1112
1045 1046
1047 1048
1048 1198
1049 1161
1049 1050
1049 1154
1050 1160
1050 1053
1051 1052
1053 1054
1054 1154
1055 1147
1057 1063
1057 1071
1057 1064
1058 1171
1060 1061
1061 1127
1062 1067
1063 1064
1069 1242
1071 1073
1071 1072
1072 1073
1074 1075
1077 1078
1079 1150
1080 1081
1081 1138
1082 1083
1084 1172
1087 1090
1088 1088
1088 1089
1089 1090
1091 1093
1092 1093
1094 1095
1096 1097
1099 1107
1100 1101
1101 1110
1106 1108
1109 1110
1109 1109
1111 1112
1113 1114
1115 1117
1118 1123
1119 1122
1121 1122
1121 1123
1124 1125
1126 1184
1128 1129
1128 1130
1129 1131
1130 1131
1133 1155
1133 1156
1134 1145
1141 1143
1142 1144
1145 1259
1145 1149
1146 1147
1147 1148
1148 1219
1148 1149
1151 1152
1152 1153
1155 1156
1156 1157
1157 1158
1159 1160
1160 1161
1162 1170
1163 1165
1163 1164
1165 1166
1166 1167
1168 1169
1175 1176
1176 1177
1177 1202
1177 1205
1179 1182
1180 1183
1181 1186
1184 1184
1185 1186
1187 1189
1188 1189
1189 1190
1195 1196
1200 1203
1200 1202
1201 1210
1201 1211
1202 1203
1202 1205
1203 1207
1203 1206
1204 1206
1204 1211
1205 1208
1206 1207
1206 1211
1207 1208
1208 1209
1208 1210
1209 1210
1214 1250
1214 1215
1215 1216
1216 1253
1220 1222
1221 1223
1222 1223
1226 1226
1235 1236
1239 1240
1240 1241
1243 1244
1244 1245
1247 1248
1250 1251
1251 1252
1252 1253
1255 1256
1257 1265
1257 1260
1258 1261
1258 1262
1259 1263
1259 1264
1260 1265
1260 1261
1261 1262
1262 1263
1263 1264
1264 1265
