0 1110
0 1111
0 104
0 184
1 2
1 107
1 198
1 203
2 3
2 204
3 203
3 99
4 1442
4 1441
4 1338
4 1435
5 752
5 38
5 42
6 1167
6 1332
6 1168
6 1333
7 1255
7 1053
7 1050
7 1056
7 8
8 1164
8 1407
9 393
9 750
9 55
10 21
10 1421
10 1419
11 19
11 332
11 1334
12 49
12 579
12 59
13 1354
13 699
13 664
13 27
14 1197
14 552
14 40
15 194
15 60
15 1184
16 30
16 595
16 1340
17 529
17 995
17 46
18 399
18 394
18 29
19 33
19 197
20 29
20 542
20 393
21 1177
21 1272
22 772
22 37
22 47
23 45
23 37
23 408
24 1186
24 34
24 1221
25 1336
25 525
25 528
26 1416
26 1417
26 476
26 474
27 403
27 700
28 38
28 58
28 1279
29 542
30 542
30 595
31 47
31 52
32 55
32 1335
32 399
33 60
33 197
34 332
34 1221
35 1186
35 474
35 1415
36 590
36 971
36 994
37 751
38 53
39 527
39 1428
39 1427
40 607
40 528
41 532
41 579
41 531
42 53
42 49
43 1198
43 1199
43 1200
44 1053
44 1025
44 1024
45 59
45 554
46 1423
46 981
47 1376
48 550
48 1024
48 558
49 579
50 1200
50 1430
50 1431
51 567
51 595
51 1015
52 773
53 54
54 57
54 393
55 1439
56 1438
56 852
56 388
57 58
57 972
58 1314
59 554
60 1184
61 74
61 64
61 66
62 228
62 69
62 855
63 855
63 68
63 1534
64 72
64 1311
65 81
65 70
65 228
66 73
66 75
67 70
67 81
67 76
67 132
68 79
68 69
69 78
69 70
70 77
71 135
71 76
71 73
71 75
72 74
72 79
73 77
73 74
74 78
75 138
75 1393
76 77
76 130
77 78
78 79
79 1535
80 82
80 842
80 824
80 1309
81 100
81 888
82 1534
82 206
83 824
83 84
83 206
84 824
84 804
84 1312
85 857
85 142
85 888
86 929
86 90
86 91
87 97
87 169
87 92
87 162
88 1452
88 93
88 90
89 1521
89 1377
89 1305
90 93
90 91
91 92
91 232
92 121
92 93
93 97
94 1303
94 1233
94 95
95 96
95 1377
96 1305
96 1306
97 1393
98 802
98 1381
98 1308
99 229
99 214
100 122
100 132
100 142
101 113
101 222
101 1107
102 141
103 202
103 167
103 109
103 233
104 1286
104 213
105 246
105 1316
105 1317
106 139
106 204
106 107
107 128
107 108
108 133
108 205
109 140
109 168
109 110
110 170
110 119
110 230
111 112
111 115
111 150
112 142
112 122
113 859
113 201
114 159
114 120
114 151
114 118
115 116
115 146
115 122
116 123
116 117
116 149
117 118
117 124
117 147
118 148
118 125
119 121
119 171
120 125
120 138
120 157
121 169
122 123
123 132
123 124
124 130
124 125
125 135
126 139
126 204
126 127
126 143
127 144
127 131
127 146
128 129
128 133
128 139
129 131
129 147
129 134
130 135
130 132
131 149
131 139
133 136
133 134
134 137
134 148
135 138
136 137
136 205
136 155
137 1400
137 158
138 153
140 239
140 230
140 233
141 143
141 204
143 144
144 150
145 150
146 149
146 150
147 148
147 149
148 1399
151 1401
151 160
152 160
152 166
152 164
153 162
153 157
154 200
154 1286
154 211
155 158
155 165
155 156
156 205
156 161
156 200
157 159
157 163
158 160
158 166
159 164
159 160
161 218
161 165
161 167
162 163
162 1393
163 164
163 169
164 171
165 168
165 166
166 170
167 168
167 1398
168 170
169 171
170 171
172 1170
172 938
172 1319
173 963
173 419
173 1124
174 965
174 967
174 963
175 968
175 967
175 422
175 1130
176 944
176 1138
176 970
177 469
177 1138
177 503
178 725
178 736
178 1509
179 483
179 400
179 482
180 815
180 480
180 814
181 1258
181 814
181 473
182 472
182 431
182 1362
183 1112
183 207
183 214
184 1108
184 887
185 216
185 224
185 186
185 221
186 202
186 222
187 219
187 770
187 1109
187 212
188 190
188 1517
188 1212
189 1212
189 191
189 1235
190 191
190 1212
191 192
192 1235
192 1236
193 1221
193 194
193 774
194 774
195 460
195 396
195 395
196 197
196 1332
196 1334
198 205
198 199
199 200
199 208
199 203
200 226
201 237
201 233
201 202
202 1398
203 1112
206 1535
207 1111
207 215
207 1110
208 210
208 209
209 210
209 1111
210 1286
211 213
211 217
212 217
212 213
214 1285
215 1307
215 1285
216 225
216 219
216 223
217 225
218 223
218 1398
218 226
219 220
220 221
220 1107
221 222
223 224
224 1398
225 226
227 770
228 890
229 229
230 232
230 238
231 255
231 872
231 272
232 876
233 240
234 240
234 883
234 243
234 868
235 922
235 921
235 859
236 874
236 876
236 238
237 243
237 862
237 240
238 239
238 272
239 271
239 240
241 256
241 1463
241 880
242 880
242 928
242 272
243 918
243 362
244 257
244 1319
244 1171
245 834
245 250
245 1314
246 886
246 884
247 916
247 974
247 366
247 363
248 363
248 920
248 923
249 865
249 864
249 273
250 251
250 834
251 870
251 1538
252 1538
252 1437
252 1327
253 254
253 361
253 1437
254 933
254 361
255 884
255 871
256 872
256 257
257 940
257 939
258 1463
258 1321
258 1323
259 1320
259 261
259 1318
260 270
260 1222
260 263
261 264
261 1190
261 1222
262 264
262 936
262 852
263 878
263 1328
263 467
264 377
265 1191
265 766
265 929
266 766
266 1328
266 1191
267 269
267 268
267 1174
268 1190
268 1174
269 270
269 1175
270 766
271 883
271 869
271 272
273 916
273 364
273 362
274 280
274 1378
274 286
275 276
275 296
275 277
276 1308
276 1395
276 1381
277 281
277 287
278 281
278 286
278 287
279 281
279 282
279 285
280 1395
280 282
282 283
284 285
285 286
287 1229
288 349
288 346
288 289
289 346
289 290
289 1158
290 297
290 346
290 1229
291 1158
291 297
291 292
292 293
292 296
293 294
293 295
294 295
294 1158
295 912
296 297
298 301
298 1379
298 1004
299 315
299 311
300 301
301 906
302 748
302 910
302 906
303 748
303 907
303 307
304 307
304 308
304 908
305 308
306 307
308 309
309 313
309 909
310 313
310 314
310 311
311 911
311 1412
312 313
315 910
316 610
316 841
316 322
317 841
317 843
317 1219
317 1360
318 320
318 1224
318 1281
319 320
319 838
319 1284
320 323
321 322
321 323
321 838
322 327
323 840
324 326
324 325
324 840
325 840
325 1527
326 842
326 1360
328 329
329 760
329 629
330 331
331 844
331 843
332 1413
333 999
333 1007
333 336
334 777
334 778
334 1229
335 785
335 777
335 786
336 784
336 337
337 1156
338 339
338 457
338 958
339 340
339 341
340 1097
340 957
341 959
341 342
342 352
342 1375
343 344
343 1373
343 1102
344 1104
344 1157
345 949
345 353
345 354
345 374
346 1229
346 1329
347 463
347 854
347 355
348 350
348 912
348 1386
349 912
349 1387
350 1195
350 1385
351 854
351 356
351 465
351 466
352 354
352 778
353 463
353 357
354 357
354 1329
355 357
355 356
355 1386
356 1230
356 1385
357 1387
358 360
358 1334
358 1413
359 360
359 1186
359 1413
360 1412
361 930
362 917
363 919
364 863
364 367
365 373
365 1032
365 366
366 369
367 373
367 371
368 371
368 372
368 369
369 372
370 371
370 372
370 373
374 378
374 457
375 381
375 379
375 852
375 376
376 377
376 465
377 467
378 1070
378 382
378 381
379 853
379 382
379 380
380 465
380 461
381 382
381 1499
382 383
383 464
383 949
384 1063
384 385
384 1071
385 386
385 1106
386 387
386 1072
387 387
388 1439
388 1335
389 1438
389 1061
389 390
390 1071
390 391
391 1105
391 1071
392 1068
392 1070
392 1069
394 399
394 1060
395 1027
396 397
396 1059
397 1470
397 1074
398 1022
398 566
398 1471
400 490
400 491
401 678
401 677
401 1542
402 759
402 757
402 1298
402 403
403 679
404 1178
404 645
404 1272
404 754
405 828
405 1365
405 1209
406 1290
407 1287
408 409
408 1376
409 554
409 1519
410 630
410 1204
410 411
411 1210
411 1206
412 447
412 850
413 1238
413 1236
413 417
414 1352
414 1243
414 418
415 1352
416 418
417 1239
417 1242
418 1352
419 420
419 1517
421 424
421 423
421 422
422 423
423 425
424 727
424 730
426 427
427 1234
427 727
428 431
428 813
428 429
429 431
429 430
430 430
432 1126
432 435
432 730
433 435
433 434
433 827
435 436
437 438
438 439
438 1345
439 1414
439 1347
440 443
441 1414
442 1226
442 1227
442 1350
442 1349
443 1414
443 1227
443 1348
444 449
444 1226
444 835
445 446
445 448
445 450
446 1254
446 831
447 1183
447 833
448 1152
448 1144
449 1152
449 833
450 450
451 1344
451 456
451 851
451 455
452 851
452 456
452 1182
453 456
454 455
454 851
454 1182
455 849
457 458
459 1081
459 1100
459 1102
460 1228
460 1166
460 1168
461 462
461 854
462 463
462 464
462 853
464 853
466 467
466 878
468 1215
468 1397
468 1165
469 755
469 505
470 521
470 514
470 510
471 622
471 617
471 714
472 1361
472 1362
473 1258
473 1257
474 1415
475 475
475 1415
476 996
476 998
477 479
478 479
479 1419
480 484
480 816
481 482
482 1260
482 816
484 488
484 485
485 1260
485 488
486 1260
486 498
486 489
487 495
488 495
489 498
489 742
490 742
490 491
491 492
492 493
492 1472
493 493
494 495
495 1162
496 497
496 1268
496 1264
498 1264
499 1364
500 1162
501 645
502 754
503 1510
503 1451
504 755
504 1363
504 1367
505 1161
505 508
506 722
506 717
506 755
507 509
507 946
507 508
508 509
509 718
510 513
510 755
511 513
512 513
514 520
514 516
515 518
516 518
516 519
517 519
518 519
522 547
522 534
522 586
523 592
523 603
523 577
524 606
524 605
524 559
525 576
525 585
526 529
526 581
527 557
527 602
528 604
530 572
530 538
530 570
530 535
531 971
531 601
532 532
533 1021
533 1023
533 580
534 1020
534 567
535 582
535 537
535 572
536 540
536 584
537 538
537 557
538 547
538 544
539 582
540 545
541 569
541 558
541 847
543 593
544 591
544 1012
545 593
545 578
546 601
546 590
546 608
547 597
548 600
548 548
549 561
549 596
549 556
551 570
551 597
551 580
553 599
553 559
555 589
555 602
555 982
556 592
556 603
557 1012
558 1341
559 585
560 847
560 1028
560 573
561 587
561 1533
562 1425
562 1497
562 1199
562 1498
563 608
564 596
564 565
564 1531
565 592
565 577
566 1020
566 586
567 600
568 606
568 605
568 599
569 1432
569 598
570 597
571 608
572 580
574 1459
575 1029
576 981
576 1423
577 592
581 1531
581 1211
582 1016
583 601
584 589
584 1337
585 1440
586 1023
587 1507
587 596
588 1336
589 593
590 971
591 600
591 1015
594 1498
594 1459
594 1198
598 846
598 1441
599 606
602 1481
602 1341
603 1506
604 1369
604 1337
605 1423
609 611
609 1283
609 1444
610 1283
610 612
611 1058
611 612
612 1358
613 617
614 747
614 763
614 621
614 620
615 622
615 618
615 617
616 760
616 1273
616 1220
618 619
618 763
619 623
619 632
620 625
620 624
620 1277
622 711
622 715
624 1530
624 763
626 627
626 765
626 1310
627 1312
627 764
628 629
628 628
629 1515
630 631
630 1338
632 633
632 747
634 638
634 656
634 670
635 659
636 639
636 1418
636 653
637 655
637 665
637 643
638 648
638 642
640 650
640 654
640 660
641 666
641 673
641 671
643 1177
643 1246
644 668
644 672
644 670
645 1420
646 1445
646 663
646 761
647 1516
647 1515
647 670
649 659
651 679
651 658
651 667
652 663
652 1515
652 661
655 657
655 662
655 658
657 662
657 837
657 658
659 668
660 669
660 663
661 668
661 672
662 1179
665 707
665 667
667 688
669 671
669 673
671 1223
672 674
673 1469
675 716
675 676
675 1161
677 716
677 1287
678 756
678 820
679 1271
680 698
680 684
680 1355
681 1354
681 695
682 695
683 686
683 703
683 684
684 705
685 1474
685 706
685 756
687 706
688 701
688 690
689 694
690 696
690 704
691 702
692 701
693 823
693 699
693 757
694 706
694 699
695 708
697 1271
698 1269
701 709
702 762
702 760
710 1540
710 714
711 763
711 1529
712 715
713 1278
713 715
713 1529
716 721
717 719
717 947
718 722
718 720
721 723
721 947
722 946
724 726
724 744
724 941
725 1451
725 941
725 743
727 729
728 730
731 744
732 741
732 738
732 733
733 741
733 1366
734 941
734 744
734 737
735 740
735 742
735 745
736 739
736 1472
738 1366
738 1367
741 1366
746 747
748 907
749 1460
749 750
751 752
751 753
752 753
753 962
754 1445
756 1269
757 758
761 1462
761 1179
762 1219
762 1220
764 1380
764 1312
765 1310
765 1396
766 1476
767 1285
767 1307
767 769
768 1307
768 1110
768 770
771 962
771 773
771 772
772 773
774 1185
775 778
776 777
779 1262
779 785
779 793
780 789
781 1402
781 786
781 792
781 1403
782 784
783 1402
783 788
783 1411
784 1262
785 790
786 791
787 788
788 789
789 1403
794 1145
794 1511
794 1215
795 797
795 799
795 796
796 1370
796 1371
797 800
797 1164
798 799
799 801
802 803
802 891
803 804
803 893
803 899
804 901
805 846
805 806
805 986
806 807
806 809
807 846
807 848
808 989
808 808
808 987
809 987
809 1491
810 1259
810 811
810 1165
810 1409
812 814
813 816
813 1234
817 1511
817 818
817 1217
819 1184
819 1477
819 1217
820 951
820 821
821 1524
821 1474
822 1296
822 1288
822 1447
823 1474
823 1447
825 827
826 827
828 1207
829 1180
829 1344
829 830
832 833
834 1317
835 1116
835 836
836 1145
836 1114
837 1244
837 1245
838 1443
839 1176
839 1245
839 1244
841 1358
842 1225
843 1540
844 845
844 1196
847 1146
848 1140
848 1150
850 1344
855 856
858 877
859 860
860 914
860 861
862 913
862 926
863 864
863 885
864 886
865 881
865 867
866 867
867 868
868 881
869 882
869 884
870 940
870 871
871 872
873 1173
873 875
873 1324
874 877
874 928
875 928
875 929
876 877
878 1330
878 1392
879 1389
879 1384
879 1193
880 1324
881 882
882 883
885 1280
885 1315
886 1011
888 889
891 892
891 1310
892 894
894 895
895 898
895 953
896 899
897 1313
899 1313
900 903
901 956
901 954
902 904
903 904
903 1313
904 905
906 907
910 1412
913 921
913 914
914 921
915 916
916 917
917 918
917 919
918 920
918 926
919 927
919 920
920 924
921 925
922 923
922 925
923 924
924 925
925 926
929 1173
931 935
932 933
933 1327
934 935
935 937
936 937
936 938
937 939
938 1170
939 940
942 943
943 1133
943 968
945 946
947 948
949 950
952 953
953 954
954 955
957 1088
957 1095
958 959
958 960
959 961
962 975
963 964
965 965
966 967
968 969
970 1133
970 1134
972 1460
973 1039
974 1045
974 1035
975 975
976 977
977 994
977 995
978 980
979 980
980 981
982 985
982 983
983 984
983 1424
987 988
990 1466
990 991
992 994
993 995
996 1187
996 998
997 998
999 1333
999 1000
1001 1002
1002 1010
1002 1003
1003 1004
1003 1411
1004 1411
1005 1266
1006 1008
1007 1008
1007 1266
1008 1010
1009 1010
1012 1013
1014 1015
1017 1018
1018 1019
1018 1020
1021 1022
1021 1023
1022 1025
1024 1029
1025 1026
1027 1470
1029 1030
1030 1255
1030 1201
1031 1490
1031 1464
1031 1492
1031 1491
1033 1034
1034 1036
1034 1035
1035 1036
1036 1037
1038 1039
1039 1042
1040 1042
1041 1043
1042 1043
1043 1045
1044 1045
1046 1051
1046 1256
1046 1056
1046 1047
1047 1052
1047 1256
1048 1049
1049 1053
1049 1050
1050 1256
1054 1055
1055 1169
1055 1056
1057 1058
1058 1358
1059 1074
1059 1075
1060 1471
1060 1062
1061 1064
1061 1325
1063 1066
1063 1065
1064 1065
1064 1325
1065 1066
1066 1067
1067 1077
1067 1069
1068 1325
1068 1069
1070 1326
1072 1077
1072 1073
1073 1079
1073 1074
1074 1326
1075 1076
1075 1094
1076 1082
1076 1084
1077 1079
1078 1081
1079 1080
1079 1326
1081 1084
1083 1085
1084 1085
1085 1087
1086 1091
1089 1102
1090 1091
1091 1095
1092 1094
1093 1228
1093 1100
1093 1101
1094 1096
1095 1097
1096 1099
1096 1098
1097 1099
1099 1104
1100 1101
1101 1103
1104 1375
1107 1514
1111 1112
1113 1114
1114 1235
1115 1116
1115 1153
1115 1154
1116 1343
1117 1120
1118 1119
1119 1120
1119 1122
1120 1121
1121 1123
1121 1122
1122 1124
1123 1126
1123 1124
1125 1126
1127 1288
1127 1290
1127 1489
1128 1129
1129 1131
1129 1134
1130 1287
1130 1131
1131 1135
1132 1133
1134 1135
1134 1353
1135 1353
1136 1137
1137 1138
1137 1155
1139 1140
1139 1146
1139 1142
1140 1141
1143 1477
1144 1342
1144 1145
1146 1147
1147 1148
1147 1151
1148 1149
1149 1150
1150 1465
1151 1536
1151 1465
1152 1153
1153 1154
1154 1343
1156 1228
1159 1160
1160 1161
1160 1353
1162 1163
1164 1370
1165 1166
1166 1397
1167 1404
1167 1168
1170 1318
1171 1319
1171 1321
1172 1323
1172 1322
1172 1456
1173 1456
1173 1476
1174 1188
1175 1175
1176 1176
1177 1246
1178 1272
1178 1246
1178 1179
1179 1246
1181 1182
1183 1254
1183 1252
1185 1186
1185 1242
1188 1190
1188 1189
1190 1222
1191 1496
1191 1452
1192 1195
1192 1385
1192 1384
1192 1193
1193 1390
1194 1231
1194 1392
1194 1391
1195 1232
1197 1424
1197 1497
1198 1199
1199 1426
1200 1426
1201 1464
1201 1202
1203 1255
1204 1205
1204 1206
1205 1448
1205 1449
1206 1449
1208 1376
1209 1365
1210 1466
1213 1342
1214 1215
1216 1217
1218 1219
1220 1274
1223 1512
1223 1458
1226 1504
1230 1391
1230 1372
1231 1390
1231 1389
1232 1382
1232 1384
1233 1382
1233 1303
1236 1237
1237 1238
1237 1241
1238 1241
1238 1239
1239 1240
1239 1243
1240 1242
1240 1243
1241 1352
1244 1245
1247 1248
1248 1483
1248 1249
1249 1250
1249 1252
1251 1252
1253 1254
1258 1362
1261 1264
1262 1263
1265 1268
1266 1267
1268 1364
1270 1271
1273 1274
1273 1275
1274 1276
1275 1276
1275 1277
1276 1528
1276 1278
1277 1278
1278 1530
1279 1314
1279 1280
1280 1315
1281 1356
1281 1284
1282 1357
1283 1443
1284 1357
1287 1489
1288 1289
1289 1291
1289 1292
1290 1292
1290 1294
1291 1293
1291 1295
1292 1295
1292 1488
1293 1296
1293 1297
1294 1488
1294 1417
1295 1297
1295 1299
1296 1298
1297 1300
1297 1298
1298 1301
1299 1488
1299 1300
1300 1487
1301 1302
1301 1487
1303 1304
1304 1306
1304 1394
1305 1377
1306 1394
1308 1394
1309 1381
1309 1395
1311 1396
1311 1380
1315 1316
1316 1317
1318 1320
1320 1322
1321 1323
1322 1456
1324 1463
1327 1437
1328 1330
1329 1387
1330 1505
1330 1331
1331 1522
1331 1496
1332 1333
1335 1439
1335 1438
1336 1368
1337 1523
1338 1435
1339 1431
1339 1340
1339 1429
1340 1429
1341 1481
1342 1408
1343 1482
1345 1346
1345 1347
1346 1502
1346 1347
1349 1414
1349 1500
1350 1525
1350 1351
1356 1444
1356 1357
1359 1360
1363 1510
1364 1485
1365 1448
1367 1451
1369 1369
1370 1409
1374 1375
1378 1379
1380 1396
1381 1395
1382 1383
1383 1384
1383 1388
1385 1386
1386 1387
1389 1390
1391 1392
1397 1404
1399 1400
1399 1401
1400 1401
1402 1403
1404 1405
1406 1408
1407 1408
1407 1490
1409 1410
1415 1416
1416 1484
1417 1484
1417 1418
1418 1419
1419 1421
1420 1422
1420 1421
1421 1422
1422 1484
1424 1425
1425 1426
1427 1428
1427 1430
1428 1429
1430 1431
1432 1454
1432 1433
1433 1454
1433 1442
1433 1453
1434 1436
1434 1481
1434 1454
1435 1455
1436 1453
1436 1454
1440 1523
1441 1442
1442 1455
1443 1444
1445 1446
1447 1489
1448 1449
1450 1450
1450 1451
1452 1521
1453 1455
1457 1512
1459 1508
1461 1469
1462 1462
1464 1536
1465 1492
1466 1467
1468 1469
1470 1471
1472 1473
1475 1476
1477 1478
1478 1479
1478 1480
1486 1487
1490 1491
1492 1493
1494 1496
1494 1521
1494 1495
1497 1498
1500 1501
1500 1503
1501 1503
1501 1502
1502 1504
1503 1504
1506 1533
1506 1508
1507 1533
1507 1508
1511 1518
1512 1513
1517 1526
1519 1520
1529 1530
1531 1532
1534 1535
1536 1537
1538 1539
1540 1541
