0 462
0 305
0 651
1 317
1 432
2 326
2 96
2 513
3 319
3 753
3 217
4 23
4 21
4 68
5 22
5 23
5 313
6 315
6 432
6 753
7 306
7 308
7 290
8 11
8 15
8 310
9 10
9 465
10 465
10 151
11 307
11 290
12 370
12 464
12 465
13 14
13 133
13 689
14 361
14 124
15 714
15 145
16 232
16 455
16 307
17 301
17 18
17 455
18 290
18 214
19 213
19 214
19 453
20 632
20 310
20 212
21 461
21 314
22 306
22 308
23 311
24 341
24 490
24 488
25 486
25 31
25 489
26 110
26 464
27 616
27 36
27 35
28 558
28 539
28 44
28 273
29 272
29 768
29 33
30 32
30 31
30 33
31 768
32 285
32 489
33 491
34 493
34 286
34 285
35 770
35 74
35 175
36 42
36 39
36 41
37 603
37 536
37 557
37 610
38 106
38 55
38 39
39 40
41 42
41 274
41 493
42 491
43 492
44 557
45 272
46 724
46 106
46 54
47 48
47 724
47 723
48 274
48 725
49 50
49 725
49 734
50 747
50 749
51 52
51 57
51 63
51 56
52 749
52 627
53 720
54 522
54 192
56 286
56 756
57 564
57 118
58 59
58 564
58 563
59 568
59 570
60 470
60 146
60 149
60 515
61 186
61 737
61 187
61 197
62 729
63 728
63 628
64 211
64 629
64 630
65 218
65 219
65 289
65 630
66 221
66 67
66 289
67 158
67 639
68 156
68 460
69 332
69 292
69 445
69 199
70 333
70 594
70 329
71 333
71 72
71 340
72 588
72 197
73 97
73 522
73 194
74 166
74 75
74 550
75 76
75 516
76 77
76 252
77 535
77 78
78 79
78 89
79 521
79 776
79 533
80 81
80 176
80 84
80 116
81 86
81 82
82 83
82 534
83 700
83 530
83 482
84 542
84 85
85 103
85 86
86 87
86 88
87 102
87 88
88 534
89 534
89 605
90 91
90 93
90 92
91 751
91 593
92 255
92 252
93 261
93 94
94 174
94 554
95 587
95 172
95 96
95 556
96 513
97 588
97 587
98 496
98 497
98 521
99 608
99 550
99 100
100 770
100 612
101 609
101 606
101 608
102 603
102 103
102 602
103 104
104 545
104 547
105 548
105 111
105 546
106 175
107 479
107 108
107 271
108 342
108 348
109 342
109 269
109 110
110 369
111 112
111 546
112 115
112 551
112 113
113 114
113 551
114 541
114 270
115 116
115 541
116 541
117 118
117 628
117 570
118 628
119 504
119 592
119 179
120 121
120 504
120 772
121 502
121 122
122 498
122 597
123 596
124 125
124 361
125 414
125 155
126 420
126 778
126 712
127 141
127 670
127 376
128 647
128 129
128 650
129 130
129 650
130 247
130 131
131 132
131 427
132 586
132 427
133 136
133 689
134 473
134 687
134 688
135 165
135 623
135 624
136 715
136 473
137 138
137 145
137 142
138 424
138 386
139 387
139 424
139 697
140 674
140 387
140 362
141 674
141 400
142 165
142 143
143 147
143 144
144 145
144 714
146 147
146 471
147 622
148 707
148 346
148 708
149 153
149 566
150 716
150 562
150 468
151 713
151 152
152 514
152 713
153 561
153 469
154 590
154 756
154 466
155 406
155 165
156 159
156 158
157 457
157 215
157 159
158 457
159 460
160 507
160 161
161 162
162 163
162 506
163 505
164 519
164 281
164 619
166 167
166 537
167 168
167 614
167 259
168 250
168 169
168 555
169 522
169 517
170 261
170 517
170 171
171 173
171 553
172 554
172 556
173 556
173 553
174 553
174 554
175 555
176 438
176 177
177 280
177 281
178 600
178 503
178 598
179 501
179 601
180 476
180 182
181 182
182 598
183 194
183 589
183 494
184 193
184 185
184 736
185 189
185 186
187 188
187 202
188 322
188 202
190 736
190 191
191 194
191 192
192 560
193 589
193 195
195 494
195 589
196 198
196 197
196 494
199 472
199 209
200 202
200 201
200 208
201 731
201 727
203 523
203 322
203 333
204 205
204 523
204 206
205 265
205 442
206 209
206 524
207 524
208 472
208 334
209 472
210 632
210 453
210 633
212 631
212 632
213 635
213 309
214 454
215 639
215 222
215 638
216 217
216 753
216 461
217 461
218 633
218 634
219 220
219 637
219 221
221 222
221 223
222 638
224 525
224 231
224 695
225 226
225 331
225 525
227 325
228 230
228 229
228 324
232 455
232 233
233 234
233 365
234 583
234 365
235 236
235 459
235 241
236 237
236 459
237 238
237 429
238 427
238 429
239 429
239 240
239 586
240 586
241 458
241 585
242 584
242 456
242 243
243 244
243 583
244 353
244 583
245 585
245 645
245 647
246 692
246 649
246 648
247 686
247 248
247 692
248 428
248 430
248 249
249 426
250 251
251 254
251 259
251 257
252 257
253 255
253 258
253 254
254 256
255 256
256 257
257 607
258 261
258 517
259 537
260 605
260 550
260 604
262 329
262 444
262 595
263 267
263 444
263 510
264 510
264 320
265 443
265 442
266 595
266 443
266 445
267 297
267 330
268 297
268 295
268 450
269 270
271 549
271 548
272 539
273 559
273 616
274 750
275 493
276 503
276 280
277 278
278 279
278 592
279 592
279 508
279 482
281 284
282 283
282 596
282 597
285 286
287 288
288 636
288 289
291 296
291 294
291 293
292 694
292 296
293 638
293 696
294 451
294 295
295 296
297 332
298 701
298 448
298 449
299 315
299 446
299 448
300 447
300 431
300 446
301 318
301 755
302 321
302 642
302 651
303 304
303 321
303 643
304 652
304 653
305 651
305 306
307 454
309 310
309 311
311 312
312 314
313 314
313 463
315 316
315 432
317 320
317 335
318 652
318 640
319 460
319 701
320 431
321 653
322 327
323 334
323 693
323 331
324 325
324 334
325 331
326 335
326 441
327 327
328 330
328 332
329 594
335 441
336 339
337 338
338 441
338 340
339 512
339 340
341 346
341 344
342 343
343 348
343 345
344 347
344 773
345 551
345 348
346 347
347 757
349 353
350 364
351 358
351 355
351 352
351 573
353 360
354 362
355 754
355 360
356 711
356 414
356 710
357 582
357 660
357 456
358 359
358 574
359 576
359 363
360 366
361 624
362 364
363 578
363 580
364 576
365 459
366 367
366 518
368 370
369 370
369 371
372 676
372 401
372 373
373 699
373 378
374 668
374 777
374 383
375 678
375 434
375 393
376 656
376 668
376 415
377 419
377 664
377 663
378 399
378 656
379 388
379 405
379 381
380 417
380 390
380 658
381 665
381 680
381 411
382 683
382 684
382 402
383 415
383 711
384 690
384 664
384 416
385 665
385 396
385 423
385 767
386 407
386 406
387 424
388 413
388 403
389 392
389 690
389 405
390 659
390 399
391 417
392 403
392 416
393 682
393 397
394 395
394 396
394 419
395 767
395 408
396 405
397 682
397 683
397 412
398 422
398 685
398 691
399 766
400 641
400 418
401 409
401 425
402 683
402 409
403 422
404 685
404 410
404 412
406 571
407 666
407 667
408 663
408 658
409 434
409 435
410 422
410 412
411 421
411 665
412 413
413 422
413 681
414 415
416 691
417 658
418 663
418 664
419 690
420 670
420 667
421 423
421 678
423 766
423 434
425 676
425 677
430 686
431 701
433 482
433 529
433 483
436 464
436 715
436 621
437 440
438 439
438 440
439 440
442 594
443 445
444 595
446 448
447 449
447 450
449 451
450 451
452 634
452 635
452 636
453 454
456 584
457 639
458 585
458 584
462 463
466 467
466 561
467 468
467 561
468 562
469 515
469 567
470 515
470 569
470 471
471 569
473 707
474 475
475 476
477 706
477 478
477 481
478 480
478 479
479 480
480 485
481 485
481 486
483 484
483 540
484 540
484 776
485 487
486 487
487 488
488 490
489 490
491 492
492 493
495 497
495 496
495 593
496 593
497 520
498 499
499 502
499 501
500 501
500 500
502 772
504 505
505 506
506 507
507 508
509 627
510 511
514 566
514 565
515 567
516 537
516 607
520 521
520 540
523 524
525 526
526 527
527 528
529 530
529 531
530 532
531 776
531 775
531 532
532 775
533 775
536 702
536 705
537 759
538 539
542 544
542 543
543 544
543 545
544 546
545 547
547 548
549 704
549 703
552 555
557 558
558 768
562 565
563 590
563 564
565 566
567 568
568 569
572 573
573 574
574 697
575 576
577 578
578 579
580 581
580 660
587 588
590 591
591 591
592 615
596 597
598 599
599 600
599 601
600 601
603 604
603 605
604 606
606 608
609 611
609 610
610 611
611 612
612 613
616 618
617 618
618 769
619 758
620 758
623 688
623 624
625 626
625 771
626 627
629 743
629 631
630 631
633 634
635 636
640 643
640 642
641 646
641 644
642 643
644 646
644 645
645 647
646 648
648 649
649 650
652 655
653 654
656 657
659 767
659 765
660 662
661 765
661 764
661 766
667 709
668 777
669 673
670 779
671 672
672 673
672 675
673 674
676 677
678 679
679 680
679 681
680 681
681 682
685 686
687 689
687 688
691 692
694 696
694 695
695 696
697 698
699 699
702 703
702 705
703 704
704 706
705 706
707 708
708 716
709 710
709 778
710 711
712 778
712 777
713 714
715 718
716 717
719 748
720 727
720 748
721 727
722 744
722 741
722 737
723 745
723 735
724 761
725 739
726 745
728 733
728 743
729 744
729 736
730 743
732 750
732 740
734 735
734 747
735 741
737 747
737 742
738 742
739 740
739 762
741 745
742 746
744 760
748 749
749 750
751 752
756 773
763 764
764 765
773 774
