0 2262
0 1
0 1589
1 2
1 1443
2 1607
2 790
2 1374
3 1418
3 805
3 36
4 2380
4 1358
4 1324
5 1812
5 2017
5 2402
6 2402
6 796
6 2404
7 1824
7 1820
7 1823
7 1825
8 2387
8 1395
8 1444
9 1804
9 10
9 1805
9 1808
10 1803
10 1804
11 1800
11 1433
11 1444
12 2662
12 1421
12 2658
12 1448
13 1795
13 1451
13 2160
14 1892
14 1899
14 1895
15 2047
15 2159
15 2158
15 2050
16 387
16 59
16 253
16 274
17 2112
17 1429
17 2114
18 1859
18 2410
18 2405
19 1392
19 2035
19 1857
20 1858
20 2228
20 2407
21 2719
21 2721
21 22
22 588
22 590
23 396
23 2151
23 400
24 2189
24 1905
24 1906
25 2553
25 394
25 2154
26 2216
26 2217
26 818
27 2277
27 225
27 226
28 1750
28 1755
28 1742
29 1376
29 2288
29 1394
30 1427
30 2292
30 2291
31 2119
31 32
31 1427
32 1286
32 1300
33 808
33 2407
33 2408
34 1856
34 1320
35 1223
35 1367
35 1324
36 1500
36 1367
37 1903
37 70
37 2638
38 1901
38 789
38 1902
39 1453
39 1379
39 1383
39 46
40 1281
40 1270
40 2627
41 1257
41 799
41 800
42 1262
42 2283
42 2281
43 1436
43 1312
43 1252
44 2114
44 1332
44 1280
44 1228
45 1327
45 2116
46 1803
46 1372
47 940
47 2268
47 49
48 49
48 943
48 2268
49 927
50 1788
50 1900
50 1901
51 1786
51 1783
51 2754
52 1783
52 2728
52 2665
53 2728
53 1781
53 54
54 1776
54 1777
55 2636
55 56
55 2614
56 1503
57 2405
57 2035
57 2107
58 1958
58 2025
58 2026
59 388
59 257
59 313
60 61
60 469
60 69
61 587
61 447
62 2127
62 2098
62 2484
63 1661
63 64
63 1660
64 2098
64 2128
65 66
65 67
65 271
65 273
66 266
66 270
66 68
67 274
67 275
67 68
68 264
68 2034
69 485
69 2470
70 1431
70 1795
71 1785
71 1790
72 2323
72 2462
72 1888
73 74
73 1850
73 1853
74 1844
74 1848
75 76
75 1838
75 2453
76 2262
76 1536
77 78
77 1832
78 1459
78 1829
79 1206
79 2351
80 2346
80 2359
80 81
81 2357
81 82
82 1083
82 2693
83 2350
83 84
83 1292
84 2018
85 2574
85 2238
85 86
86 87
86 1608
87 2428
87 1274
88 1062
88 1617
88 2237
89 1133
89 1066
89 1060
90 1095
90 1014
90 1066
90 91
91 895
91 886
92 1077
92 2345
92 1129
93 1543
93 902
93 1018
94 95
94 2546
94 2547
95 2338
95 2090
96 1867
96 2091
96 97
97 1867
97 1868
98 1869
98 2210
99 100
99 2339
99 2337
101 2724
101 2725
101 2244
102 2398
102 2578
102 322
102 2105
103 2109
103 106
103 2399
104 2046
104 322
104 2041
105 2398
105 107
105 2399
106 107
106 122
107 309
108 189
108 141
108 138
109 110
109 2040
109 2039
110 140
110 112
111 323
111 112
111 2040
112 151
113 141
113 191
113 114
113 321
114 1775
114 321
114 353
115 2672
115 116
115 2109
116 118
116 2108
116 130
117 118
117 2672
117 119
118 120
120 127
120 128
121 132
121 124
121 2671
122 2671
122 309
122 124
123 145
123 308
123 307
124 125
125 133
125 131
126 168
126 134
126 309
127 129
127 132
128 130
128 129
129 2247
130 2247
131 132
131 348
133 134
133 325
134 324
135 165
135 169
135 146
136 2218
136 237
136 170
137 225
137 183
137 2047
138 2037
138 183
138 190
139 186
139 187
139 194
139 231
140 148
140 1775
140 141
141 2039
142 353
142 143
142 191
143 192
143 193
144 194
144 233
144 200
145 150
145 160
146 165
146 308
147 152
147 148
147 155
148 149
149 159
149 1775
149 155
150 163
150 2415
151 156
151 2415
152 153
152 156
153 157
153 155
153 154
154 164
154 161
155 158
156 2415
156 163
160 167
160 161
160 165
161 162
161 163
165 169
166 206
168 331
168 324
169 1685
170 218
170 2157
171 212
171 218
171 172
171 220
172 239
172 173
172 219
173 240
173 177
173 178
174 175
174 228
174 176
174 239
175 196
175 229
175 240
176 220
176 211
176 222
177 178
177 182
178 320
179 2666
179 317
179 215
180 181
180 1752
180 182
180 216
181 2393
181 2395
182 2710
183 227
184 222
184 197
184 221
184 223
185 187
185 186
185 190
185 227
186 226
186 221
187 202
187 188
188 190
188 192
188 203
189 190
189 192
189 191
191 321
192 193
193 204
193 203
194 202
194 232
195 2396
195 196
195 234
196 241
196 230
197 231
197 198
197 228
198 199
198 232
198 229
199 230
199 234
199 233
200 201
200 202
201 203
201 204
202 203
204 354
205 2042
205 2043
205 2044
206 1753
206 2044
207 208
207 1693
207 1727
207 1753
208 209
208 1681
209 2635
209 1756
210 2157
210 310
210 2052
210 2159
211 224
211 214
211 2275
212 214
212 2049
212 213
213 2156
213 218
214 2048
214 220
215 1766
215 217
215 316
216 320
216 1766
217 2477
217 238
217 260
218 219
219 2219
221 231
222 224
222 228
223 226
223 224
223 2277
224 2276
225 227
228 229
229 230
230 234
231 232
232 233
235 285
235 236
235 2477
235 2709
236 238
236 283
237 256
237 260
237 312
238 312
238 257
239 240
240 241
241 2710
242 291
242 290
242 314
242 2295
243 245
243 2168
243 244
244 302
244 2183
244 2712
245 246
245 302
246 252
246 261
247 258
247 1880
247 263
248 2180
248 306
248 2016
249 251
249 2034
249 2319
249 2732
250 2320
250 264
250 2034
251 2184
251 2181
252 266
252 267
252 270
253 254
253 255
254 273
254 274
255 273
255 258
255 288
256 289
256 313
256 311
257 311
257 389
258 272
258 287
259 1880
259 1881
259 2046
260 320
260 2218
261 262
261 270
262 271
262 263
263 272
264 275
265 2183
265 268
265 2184
266 268
266 2034
267 302
267 2183
267 268
268 269
270 271
271 272
272 273
274 276
275 276
276 387
277 278
277 389
277 283
278 281
278 284
278 279
279 280
279 2475
280 2321
280 281
281 282
282 393
282 284
283 284
284 285
285 286
286 395
286 2155
287 288
287 2158
288 289
289 2052
290 563
290 2655
291 1769
291 318
292 319
292 2667
292 2666
293 294
294 2246
294 2092
295 296
295 1773
295 1769
296 1772
296 297
297 1757
297 534
298 299
298 2094
298 1757
300 2302
300 2481
300 2752
301 2303
301 1389
301 2305
303 2502
303 2169
303 2167
304 2242
304 1909
304 2167
305 2712
305 2179
305 2016
306 2712
306 2182
306 2183
307 309
307 308
310 2050
310 2156
311 313
311 312
314 318
314 315
314 317
315 316
315 2476
316 317
317 319
318 319
320 2219
322 2041
323 2041
323 2038
324 325
325 326
326 351
326 348
327 329
327 334
327 1697
328 330
328 329
328 331
329 331
330 1685
330 1683
332 352
332 334
332 1697
333 2694
333 342
333 1690
334 1682
335 338
335 336
335 342
336 342
336 1690
337 2225
337 2223
337 2696
338 798
338 340
339 351
340 341
340 793
341 1693
341 1689
342 1689
343 1680
343 1684
343 344
344 345
344 1691
345 1688
345 346
346 1737
346 1711
346 1730
347 348
347 350
347 2247
349 350
350 351
352 356
352 2226
353 354
354 355
355 356
355 2043
356 792
357 359
357 792
357 2667
358 2394
358 793
358 375
359 2752
359 373
360 1764
360 1765
360 2766
361 367
361 2766
361 363
362 364
363 375
363 2239
364 365
364 2481
365 368
365 371
366 742
366 2241
366 392
367 372
367 2650
368 369
368 370
371 544
371 374
373 382
373 2240
375 2261
376 1510
376 595
376 384
377 378
377 561
377 2431
378 731
378 728
379 735
379 463
379 526
380 531
380 541
380 537
381 2708
381 546
381 542
382 586
382 383
383 507
383 586
384 385
384 2628
385 2668
385 757
386 758
386 507
386 1623
387 388
388 2736
389 2475
389 2736
390 1115
390 2652
390 2124
391 2240
391 2302
391 2416
392 2416
392 2240
392 2261
393 394
393 395
394 395
396 397
396 404
397 405
397 400
398 676
398 2463
398 1884
399 405
399 400
399 406
401 652
401 675
401 435
402 664
402 1593
402 652
403 404
403 417
403 723
404 408
405 408
406 407
406 411
407 408
407 409
408 413
409 414
409 413
409 411
410 1889
410 1886
410 1888
411 2150
412 2472
412 415
412 423
413 416
414 415
414 2326
414 416
415 422
416 422
416 417
417 418
417 421
418 429
418 422
418 421
419 422
419 426
419 423
420 421
421 428
423 438
424 439
424 426
424 438
425 427
425 432
425 442
426 427
427 434
427 439
430 431
430 433
430 2687
431 468
431 479
432 433
432 445
433 466
435 661
435 2071
436 2076
436 441
436 2634
437 2072
437 2071
437 2215
438 440
439 440
440 442
441 2214
441 2215
442 448
443 446
444 445
445 453
445 446
446 451
446 448
447 448
447 451
449 456
449 2327
449 2214
450 453
450 2080
450 468
451 452
451 453
453 454
455 2079
455 2214
455 457
456 459
456 457
457 458
458 2433
458 459
459 460
460 2436
460 2328
461 623
461 2705
461 622
462 626
462 635
462 2675
462 634
463 531
463 738
464 465
464 741
464 738
465 466
465 471
466 472
467 2080
467 2081
467 481
468 2081
469 485
469 486
470 471
471 472
472 2686
473 478
474 476
474 479
474 1570
475 481
475 476
475 487
476 2081
477 478
477 2687
477 480
478 479
478 1635
479 1621
481 483
481 486
482 483
483 484
484 509
484 486
484 488
485 511
486 587
488 492
488 490
488 493
489 500
489 498
489 490
490 491
492 2095
492 515
492 514
494 498
494 515
494 506
495 499
495 496
495 503
496 498
496 497
499 506
499 501
501 502
501 505
502 504
502 1495
506 2504
507 588
508 509
508 513
508 511
509 510
511 512
515 2095
516 1708
516 517
516 533
517 518
517 1696
518 519
518 1768
519 2051
519 1759
520 534
520 2051
520 1762
521 523
522 730
523 524
523 730
524 530
524 525
525 735
525 729
526 529
526 530
527 535
528 529
528 531
528 537
529 538
530 536
532 2051
532 533
532 1765
533 2765
534 1757
535 536
535 538
535 540
536 539
537 538
540 542
540 541
541 636
542 2768
543 1635
543 551
543 1621
544 744
544 545
547 550
547 2708
547 548
549 2708
549 1610
549 1541
550 1652
550 1610
551 1601
551 2716
552 555
552 2191
552 556
553 554
553 558
553 555
554 557
554 2294
555 2294
556 2294
556 557
557 559
558 562
558 723
559 562
559 560
561 2431
561 2430
562 2431
563 2709
563 2243
564 565
565 569
565 567
566 568
566 742
566 567
566 1080
567 570
568 2661
568 1511
569 570
569 2688
570 1511
571 581
571 582
571 2141
572 2104
572 577
572 579
573 2142
573 575
573 2104
574 576
574 2631
574 575
575 2142
576 578
576 2762
577 2762
577 719
579 580
579 581
580 2555
580 581
582 2556
582 2141
583 2555
583 990
583 986
584 2556
584 983
584 974
585 1610
585 2493
585 586
587 2080
588 590
589 590
589 2145
589 593
590 591
591 2443
591 2442
591 592
592 2442
592 2469
593 2628
593 2144
594 2474
594 2208
594 2147
594 2668
595 2261
595 1499
596 2480
596 597
596 2496
597 2495
597 2496
598 2494
598 1510
598 2498
599 2499
599 683
599 680
600 1179
600 686
600 685
601 602
601 608
601 609
602 605
602 613
602 2015
603 2015
604 2015
605 617
605 606
607 1569
607 611
607 2683
607 614
608 1569
608 613
608 609
609 2735
609 1569
610 2069
610 2683
610 619
611 2683
611 621
612 1545
612 2608
612 689
613 616
613 614
614 615
615 621
615 616
615 690
616 617
616 692
617 618
619 633
619 620
620 632
620 621
620 625
621 691
622 692
622 624
623 627
623 624
623 2439
624 628
624 690
625 629
625 2713
625 691
626 2679
626 629
626 630
627 2677
627 631
627 628
628 2678
628 691
629 635
629 2680
630 694
630 634
630 631
631 693
632 2713
632 633
633 2610
634 695
635 2714
636 2768
636 637
638 2439
638 641
639 647
639 640
639 694
639 642
640 2439
640 641
640 693
641 642
642 1562
642 647
643 644
643 646
643 1623
644 1562
644 645
645 646
645 1562
646 746
647 2437
648 1914
648 1505
648 1913
649 2467
650 651
650 675
650 2012
651 656
651 655
652 656
653 654
654 659
654 661
655 1883
655 658
656 657
657 1512
657 2467
658 2467
658 1882
659 663
659 660
661 662
662 666
662 663
663 664
664 667
665 2075
665 670
665 2433
666 668
666 667
667 669
668 670
668 669
669 2701
670 671
672 674
673 674
674 676
675 676
677 2435
677 2432
677 2442
678 679
679 2688
679 680
680 681
681 2099
681 2688
682 683
683 686
684 2267
684 1008
684 1650
685 2267
685 1176
686 687
688 1008
689 2333
689 2332
690 692
693 694
694 695
695 2059
696 698
696 2209
696 2727
697 706
698 1600
698 1495
699 1010
699 1024
699 1550
700 701
701 703
701 714
702 704
702 717
702 703
703 714
704 957
704 719
705 709
705 2753
705 712
705 706
706 708
706 713
707 709
707 712
707 930
709 973
710 711
711 714
711 717
712 716
713 1017
713 1028
713 716
715 716
715 1000
715 1024
717 1552
718 1552
718 1000
718 1580
719 2761
719 2473
720 721
721 2414
721 725
722 723
724 727
724 2293
724 2430
725 727
725 726
726 729
726 730
727 728
728 729
731 735
731 732
732 733
732 734
733 734
733 739
734 736
736 737
736 2707
737 2707
737 740
738 2707
739 741
742 743
744 745
744 2330
746 2441
746 747
747 2444
747 2441
748 752
748 2448
748 2449
749 752
749 2123
749 783
750 751
750 2446
750 2449
752 755
753 754
754 755
756 902
756 1015
756 2518
757 760
757 768
758 764
758 759
759 763
760 766
761 2137
761 783
761 765
762 2136
762 763
762 764
763 2138
764 765
765 767
766 767
766 2136
767 768
768 769
769 770
769 815
770 869
770 815
771 839
771 2136
772 816
772 773
772 2459
773 824
773 816
774 2325
774 2123
774 777
775 776
775 2206
775 2461
776 2207
776 2624
777 778
777 2624
778 2205
778 2325
779 2764
779 787
779 1669
779 2206
780 781
781 782
781 783
784 788
784 785
784 787
785 786
785 788
786 787
786 2764
788 2257
789 2726
790 791
790 805
791 1449
791 1830
792 2670
793 2669
794 795
794 2300
794 2297
795 2409
795 2410
796 2406
796 798
797 1697
797 2035
797 2400
798 1682
799 1267
799 2283
800 1281
800 1309
801 1270
801 2229
801 2231
802 2030
802 803
802 1245
803 804
803 1504
804 1449
804 1827
805 1488
806 1822
806 1798
806 1807
807 1817
807 1904
807 1407
808 1424
808 2278
809 844
810 880
810 826
810 887
811 841
811 831
811 2084
812 821
813 857
813 2539
813 871
814 2086
814 2084
814 2460
815 824
816 820
817 829
817 837
817 833
818 2334
818 884
818 835
819 844
819 1673
819 879
820 2216
820 896
820 2543
821 829
821 823
822 2334
822 2511
822 2509
824 2534
825 920
825 2534
825 2543
826 837
826 861
826 2272
827 830
827 840
827 904
828 2505
828 2509
828 2548
829 836
830 840
830 2259
832 835
834 872
835 843
837 880
838 2460
839 2459
839 841
840 2217
841 2459
842 861
842 897
842 910
843 844
843 904
845 875
845 852
846 873
847 875
847 901
847 917
848 915
848 859
848 912
849 907
849 855
849 889
849 902
850 864
850 2531
850 857
851 914
852 868
853 2541
854 910
855 2468
855 2521
856 899
857 917
858 894
859 878
859 912
860 876
861 2272
862 1027
862 1015
862 881
863 892
864 919
864 868
865 886
866 1560
866 2640
866 2519
867 916
867 1005
867 895
868 873
869 920
869 1560
870 963
870 2268
870 2269
871 897
871 2273
872 2460
872 896
873 898
874 910
875 911
876 909
876 894
877 895
878 954
878 963
880 2541
882 892
883 1476
883 2625
883 1134
885 939
885 1650
885 2269
886 1151
887 908
887 920
888 1176
888 1160
888 1167
890 916
891 918
892 916
893 1530
893 1581
893 1026
894 2216
896 918
897 2273
897 2536
899 2521
899 2558
900 2032
900 1151
900 913
903 950
903 912
903 2352
904 914
905 919
906 914
907 917
907 1543
918 2597
919 1672
921 970
921 967
921 972
922 948
923 959
923 946
923 937
924 998
925 970
925 941
925 1003
926 958
927 943
927 995
928 957
928 928
929 968
929 962
929 981
931 945
932 1474
932 1166
932 937
933 963
933 949
933 944
934 964
934 962
934 975
935 967
936 993
936 987
936 988
937 1014
937 1461
938 955
939 985
939 994
940 1002
940 982
941 972
941 996
942 978
943 989
944 2589
944 960
945 1004
947 997
948 956
948 973
950 1005
950 976
951 979
952 976
953 983
954 1004
954 1473
955 974
955 967
957 987
958 976
958 999
959 1468
959 2625
961 964
961 2763
961 991
962 992
964 969
965 988
966 996
966 1002
966 997
968 981
968 2763
969 1000
969 971
970 1003
971 991
971 973
972 979
974 979
977 998
978 990
978 996
979 983
980 1002
981 991
983 1001
984 2763
986 993
986 987
988 993
990 998
997 1003
1005 1016
1006 1018
1007 1017
1008 1025
1009 1028
1010 1019
1010 1021
1011 2516
1012 1021
1013 2516
1014 1029
1015 1022
1017 1021
1017 1023
1018 2537
1018 1026
1020 1027
1021 1024
1026 2538
1027 2468
1028 1574
1030 1084
1030 1073
1030 1039
1031 1086
1031 1141
1031 2353
1032 1622
1032 1098
1032 1102
1033 2703
1033 2421
1033 2425
1034 1065
1035 2690
1035 1043
1035 1038
1036 1189
1036 2359
1036 1094
1037 2565
1037 1097
1037 1564
1039 1116
1039 1073
1040 1879
1040 1528
1040 1649
1041 1071
1041 1066
1041 1095
1042 1178
1043 1097
1043 1091
1044 1641
1044 2234
1044 1061
1045 1097
1045 1073
1045 1559
1046 1071
1046 1121
1046 1074
1046 1087
1047 1117
1047 1108
1047 2346
1048 1464
1048 2088
1048 1059
1049 2348
1049 1143
1049 1619
1050 1178
1050 1055
1050 1078
1050 2354
1051 2235
1051 1114
1051 1192
1052 2417
1052 2420
1052 1056
1053 1603
1054 1129
1054 1087
1054 1100
1055 2346
1055 2345
1056 2124
1056 2419
1057 1671
1057 1465
1057 1085
1058 1124
1058 1135
1058 1069
1059 1099
1059 1463
1060 1071
1060 1074
1061 1598
1061 1173
1062 1088
1062 1128
1063 1135
1063 1181
1063 1098
1064 1110
1065 1125
1065 2359
1067 1083
1068 1138
1068 1104
1068 2661
1070 1117
1071 1109
1072 2564
1072 1088
1072 2563
1074 1129
1075 1122
1076 1647
1076 1099
1076 1465
1078 1145
1078 1479
1079 1093
1080 2422
1080 2097
1081 1105
1082 2235
1083 1110
1085 1175
1085 1145
1087 1121
1088 1559
1089 1146
1089 1118
1089 2234
1090 1122
1091 2569
1091 1105
1092 2345
1093 1138
1093 1139
1094 1132
1094 1184
1095 1643
1096 1518
1096 1586
1096 1118
1098 1142
1099 1469
1101 1110
1102 1540
1102 1157
1103 1139
1104 2428
1104 2033
1105 1651
1106 1117
1107 1873
1107 1649
1107 1876
1109 1121
1109 1645
1110 1122
1111 2690
1111 1551
1111 2032
1112 2571
1112 1131
1112 1605
1113 1132
1113 1188
1113 1207
1115 2418
1115 2417
1118 1596
1119 1125
1120 2564
1120 1128
1120 1123
1123 2563
1123 2564
1125 1137
1126 1865
1126 1870
1126 1871
1127 2384
1127 2385
1127 1425
1128 2563
1130 1185
1130 2384
1130 1173
1131 2566
1131 1542
1132 1219
1133 2344
1133 1141
1135 1518
1136 1540
1138 1139
1140 2344
1141 1175
1143 1657
1143 2139
1144 1160
1145 1525
1146 2381
1146 1180
1147 1153
1147 1158
1147 1171
1148 1161
1149 1152
1150 1166
1150 2088
1150 1159
1151 1617
1152 1519
1152 1164
1153 1180
1153 1171
1154 1161
1154 1501
1154 1182
1155 1642
1155 1176
1155 1161
1156 2118
1156 2369
1156 2370
1158 1329
1158 1203
1160 2032
1162 1485
1162 1171
1162 2373
1163 1625
1163 1168
1163 1180
1164 1172
1164 2479
1165 1177
1166 1478
1168 1480
1169 1173
1170 1525
1174 1181
1175 1478
1177 1179
1177 1501
1178 2355
1179 1642
1181 2479
1183 2020
1183 2265
1183 1546
1184 1187
1184 1191
1185 1537
1185 1217
1186 1191
1186 1192
1186 1194
1187 1190
1187 1191
1188 1193
1188 1190
1190 1193
1192 1194
1193 1194
1195 1197
1195 1200
1195 1216
1196 1637
1196 1204
1196 1199
1197 1198
1197 1205
1199 1221
1199 1209
1201 1209
1201 2612
1201 1206
1202 2082
1202 1212
1202 2018
1203 2381
1203 2383
1204 1210
1206 1657
1207 1216
1207 1219
1208 2082
1208 1220
1208 1219
1209 1657
1210 1637
1211 1213
1213 1220
1213 2082
1214 1219
1215 1399
1215 2265
1216 1219
1217 1614
1217 2386
1218 1220
1222 1908
1222 1277
1222 2251
1223 1259
1223 1315
1224 1248
1224 2429
1224 1534
1225 1276
1226 2648
1226 2646
1226 2364
1227 1253
1228 1343
1228 1283
1229 1340
1229 1291
1229 1265
1230 2110
1230 1322
1230 2112
1231 1271
1231 1308
1231 1339
1232 1286
1233 1281
1233 2251
1233 1326
1234 2231
1234 1359
1234 1294
1235 1276
1235 1322
1236 1284
1237 1278
1237 1252
1237 2131
1238 1242
1238 1279
1238 1313
1239 1323
1240 1260
1241 1297
1242 1279
1242 1306
1243 1323
1243 1282
1243 1442
1244 2375
1244 2374
1244 1288
1245 1340
1245 1291
1246 1331
1246 1287
1246 2372
1247 1333
1248 1274
1248 2723
1249 1321
1249 2248
1249 1262
1250 1296
1251 1299
1252 1438
1253 1289
1254 1266
1254 1303
1254 1337
1255 1305
1256 1297
1256 1313
1256 1310
1258 1334
1258 1342
1258 2411
1259 1289
1259 1573
1260 1325
1260 1308
1261 2230
1262 1346
1262 1438
1263 1305
1264 1265
1264 1273
1264 1291
1265 1298
1266 2378
1266 1310
1268 1275
1268 1329
1268 1341
1269 1337
1270 1305
1271 1299
1271 1325
1272 1341
1272 1288
1272 1275
1273 1298
1273 1442
1274 1627
1275 2377
1276 1307
1277 1318
1277 1908
1279 1303
1282 1330
1282 1308
1284 2648
1284 2285
1285 2715
1285 1330
1285 1319
1286 1335
1287 1290
1287 1295
1288 1341
1289 1315
1290 2371
1292 1328
1292 2693
1293 1306
1295 1302
1295 1300
1296 1298
1296 1340
1297 1313
1299 1316
1300 1331
1301 1312
1302 2378
1302 2376
1303 1337
1304 1334
1306 1324
1308 1323
1310 2379
1311 1342
1312 1332
1314 2411
1314 1327
1314 1332
1315 1612
1316 2290
1316 2130
1317 1341
1318 1344
1318 1338
1320 1404
1325 1333
1325 2361
1326 2620
1326 1344
1327 1334
1329 2380
1330 2229
1331 2552
1333 2577
1336 1344
1338 2250
1338 1908
1339 1339
1342 2411
1345 1440
1345 1447
1345 1410
1346 1388
1346 2646
1347 1448
1347 2702
1347 1454
1348 1428
1348 1426
1348 1396
1349 1385
1350 1457
1351 2309
1351 1363
1351 1392
1352 1438
1353 1428
1353 1434
1353 1365
1354 1386
1354 1417
1354 1423
1355 1440
1355 1891
1355 1813
1356 1454
1356 1416
1356 1395
1357 1441
1358 2755
1358 2756
1359 1442
1359 2030
1360 2065
1360 1379
1360 1453
1361 1894
1361 1401
1361 1893
1362 1398
1362 1420
1363 2308
1363 1369
1363 1387
1364 2389
1364 1416
1365 1405
1365 1393
1366 1441
1367 1409
1368 2279
1369 1389
1369 1390
1370 1391
1371 1407
1371 1390
1371 1411
1371 1384
1372 1904
1372 1810
1373 1405
1373 1422
1373 1824
1375 1456
1376 1419
1376 1432
1377 1426
1378 1427
1379 1381
1380 1825
1380 1412
1380 1422
1381 1451
1381 1799
1382 1394
1382 1406
1382 1403
1384 1397
1384 1433
1384 1407
1385 1391
1385 1710
1386 1386
1387 1390
1387 1411
1387 2551
1388 1456
1389 1397
1390 1397
1391 1419
1392 2245
1394 1755
1395 1454
1396 1455
1397 2390
1398 1414
1398 1428
1398 1819
1399 2263
1399 2644
1400 1443
1401 1421
1401 1439
1402 2066
1403 1406
1403 1432
1404 2278
1405 1424
1406 1432
1407 1423
1408 1819
1409 1437
1409 1418
1411 1423
1412 1446
1413 1742
1414 1445
1415 1419
1417 2401
1417 2551
1417 2729
1418 1425
1419 1710
1420 1813
1420 1812
1421 2702
1422 1446
1424 1426
1425 1653
1430 1430
1430 1440
1431 1801
1431 1451
1433 1904
1435 2389
1435 2388
1435 2390
1439 2702
1439 1450
1441 1448
1443 1452
1444 1450
1449 1572
1450 2702
1453 2066
1457 1458
1457 2385
1458 2759
1458 2758
1459 1827
1460 1465
1462 1473
1463 1472
1463 1561
1466 1879
1466 1591
1466 1471
1467 1468
1467 2088
1467 1477
1468 1670
1470 1476
1473 1476
1475 1478
1480 1481
1480 1625
1482 1722
1482 2366
1482 1483
1483 1725
1483 1722
1484 1504
1485 1486
1485 2370
1487 1504
1489 1548
1489 1609
1489 2342
1490 2103
1490 2348
1490 1547
1491 1519
1492 1538
1492 1941
1492 1568
1493 1636
1493 1517
1493 1656
1494 1518
1495 1600
1495 1574
1496 2008
1496 2011
1496 2005
1497 1639
1497 1561
1497 2629
1498 1583
1498 1628
1498 2027
1499 1510
1499 2492
1499 2498
1500 1555
1500 1557
1501 1642
1502 1540
1503 1646
1505 1577
1505 1626
1506 2365
1506 1622
1506 2363
1507 1517
1507 1532
1507 1576
1508 1877
1509 1536
1512 1593
1512 1914
1513 1528
1513 1644
1513 2660
1514 1655
1514 2036
1514 1892
1515 2554
1515 1556
1515 2028
1515 1910
1516 2570
1517 1656
1519 1622
1520 1918
1520 1916
1520 1961
1521 2360
1521 2362
1521 2363
1522 1587
1523 1552
1524 1535
1524 1554
1524 1934
1525 1606
1526 1920
1526 1912
1526 1996
1527 1546
1528 1609
1529 1539
1529 1653
1530 2519
1530 1581
1531 1575
1531 1648
1531 1582
1532 1576
1532 1654
1533 2358
1535 1628
1535 1943
1536 2262
1538 2253
1538 1568
1539 1614
1541 1601
1541 2649
1543 2539
1544 1596
1545 1611
1545 1632
1546 1614
1549 2554
1549 1950
1549 2254
1550 1574
1550 1600
1553 1966
1553 1963
1553 1959
1554 1915
1554 1927
1556 1629
1556 2633
1558 2193
1558 2194
1558 2197
1559 1595
1560 1581
1561 1877
1563 1608
1565 1587
1565 2496
1565 2497
1566 1588
1566 1952
1566 1960
1567 1618
1567 1584
1567 1575
1568 1648
1571 1609
1575 1582
1576 2012
1577 2029
1577 1990
1577 2014
1578 1607
1579 1608
1582 1590
1582 1584
1583 2254
1583 1967
1584 1921
1585 1617
1586 1597
1586 1675
1587 1620
1588 1604
1588 1931
1591 2103
1591 2660
1592 1646
1592 2501
1592 2314
1593 1626
1594 2124
1596 2591
1597 2358
1597 2356
1599 1613
1601 2232
1602 2502
1602 1655
1602 2175
1603 2428
1603 2424
1604 1956
1604 1947
1607 1630
1611 1632
1611 2632
1613 2566
1613 2033
1615 2426
1616 2362
1618 1926
1618 1931
1620 2607
1620 2271
1621 1635
1623 2447
1624 1928
1624 1932
1624 1916
1625 2367
1626 1990
1628 1953
1629 1986
1629 2554
1631 2199
1631 2133
1631 2198
1632 2256
1633 2571
1633 2033
1633 2570
1634 1654
1634 2067
1634 1636
1635 2641
1636 1654
1637 1878
1638 1650
1640 2200
1640 2204
1640 2203
1646 2656
1648 1922
1649 2341
1653 2264
1655 2036
1656 2463
1658 2128
1658 1662
1658 1890
1659 2324
1659 2201
1659 2202
1660 1661
1660 1662
1661 2606
1662 1890
1663 1665
1663 2202
1663 1666
1664 1665
1664 2202
1664 2204
1665 1890
1666 1667
1666 2606
1667 2605
1667 2606
1668 1669
1669 2526
1673 2630
1673 1674
1676 2338
1677 1860
1677 2505
1677 2508
1677 2507
1678 1687
1678 1693
1678 1680
1679 1713
1679 1695
1679 1691
1680 1686
1680 1684
1681 1687
1681 1692
1682 2695
1683 1685
1683 2226
1684 1689
1686 1691
1686 1687
1687 1732
1690 2226
1694 1695
1695 1730
1696 1768
1696 1698
1698 1700
1698 1699
1699 1732
1699 1713
1700 1727
1700 1754
1701 1743
1701 1728
1701 1727
1702 1710
1703 1745
1704 1754
1704 2397
1704 1768
1705 1715
1706 1739
1706 1734
1706 1721
1707 1724
1707 1746
1707 1725
1709 1714
1711 1721
1711 1747
1712 1716
1712 1722
1712 1748
1713 1730
1714 1741
1714 2576
1715 1746
1715 1745
1717 1739
1717 1731
1717 1736
1718 1732
1719 2576
1719 1744
1719 1723
1720 1751
1720 1733
1720 1737
1721 1735
1721 1731
1723 1740
1723 1733
1725 1745
1726 1736
1726 1733
1726 1731
1729 1744
1729 1734
1729 1739
1734 1741
1736 1744
1737 1761
1738 1747
1741 1746
1742 2224
1747 2222
1749 1758
1749 1764
1749 1763
1752 2666
1752 1766
1753 2045
1754 2669
1755 1767
1760 2397
1760 1774
1760 1770
1763 2652
1763 1764
1765 2700
1769 1773
1770 1773
1770 1771
1775 2042
1776 2171
1776 2616
1778 2454
1779 2616
1779 1787
1779 2316
1780 2458
1781 1782
1781 2457
1782 2665
1782 2458
1783 1784
1784 1785
1784 2454
1785 2213
1786 1896
1786 2754
1787 2252
1787 1898
1788 1897
1788 1896
1789 1898
1789 2164
1789 2165
1790 1792
1790 1794
1791 2165
1791 1793
1791 2160
1792 2726
1792 1794
1793 1898
1793 2637
1794 1797
1795 2638
1796 2296
1796 2166
1796 2163
1797 2726
1797 2017
1798 1903
1799 1801
1799 2391
1801 2391
1802 1803
1804 1805
1804 1807
1805 1806
1805 1807
1806 1814
1806 1811
1808 1811
1808 1809
1809 2391
1809 1891
1810 1816
1810 2331
1811 1812
1812 1891
1813 1891
1815 1819
1817 1820
1817 1821
1818 1825
1820 1821
1821 1822
1822 2400
1823 1824
1823 2402
1826 2403
1826 2401
1826 2227
1826 2729
1827 1828
1831 1840
1833 1836
1834 1840
1835 1836
1836 1838
1837 1839
1838 1839
1839 1842
1840 1846
1841 1842
1842 1844
1843 1845
1844 1845
1845 1846
1846 1847
1849 1850
1850 1851
1852 1853
1853 2698
1854 2698
1854 1855
1857 2227
1857 2403
1858 2227
1858 2404
1859 2228
1859 2409
1860 1861
1860 1862
1861 1863
1861 1862
1862 2135
1863 1865
1863 1864
1864 2134
1864 1865
1866 2135
1866 2101
1866 2134
1867 2210
1868 2125
1868 1869
1869 2210
1870 1872
1870 1871
1871 1873
1872 1875
1872 1874
1873 1876
1874 2211
1874 1875
1875 1876
1877 1878
1878 1879
1880 1881
1881 2158
1882 1883
1884 1886
1884 1887
1885 1889
1886 1887
1887 1888
1889 2148
1892 1895
1893 1894
1893 2036
1894 1895
1896 1897
1897 2754
1899 2162
1899 2161
1900 2637
1900 1901
1902 1903
1905 2190
1905 2191
1906 2190
1906 2154
1907 2016
1907 2711
1907 2178
1910 1919
1910 1976
1911 1996
1911 2028
1911 1993
1912 2005
1912 1997
1913 2004
1913 2008
1914 2010
1915 1921
1915 1930
1916 1949
1917 1918
1918 1958
1919 2254
1919 1967
1920 2633
1920 1997
1920 2028
1921 1926
1922 1924
1922 1923
1924 1928
1924 1925
1926 1933
1927 1934
1927 1930
1928 1929
1930 1933
1931 1932
1932 1936
1933 1938
1934 1937
1935 1936
1936 1944
1937 1938
1937 1939
1938 1947
1940 2133
1940 1941
1940 2132
1941 2132
1942 1944
1943 1947
1943 1948
1944 1949
1945 1946
1945 2133
1945 2198
1946 2132
1946 1950
1948 1951
1948 1953
1949 1952
1950 2132
1951 1955
1951 1956
1952 1957
1953 1955
1954 2027
1955 1959
1956 1959
1957 1961
1957 1962
1958 1988
1960 1964
1960 1974
1961 1969
1962 1964
1962 1968
1963 2027
1963 1971
1964 1968
1965 1966
1966 1974
1967 1972
1968 1969
1969 1973
1970 1972
1970 2027
1970 1971
1971 1975
1972 1976
1973 1988
1973 2067
1974 1975
1975 1979
1976 1977
1977 1978
1977 1985
1978 2028
1978 1984
1979 1981
1979 1983
1980 1982
1981 1989
1981 1982
1982 1985
1985 1993
1986 1990
1986 2029
1987 1991
1988 2463
1989 1991
1989 1995
1991 1992
1992 1993
1992 1998
1994 1995
1995 2002
1996 2000
1997 2008
1997 2013
1998 1999
1998 2002
1999 2000
1999 2003
2000 2006
2001 2004
2002 2003
2003 2006
2004 2014
2005 2007
2006 2007
2007 2009
2011 2012
2011 2068
2013 2029
2013 2014
2019 2021
2020 2021
2020 2451
2021 2451
2022 2023
2022 2192
2022 2193
2023 2024
2023 2253
2024 2026
2024 2253
2025 2192
2025 2026
2029 2633
2030 2031
2037 2038
2037 2039
2038 2040
2042 2043
2043 2045
2044 2045
2046 2053
2047 2053
2048 2049
2048 2275
2049 2050
2052 2159
2053 2392
2054 2055
2055 2714
2055 2056
2057 2122
2057 2675
2057 2674
2058 2122
2058 2060
2058 2325
2059 2438
2059 2437
2060 2061
2060 2123
2061 2440
2061 2062
2062 2441
2062 2440
2063 2064
2064 2066
2064 2065
2065 2296
2067 2068
2068 2599
2069 2609
2070 2071
2072 2073
2072 2077
2073 2075
2073 2078
2074 2076
2075 2079
2076 2077
2077 2078
2078 2079
2083 2085
2084 2085
2085 2086
2086 2259
2087 2090
2089 2091
2090 2091
2093 2094
2094 2481
2095 2719
2096 2490
2098 2128
2098 2699
2099 2661
2099 2100
2101 2101
2102 2103
2104 2762
2105 2582
2105 2106
2107 2108
2107 2725
2108 2109
2110 2111
2110 2301
2112 2113
2114 2115
2116 2117
2117 2248
2117 2620
2118 2119
2120 2673
2120 2674
2120 2121
2122 2673
2125 2340
2126 2485
2126 2483
2126 2487
2127 2488
2127 2486
2129 2291
2129 2288
2129 2289
2130 2290
2130 2292
2134 2135
2137 2624
2137 2138
2138 2207
2140 2141
2140 2143
2140 2557
2142 2143
2143 2561
2144 2147
2144 2209
2145 2146
2145 2443
2146 2447
2146 2147
2148 2471
2148 2149
2149 2150
2149 2153
2150 2326
2151 2154
2151 2153
2152 2153
2152 2322
2152 2553
2155 2478
2155 2413
2155 2189
2156 2157
2158 2159
2158 2392
2160 2166
2161 2162
2161 2164
2162 2163
2163 2166
2164 2165
2167 2168
2168 2169
2169 2176
2170 2171
2170 2616
2170 2316
2171 2614
2172 2173
2173 2316
2173 2175
2174 2636
2174 2615
2174 2175
2176 2177
2176 2178
2177 2501
2177 2178
2180 2181
2180 2182
2181 2732
2182 2184
2185 2319
2185 2188
2185 2320
2186 2187
2186 2319
2186 2732
2187 2318
2187 2188
2188 2320
2189 2478
2190 2191
2192 2193
2194 2196
2194 2197
2195 2197
2195 2196
2195 2462
2196 2462
2198 2200
2199 2204
2199 2200
2201 2611
2201 2205
2203 2255
2203 2611
2205 2324
2206 2324
2207 2461
2208 2727
2208 2209
2208 2730
2209 2628
2211 2212
2212 2340
2215 2471
2217 2598
2218 2219
2220 2221
2220 2224
2220 2223
2221 2222
2223 2224
2225 2695
2225 2696
2228 2408
2229 2230
2230 2231
2233 2234
2235 2358
2236 2238
2236 2479
2236 2237
2237 2238
2239 2241
2239 2482
2241 2416
2242 2244
2242 2587
2243 2246
2243 2413
2244 2662
2245 2549
2245 2304
2246 2414
2247 2588
2248 2622
2249 2250
2250 2618
2251 2618
2252 2664
2255 2256
2255 2611
2256 2604
2257 2258
2259 2260
2263 2264
2263 2642
2264 2643
2265 2452
2266 2451
2267 2271
2269 2589
2270 2589
2271 2480
2272 2528
2273 2274
2275 2276
2276 2277
2279 2282
2279 2280
2282 2285
2282 2284
2283 2286
2285 2287
2288 2289
2289 2290
2291 2292
2293 2412
2293 2478
2295 2476
2295 2709
2296 2684
2298 2300
2299 2301
2300 2301
2302 2482
2303 2304
2303 2305
2304 2306
2305 2308
2306 2309
2306 2307
2307 2308
2307 2309
2310 2425
2310 2426
2310 2427
2311 2739
2312 2747
2312 2743
2312 2748
2313 2314
2313 2315
2317 2744
2317 2321
2317 2318
2318 2321
2322 2465
2322 2466
2323 2466
2323 2464
2326 2472
2327 2328
2327 2470
2328 2469
2329 2470
2329 2469
2329 2720
2332 2333
2334 2512
2335 2515
2335 2337
2335 2514
2336 2338
2337 2514
2343 2344
2347 2348
2349 2612
2362 2363
2366 2367
2366 2368
2367 2368
2368 2369
2369 2370
2374 2375
2374 2376
2375 2377
2376 2377
2378 2379
2379 2380
2381 2382
2384 2385
2387 2389
2387 2388
2388 2389
2389 2390
2393 2710
2393 2396
2394 2395
2394 2397
2395 2670
2396 2670
2398 2399
2400 2729
2401 2403
2404 2407
2405 2406
2406 2410
2408 2409
2412 2413
2412 2414
2416 2482
2417 2418
2418 2654
2419 2420
2419 2421
2420 2421
2422 2424
2422 2423
2423 2654
2423 2424
2425 2703
2426 2427
2427 2703
2430 2431
2432 2706
2432 2434
2433 2434
2434 2704
2435 2436
2435 2704
2436 2704
2437 2438
2438 2440
2443 2447
2444 2445
2444 2446
2445 2448
2445 2446
2448 2449
2450 2491
2450 2489
2450 2490
2454 2455
2456 2458
2461 2764
2464 2466
2464 2465
2465 2553
2468 2523
2471 2472
2473 2730
2473 2731
2474 2761
2474 2730
2474 2668
2475 2736
2476 2477
2476 2709
2480 2499
2481 2752
2484 2485
2486 2488
2486 2487
2487 2488
2489 2605
2489 2490
2493 2497
2493 2494
2494 2497
2495 2499
2495 2498
2500 2501
2502 2503
2505 2531
2506 2507
2506 2510
2506 2515
2507 2508
2508 2548
2509 2511
2509 2548
2510 2512
2510 2511
2512 2545
2513 2547
2513 2516
2513 2545
2514 2546
2515 2545
2517 2530
2517 2528
2517 2532
2519 2520
2521 2522
2524 2527
2524 2605
2524 2526
2525 2526
2528 2529
2531 2532
2532 2533
2534 2535
2539 2540
2541 2542
2543 2544
2546 2547
2550 2551
2555 2556
2557 2558
2557 2561
2558 2560
2559 2640
2559 2774
2559 2775
2560 2774
2560 2561
2562 2658
2566 2689
2567 2689
2568 2569
2569 2689
2570 2571
2572 2574
2573 2574
2575 2576
2578 2584
2578 2587
2579 2581
2580 2583
2581 2583
2581 2582
2582 2724
2583 2584
2584 2585
2586 2587
2590 2591
2591 2593
2592 2593
2593 2596
2594 2596
2595 2596
2599 2603
2599 2601
2600 2601
2601 2602
2608 2610
2608 2609
2609 2610
2612 2613
2614 2636
2617 2664
2619 2620
2621 2622
2622 2623
2625 2626
2637 2638
2639 2640
2645 2646
2647 2648
2651 2652
2653 2654
2657 2658
2659 2660
2662 2663
2665 2728
2667 2669
2671 2672
2673 2674
2675 2676
2677 2681
2677 2679
2678 2680
2678 2681
2679 2682
2680 2682
2681 2682
2685 2686
2686 2687
2690 2691
2692 2693
2694 2696
2694 2695
2697 2698
2701 2705
2701 2706
2705 2706
2711 2734
2711 2733
2713 2714
2716 2717
2716 2718
2719 2722
2720 2722
2720 2721
2721 2722
2724 2725
2727 2731
2730 2731
2733 2734
2737 2738
2738 2741
2738 2751
2739 2749
2739 2741
2740 2741
2742 2743
2743 2749
2744 2747
2744 2745
2745 2746
2745 2747
2749 2750
2756 2757
2756 2759
2759 2760
2761 2762
2766 2767
2768 2769
2769 2772
2769 2770
2771 2772
2772 2773
2774 2775
2775 2776
