0 107
1 108
1 2
1 87
2 237
2 393
3 100
3 20
3 99
4 388
4 387
4 5
5 8
5 90
6 90
6 7
7 8
7 88
8 91
8 126
9 561
9 122
9 562
10 11
10 130
10 368
11 12
11 99
12 562
12 394
13 333
13 332
13 14
13 343
14 111
15 207
15 439
15 203
16 560
16 209
16 323
17 627
17 328
17 501
17 560
18 604
18 605
18 627
18 202
19 605
19 437
19 396
20 394
20 98
21 120
21 477
21 399
21 476
22 390
22 23
22 538
23 390
23 34
23 114
24 489
24 124
24 25
24 564
25 120
25 26
25 471
26 119
26 192
27 28
27 34
27 116
28 377
28 29
29 30
29 345
30 259
30 488
31 258
31 32
31 488
32 107
32 33
33 116
33 108
34 114
35 347
35 36
35 259
36 37
36 346
37 255
37 260
38 549
38 550
38 548
39 40
39 378
39 253
40 255
40 254
41 44
41 555
42 505
42 576
42 579
43 164
43 579
43 556
44 577
44 555
45 151
45 365
45 505
46 152
46 148
46 151
47 598
47 65
47 537
48 536
48 551
48 95
48 483
48 533
49 455
49 556
49 411
50 282
50 533
50 460
51 460
51 518
51 281
51 536
52 216
52 559
53 529
53 215
54 55
54 238
54 482
55 56
55 57
56 67
56 428
57 373
57 61
58 373
59 60
59 68
59 65
60 67
60 66
61 62
61 428
62 582
62 581
63 280
63 581
63 64
63 552
64 186
64 582
64 185
65 483
65 537
66 482
66 598
67 68
68 428
69 299
69 412
70 412
70 218
70 572
71 77
71 546
71 86
72 73
72 571
72 546
73 571
73 74
74 76
74 515
75 515
75 306
75 547
76 77
76 78
77 78
78 348
79 463
79 481
79 307
80 82
80 81
81 461
81 481
82 85
82 83
83 84
84 236
84 379
85 236
85 462
86 236
86 379
88 382
89 107
89 93
89 194
91 386
91 208
92 93
92 102
92 384
93 362
94 417
94 101
95 517
95 283
95 533
96 97
97 479
98 101
98 397
99 100
100 101
102 384
102 382
103 567
103 106
103 314
104 569
104 565
104 570
105 574
105 377
105 566
106 115
106 574
108 140
109 252
109 378
109 253
110 254
110 255
110 258
111 112
112 616
112 608
113 115
113 358
113 377
114 358
115 395
115 315
116 117
117 360
117 392
117 390
118 121
119 478
119 120
120 477
121 478
121 477
122 123
122 124
122 489
123 125
123 562
124 471
125 564
125 489
126 468
126 469
127 459
127 383
127 458
128 153
128 156
128 591
129 355
129 413
129 414
130 368
130 563
131 190
131 496
131 250
131 561
132 133
132 474
132 175
133 138
133 134
134 173
134 135
135 175
135 305
136 137
136 360
136 139
137 191
137 351
138 191
138 174
139 142
139 361
140 361
140 141
141 146
141 350
142 350
142 351
143 144
143 351
143 350
144 172
144 492
145 147
145 492
145 146
146 152
147 148
147 152
148 149
149 150
149 485
150 365
150 151
153 414
153 416
153 363
153 154
153 362
154 198
154 441
155 456
155 421
155 408
156 590
156 198
157 426
157 201
157 210
158 416
158 451
158 446
159 213
159 204
159 422
160 277
160 276
160 261
161 265
161 278
161 264
162 494
162 356
162 452
162 495
163 445
163 447
163 453
164 406
164 455
165 370
165 406
165 455
166 179
166 178
166 370
167 178
167 602
167 177
168 232
168 169
168 227
169 226
169 170
170 219
170 233
171 366
171 172
171 173
172 174
173 174
175 180
176 583
176 188
176 177
177 303
178 455
179 405
179 366
179 369
180 181
180 583
181 183
181 182
182 474
182 597
184 185
184 187
184 188
185 285
186 187
186 189
187 188
188 189
189 541
190 541
190 487
191 193
192 472
192 539
193 586
193 474
193 625
194 580
195 442
195 356
195 355
196 450
196 200
196 197
197 494
198 443
199 449
199 433
199 200
199 440
200 427
201 214
201 440
202 424
202 499
203 438
203 341
203 323
204 439
204 209
204 205
205 381
205 514
206 380
206 514
206 207
207 329
208 329
208 468
209 438
209 498
210 456
210 211
211 214
211 212
212 213
212 422
213 214
215 525
215 520
216 519
216 520
217 528
217 218
217 531
218 291
219 223
219 220
220 234
220 512
221 222
221 396
222 585
223 231
223 334
224 225
224 340
224 228
225 232
225 227
226 231
226 232
227 342
228 420
228 337
229 230
229 231
229 340
230 339
230 338
233 512
233 402
235 274
235 275
235 276
237 391
238 239
238 243
239 245
239 242
240 248
240 241
240 244
241 246
241 243
242 375
242 247
242 246
243 245
245 246
247 250
247 249
248 368
248 249
249 497
250 497
251 264
251 418
251 626
252 317
252 470
253 254
256 257
257 258
257 259
259 488
260 266
260 269
261 626
261 275
262 626
262 263
262 346
263 345
263 566
264 419
265 587
266 321
266 268
267 273
267 268
268 272
269 270
270 271
271 272
273 322
274 322
275 321
277 278
279 587
279 352
280 281
280 285
281 518
282 600
282 283
283 517
284 429
285 429
286 290
286 294
286 454
286 545
287 289
287 291
287 296
288 289
289 454
290 295
290 301
291 595
292 301
292 295
292 300
293 300
293 544
293 432
294 295
294 298
296 299
296 297
297 298
297 454
298 299
300 301
302 411
302 535
302 303
303 602
304 305
305 405
306 311
306 307
306 532
307 308
308 309
309 558
309 310
310 532
310 529
311 525
311 531
312 349
312 395
312 313
313 393
313 391
314 565
314 315
315 491
315 389
316 319
317 553
317 319
318 319
318 466
318 320
320 464
320 550
321 322
323 330
324 325
324 330
324 589
325 560
325 328
326 589
326 327
326 624
327 334
327 328
329 341
330 331
330 341
331 333
331 335
331 589
332 333
332 335
334 338
334 585
335 336
335 619
336 622
336 340
336 607
337 609
337 608
338 606
342 420
343 344
344 388
345 347
346 347
348 547
348 462
352 354
352 495
353 418
353 575
353 354
353 357
354 419
354 356
355 415
355 357
356 357
358 359
360 361
360 392
362 363
363 580
364 365
366 603
366 367
367 493
369 370
369 406
371 374
372 374
373 374
376 377
378 470
380 513
380 386
381 385
381 513
382 393
383 384
383 385
384 385
387 469
387 388
389 395
389 491
391 569
392 484
394 486
396 585
396 604
398 400
399 400
399 476
400 401
402 403
402 404
405 410
407 554
407 464
408 409
408 590
409 591
409 421
411 557
414 415
415 416
417 479
418 419
421 459
422 458
423 425
424 434
424 425
425 440
426 449
426 443
429 430
431 534
431 535
431 518
432 534
432 599
433 436
433 435
434 435
434 437
435 436
436 437
438 439
441 444
441 451
442 446
442 445
443 448
444 448
444 453
445 453
446 451
447 452
448 450
449 450
456 457
457 459
457 458
460 533
460 534
460 536
461 463
461 462
463 547
464 466
465 467
465 554
465 576
466 467
467 553
468 469
470 549
471 490
471 472
472 473
472 596
473 475
475 484
475 586
476 564
478 538
479 480
483 551
484 539
487 597
487 490
490 625
491 569
492 493
494 495
496 497
496 563
498 499
498 501
499 500
500 502
500 503
501 503
503 504
505 603
506 507
507 508
507 509
508 578
508 509
510 574
511 512
513 514
515 516
517 537
519 542
519 521
520 521
521 522
522 524
522 523
523 524
523 526
524 526
525 527
526 530
527 529
527 532
528 543
528 530
530 531
534 535
536 552
538 539
540 541
544 545
548 549
549 550
551 552
553 576
554 555
556 557
557 578
559 600
559 599
561 563
565 567
566 575
567 568
568 575
568 570
570 580
571 572
573 593
577 578
579 603
581 582
583 584
586 596
587 588
590 591
592 594
592 593
592 595
593 594
594 595
596 625
597 625
599 600
601 602
604 605
604 627
606 607
608 615
609 612
609 613
610 612
610 622
610 611
611 622
611 621
612 613
613 614
614 620
614 615
615 616
616 617
617 619
617 618
618 620
618 619
620 621
621 623
