0 1191
0 1974
1 1191
1 2
1 11
2 1190
3 1024
3 1023
3 1795
4 5
4 13
4 1024
5 1797
5 13
6 7
6 1025
6 1797
7 213
7 211
8 9
8 206
8 210
9 10
9 1017
10 1796
10 1018
11 12
11 1974
12 1795
12 1796
13 14
14 2813
14 2814
15 2815
15 2816
16 2528
16 2530
16 2527
16 2529
17 18
17 437
17 375
18 377
18 374
19 21
19 25
19 390
20 390
20 27
20 471
21 22
21 50
22 23
22 51
23 24
23 1428
24 25
24 273
25 27
26 275
26 273
26 1425
27 273
28 2751
28 1831
28 2750
29 2755
29 2527
29 2529
30 1731
30 35
30 377
30 2528
31 32
31 1706
31 1731
32 34
32 1706
32 1728
33 2012
33 37
33 34
34 2019
35 2527
35 1705
35 2020
36 435
36 1885
36 1883
37 56
37 59
38 2485
38 435
38 2566
39 2564
39 2562
40 911
40 41
40 45
41 911
41 42
42 2218
42 2399
43 2733
43 1299
43 2005
43 44
44 2734
44 2732
45 46
45 49
46 47
46 2246
47 49
47 48
48 2483
48 49
50 2483
50 51
51 2776
52 289
52 53
52 1423
53 54
53 266
54 55
54 269
55 1182
55 1183
56 57
56 1883
57 2800
57 2799
58 59
58 1882
58 2800
59 1705
60 248
60 247
60 345
60 389
61 130
61 1193
61 1610
61 1005
61 2570
62 1003
62 353
62 1353
63 1002
63 1353
63 1193
64 845
64 846
64 67
65 1629
65 66
65 1632
66 2295
66 846
67 1849
67 68
68 1476
68 69
69 1642
69 1104
70 1103
70 2462
70 1104
70 104
71 107
71 1099
71 72
72 73
72 1097
73 2695
73 1098
74 1646
74 1170
74 2693
75 2462
75 1643
75 1089
76 1729
76 1728
76 1727
76 1726
77 1167
77 936
77 1168
78 943
78 2677
78 2675
79 2628
79 2627
79 80
80 81
80 1714
81 1712
81 2628
82 92
82 85
82 1712
83 84
83 92
83 94
84 2130
84 235
85 86
85 1712
86 87
86 2698
87 1716
87 2698
88 1716
88 1721
88 1720
89 454
89 1719
89 2440
89 1844
90 2591
90 1341
90 1129
90 2440
91 2638
91 1130
91 2434
92 94
93 2568
93 94
93 2135
95 97
95 2758
95 96
96 97
96 99
97 98
98 100
100 2294
101 1725
101 1639
101 102
102 103
102 1929
103 1104
103 104
103 1134
104 105
104 112
105 1103
105 106
106 107
106 2461
107 108
108 952
108 109
109 948
109 110
110 2142
110 2140
111 1626
111 1625
111 2168
112 2166
112 2164
113 1166
113 2690
113 2735
114 921
114 2521
114 115
115 918
115 116
115 917
116 1053
116 246
116 1052
116 918
117 123
117 456
117 122
118 119
118 124
118 1452
119 120
119 125
120 343
120 126
121 122
121 343
121 2602
122 123
123 124
124 2571
125 126
125 346
126 988
127 346
127 128
128 350
128 595
128 129
129 351
129 593
129 1348
130 592
130 591
130 2607
131 1592
131 1194
131 589
132 2272
132 379
132 322
133 381
133 2024
133 380
133 1199
134 421
134 404
134 422
135 409
135 406
135 407
136 2805
136 418
136 1525
137 1527
137 1526
137 418
138 1525
138 139
138 242
139 1525
139 1613
140 843
140 141
140 1178
140 897
141 146
141 145
142 2622
142 254
142 146
143 150
143 144
143 2622
144 2620
144 149
145 146
145 2621
147 148
147 2619
147 150
148 1606
148 2619
149 150
149 2617
151 2616
151 1606
151 2623
152 2623
152 293
152 2738
153 2683
153 2022
153 2023
153 2024
154 2792
154 1006
154 652
155 2494
155 2493
155 2492
155 2495
156 157
156 229
156 2384
156 1385
156 2387
157 721
157 1386
157 620
158 1552
158 1200
158 1558
159 1614
159 1196
159 1198
160 161
160 586
160 1464
160 168
161 820
161 828
162 2805
162 879
162 841
163 1154
163 394
163 395
164 288
164 1435
164 267
165 727
165 271
165 265
166 2555
166 1680
166 1061
167 832
167 1541
167 827
168 1601
168 1530
169 2618
169 1404
169 583
170 1465
170 173
170 181
171 179
171 172
171 173
172 182
172 179
173 2571
174 177
174 175
174 2691
175 176
175 177
176 1164
176 178
177 1165
177 2735
177 1164
178 1015
178 1108
179 2123
180 2572
180 1457
180 184
181 182
181 2573
182 183
183 184
185 186
185 2159
185 2160
186 187
186 1519
187 188
187 2759
188 191
188 190
189 2158
189 513
189 191
190 191
190 192
192 193
192 200
193 194
193 200
194 195
194 553
195 196
195 553
196 197
196 201
197 198
197 201
198 199
198 2856
199 200
199 2855
201 202
202 204
202 203
203 204
203 1936
204 2204
205 206
205 214
205 215
206 207
207 208
207 210
208 1936
208 1937
209 391
209 215
209 211
210 213
211 212
212 213
214 1161
214 2202
215 1161
216 233
216 217
217 1350
217 1351
218 2728
218 2811
218 2624
218 588
219 1533
219 2728
219 1534
219 1531
220 221
220 1534
220 2846
220 1150
221 1361
221 222
222 1462
222 1361
223 255
223 224
223 2764
223 2836
224 1363
224 603
224 609
225 384
225 226
225 386
226 1201
226 227
227 2270
227 1488
227 607
228 1389
228 1385
228 601
229 641
229 651
230 648
230 633
230 635
231 1802
232 629
232 1870
233 971
233 1410
233 2810
234 1166
234 1966
235 1713
236 1192
236 930
236 328
237 916
237 1409
237 915
238 239
238 896
238 428
239 1878
239 244
239 242
240 2603
240 241
240 244
241 305
241 425
241 915
242 245
243 897
243 1794
243 898
244 1528
244 426
245 419
245 1526
246 556
246 329
247 1419
247 344
248 249
248 1056
249 283
249 250
249 282
250 251
250 317
251 316
251 281
252 304
252 991
252 279
252 995
253 254
253 298
253 991
254 2622
255 615
255 256
255 614
256 1364
256 659
257 1362
257 1009
257 1360
257 1621
258 489
258 519
258 550
258 488
259 1488
259 2851
259 1147
259 2468
260 1406
260 1147
260 1145
261 1150
261 1459
261 1149
262 1621
262 2391
262 2846
263 532
263 1773
263 533
264 1583
264 532
264 1771
265 271
265 289
266 272
266 271
267 288
267 272
268 270
268 289
268 288
269 270
269 272
270 1432
274 276
274 471
274 275
275 471
276 278
276 2526
277 2002
277 2525
277 278
278 2525
278 2526
279 387
279 388
280 2371
281 317
281 1001
282 999
282 317
283 284
283 286
284 315
284 2278
285 303
285 301
285 2278
286 378
286 2274
287 336
287 300
287 1794
290 323
290 1619
290 598
291 292
291 1140
291 2368
292 296
292 295
293 1137
293 1596
293 2587
293 2013
294 295
294 1138
294 1137
295 1139
296 1000
296 2369
297 2274
297 316
297 315
297 301
298 993
298 2619
299 304
299 300
300 994
301 302
302 303
302 996
303 994
304 996
304 994
305 2603
305 306
305 916
305 1529
306 1529
306 307
306 916
307 1409
307 2275
308 2276
308 312
308 309
310 312
311 314
311 333
311 1528
312 431
313 431
313 314
313 429
314 331
314 2793
315 2278
316 998
318 2368
318 319
318 2369
319 326
320 1619
321 324
321 323
322 2863
322 2272
323 2375
323 2376
324 1597
324 2636
325 589
325 2569
325 2607
325 1194
326 1193
326 1002
326 2636
327 330
327 1053
327 328
328 1053
329 1054
329 330
330 2745
331 332
331 335
332 334
332 333
333 428
334 1612
334 335
335 336
336 1794
337 922
337 927
337 2321
338 935
338 373
338 2325
339 2690
339 433
339 2735
340 1457
340 1109
340 341
341 342
341 2630
342 2122
342 1801
343 2602
344 345
344 1415
344 1413
345 356
346 989
347 989
347 348
347 349
348 1049
348 1415
348 1051
349 1413
349 350
349 2286
350 2283
351 2281
351 352
352 353
352 2283
353 354
354 355
354 1353
355 2286
355 356
357 358
357 2479
357 359
358 1347
358 2197
359 360
359 1347
360 2088
360 1226
361 1224
361 1346
361 1589
362 1264
362 2410
362 1217
363 2453
363 1264
363 1270
364 2453
364 2406
364 1274
364 1277
365 2537
365 2406
365 2533
366 2033
366 2534
366 367
366 2449
367 2031
367 2028
368 2032
368 2027
369 1883
370 371
371 372
371 928
372 914
372 854
374 375
374 376
375 2853
375 2530
377 2531
379 380
379 1173
380 382
380 1173
381 1173
381 2021
381 1593
382 1148
382 1732
383 1199
383 385
383 2467
384 385
384 2599
385 2601
386 2599
386 2851
387 388
387 990
388 1623
389 1002
389 1000
391 392
391 393
392 1481
392 393
393 396
394 1483
394 395
395 1485
396 1483
396 1487
397 425
397 398
397 854
398 399
398 424
399 423
399 400
400 413
400 401
401 414
401 402
402 1581
402 415
403 416
403 2562
403 1581
404 412
404 405
405 411
405 406
406 410
407 1478
407 1479
408 1574
408 1479
408 416
409 415
409 410
410 414
411 412
411 414
412 413
413 421
415 416
415 1478
417 417
417 1613
418 2861
419 1537
419 420
420 421
420 422
420 1536
422 1548
425 426
426 1537
427 898
428 1611
430 431
432 1647
433 434
433 1647
435 436
438 1849
438 1725
438 441
439 441
439 444
439 443
440 444
440 449
440 447
441 442
444 445
444 446
447 448
447 449
449 450
451 462
451 453
452 466
452 2523
452 1913
453 466
454 455
454 1924
455 1923
455 1931
456 460
456 457
457 459
457 458
458 986
458 1050
458 987
459 460
459 986
460 920
461 557
461 556
461 986
462 2295
462 468
463 464
463 468
463 467
464 1633
464 470
465 2290
465 1641
465 2289
466 1636
468 469
472 1516
472 1047
473 486
473 481
473 474
473 1163
474 475
474 479
476 483
477 480
478 1162
478 1163
478 485
478 2856
479 480
479 485
479 482
480 482
481 552
481 490
482 484
483 484
483 2772
484 2769
485 2768
486 488
486 490
486 2771
487 2771
488 489
488 493
489 490
491 2841
491 1007
491 1011
492 493
492 2841
492 1800
493 2357
494 1799
495 1798
495 1799
495 972
496 497
496 2790
496 499
497 500
497 2344
498 499
499 500
499 501
500 2342
501 501
502 1176
502 1908
502 669
503 2706
503 669
503 1176
504 2350
504 505
504 1798
505 2347
505 2705
506 509
506 552
506 507
506 1582
508 509
508 511
508 514
509 2743
510 510
510 2743
511 512
511 514
512 1784
512 2847
513 514
513 2847
515 517
515 516
515 2847
516 517
516 518
517 2158
518 2844
518 2011
519 520
519 1759
520 521
520 534
521 522
521 526
522 523
522 525
523 1763
523 1780
524 537
524 525
524 535
525 1761
527 533
527 528
527 537
528 529
528 536
529 1523
529 530
530 531
530 532
533 538
535 536
535 1760
536 2766
537 538
538 1762
539 540
539 1523
539 1522
540 541
540 551
542 543
543 545
543 1621
544 545
545 550
546 547
546 550
546 548
547 2008
548 2008
548 549
552 1163
552 1162
553 1508
554 2148
555 704
555 703
555 1984
556 1052
557 1417
557 1049
558 1485
558 1155
558 1481
559 563
559 560
559 2583
560 2090
560 561
561 963
561 962
562 961
562 563
562 958
563 2655
564 2431
564 566
564 966
565 2188
565 1239
565 1117
566 1238
566 2581
567 2148
567 2147
567 700
568 1562
568 715
568 569
569 2862
569 1549
569 570
570 573
570 571
571 579
571 572
572 600
572 2499
573 574
573 579
574 1493
574 1566
575 2862
575 1490
575 577
576 1562
576 1564
576 1560
576 577
577 578
578 1565
578 1490
579 2738
580 1493
580 1175
580 1491
581 582
581 584
581 2737
582 583
582 585
583 584
584 2615
585 587
585 1618
585 1601
586 1617
586 734
587 1491
587 1616
588 2604
588 592
589 590
589 2608
590 2465
590 2604
591 592
591 1348
591 593
592 2608
593 594
593 595
594 969
594 1399
595 969
596 971
596 597
596 2497
597 1350
598 2374
598 1594
599 1142
599 1136
599 1141
601 602
601 1388
602 2827
602 1363
603 2827
603 617
604 1390
604 1363
604 606
605 607
605 1390
605 1388
606 1365
606 1391
607 1391
608 1365
608 1383
608 1488
609 613
609 610
610 617
610 1392
611 618
611 665
611 1392
611 663
612 2495
612 1376
612 662
613 614
613 1458
614 1393
614 615
615 1394
616 2388
616 2387
616 617
618 2388
618 619
620 2825
620 1865
621 641
621 622
621 1865
622 638
622 1868
623 636
623 634
623 1868
624 1575
624 634
624 633
625 1700
625 1575
625 1699
626 627
626 1699
627 1703
627 1702
627 631
628 631
628 1703
628 1902
628 1903
629 630
629 1702
631 632
632 1871
633 1046
634 635
635 636
636 637
638 639
638 640
639 646
639 641
642 643
642 644
642 651
643 645
643 644
644 676
644 647
645 646
645 1792
646 2381
647 1793
647 649
648 2381
648 1792
649 655
649 2702
649 978
650 2702
651 2492
652 656
652 2843
653 2792
653 676
653 1910
653 674
654 667
654 655
654 674
655 671
656 1484
656 657
657 1912
657 2792
658 1358
658 1364
658 1486
659 660
659 2007
659 661
660 663
660 661
661 1394
662 1006
662 1377
663 664
664 665
664 1375
665 1376
666 672
666 1909
666 1908
667 673
667 671
667 668
668 670
668 669
670 2859
670 671
671 2860
672 675
672 673
673 675
674 2689
675 677
676 2493
677 2689
678 958
678 688
678 679
679 967
679 680
680 1235
680 1236
681 686
681 1084
681 2540
682 695
682 690
682 1864
682 1863
683 684
684 695
684 685
685 697
685 686
686 697
686 687
687 698
687 1827
688 956
688 691
688 2428
689 1113
689 2427
689 940
690 696
690 2581
690 691
691 2824
692 2875
692 938
692 956
693 698
693 694
693 696
694 940
694 698
695 697
695 696
697 698
699 1863
699 1084
699 700
700 1864
700 707
701 702
701 1861
701 1719
701 2673
701 2672
702 1855
702 1128
703 2441
703 704
704 1599
704 1600
705 1709
705 1122
705 1598
706 1253
706 1247
706 1122
707 1241
707 1247
708 827
708 833
708 1876
709 1876
709 762
709 2791
709 735
710 2710
710 711
710 744
711 759
711 712
712 713
712 2597
713 1559
713 716
714 716
714 720
714 715
715 721
716 720
716 1555
717 2777
717 1446
717 1040
718 729
718 2490
718 719
718 1696
719 1741
719 777
719 720
721 722
722 979
722 982
723 1438
723 1442
723 724
724 795
724 787
724 725
725 2718
725 2719
726 1677
726 1679
726 2720
727 2553
727 1679
728 1447
728 1040
728 1446
729 730
729 788
730 1691
730 2867
731 782
731 783
731 2867
731 739
732 1327
732 1037
732 733
732 739
733 1746
733 1745
734 1874
734 735
734 1617
735 1877
736 760
736 737
736 1322
737 745
737 1325
738 1325
738 749
738 775
739 740
739 775
740 1077
740 741
741 1080
741 1036
742 1059
742 1060
742 743
743 1038
743 1681
744 745
744 2791
745 746
745 766
746 747
746 773
747 748
747 774
748 1543
748 749
749 2364
750 759
750 2597
750 751
751 2269
751 758
752 757
752 755
752 2269
752 771
753 754
753 759
753 756
754 757
754 755
755 766
756 758
756 757
758 759
760 761
760 762
762 763
763 764
763 2707
763 765
766 767
768 770
768 2394
768 771
768 2364
768 769
771 2267
772 2267
774 774
775 776
777 2490
777 983
778 1740
778 779
778 1657
779 1804
779 788
780 1804
780 789
780 781
781 782
781 1204
782 794
783 813
783 784
784 1039
784 785
785 2257
785 2260
786 2252
786 787
786 2254
787 2126
788 1739
789 790
789 793
790 2362
790 792
791 2362
794 794
795 799
795 798
796 810
796 801
796 799
797 798
797 810
799 802
800 2714
800 1335
800 808
801 1310
801 1319
802 803
802 808
803 804
803 805
806 809
807 809
808 809
810 2150
811 2124
812 2125
812 1041
812 2366
812 1040
813 1311
813 1661
814 815
814 1661
814 1312
815 1666
815 1312
816 1530
816 817
816 818
817 818
817 1401
818 819
819 841
819 1530
820 841
820 829
821 822
821 1591
821 823
822 826
822 830
822 825
823 829
823 831
823 879
824 1464
824 1541
824 1590
825 886
825 879
826 827
826 832
828 831
828 1464
828 829
830 839
830 838
831 1590
832 1590
833 834
833 878
834 836
834 835
835 878
835 837
836 1408
836 837
837 840
838 884
838 1408
839 883
839 886
840 877
840 884
841 879
841 2805
842 882
842 880
842 1107
843 1401
843 1179
844 853
844 855
844 2560
844 1153
846 847
847 849
847 2741
848 2295
848 1106
848 2515
849 1106
849 2367
850 1818
850 2367
851 852
851 1152
851 901
851 859
852 853
852 859
852 905
853 2686
854 1581
855 2562
855 1545
856 1574
856 1547
856 1545
857 859
858 906
858 899
858 2687
858 910
860 1055
860 1192
860 931
861 862
861 875
861 2645
861 894
862 1873
862 866
863 1686
864 1032
865 866
866 1030
867 868
867 869
867 2149
868 870
868 1030
869 871
869 870
869 2240
870 872
871 872
871 2242
872 1033
873 2647
873 890
873 1153
874 1153
874 1602
874 2207
874 1607
875 887
875 876
876 887
876 877
877 883
878 1539
879 881
879 2559
880 882
880 881
881 882
883 884
885 887
885 1107
885 1542
886 1107
888 889
888 2686
888 890
889 892
889 2687
890 891
891 892
891 2646
892 2116
893 2646
893 894
893 2647
894 2645
894 1602
895 2101
895 2000
895 2094
896 898
896 897
899 904
899 900
900 902
900 901
901 904
902 906
902 905
903 904
903 1152
903 2732
905 906
907 908
907 910
907 2688
909 1320
909 2117
909 913
910 2687
911 1572
911 2246
912 1298
912 2398
912 2246
913 1293
913 1298
913 1551
915 923
917 930
917 925
918 919
918 2521
919 2519
919 920
920 1052
921 925
921 2216
922 2521
922 2318
923 928
924 928
924 2214
924 926
925 926
926 2215
927 2311
927 1620
928 929
929 1195
929 931
930 1195
931 2282
932 935
932 2323
932 2155
933 1165
933 2521
933 2155
934 2155
934 935
936 1166
936 2690
937 2674
937 938
937 2678
938 2425
939 2576
939 1851
939 2575
940 1851
941 1113
941 1114
941 2425
942 1169
942 1090
942 1167
943 1336
943 2649
944 2328
944 2708
944 945
945 2708
945 1336
946 1645
946 947
946 1646
947 953
947 948
948 952
949 954
949 2161
949 2162
950 954
950 2658
950 2457
951 2161
951 1627
951 1151
952 1151
954 2175
955 2532
955 2171
955 2662
956 1337
957 2875
957 2651
957 1339
958 2729
959 965
959 960
959 964
960 2834
960 968
961 964
961 962
962 963
963 964
965 2137
965 967
966 1117
966 2177
967 2431
968 2830
968 2089
969 970
970 1609
970 2497
971 2826
972 1907
972 1176
973 977
973 1154
973 974
974 977
974 975
975 976
975 2705
976 2705
976 2704
977 2703
978 2860
978 2859
979 980
979 982
980 981
980 1576
981 1698
981 1576
982 985
983 2213
983 2474
984 985
984 2213
984 1698
985 2213
987 988
987 2287
988 2602
990 991
990 993
992 993
995 996
995 998
997 998
999 1001
999 1000
1001 2371
1003 1004
1003 1005
1004 1005
1004 1610
1006 1382
1007 2842
1007 1008
1008 2843
1008 1379
1008 1486
1009 1010
1009 1011
1011 1012
1012 1014
1012 1013
1015 2123
1015 1108
1016 1811
1017 1019
1017 1018
1018 1019
1019 2121
1020 1956
1020 1021
1020 1023
1021 2817
1021 1028
1021 1957
1022 1958
1023 1024
1025 1935
1025 1797
1026 2828
1026 1935
1026 2829
1027 2552
1028 1029
1028 1955
1028 1959
1029 2541
1029 2006
1030 1031
1032 1033
1034 2241
1034 2238
1034 1035
1035 1035
1036 1037
1036 1059
1037 1038
1038 1746
1039 1039
1041 1042
1041 1313
1042 1043
1042 1045
1043 1044
1043 1313
1044 1045
1044 1310
1045 1439
1046 2377
1046 1700
1048 1521
1048 1515
1048 2359
1049 1050
1050 1051
1051 2287
1057 2526
1057 2525
1058 1059
1061 1681
1061 1983
1062 1983
1062 1083
1062 1063
1063 1064
1063 1083
1064 1688
1064 1072
1065 1688
1065 1069
1065 1066
1066 1067
1066 1688
1067 1990
1067 1068
1068 1069
1069 1070
1070 1071
1070 1073
1071 1752
1071 1073
1072 1753
1072 1752
1073 1750
1074 1075
1074 1750
1074 1751
1075 1078
1075 1076
1076 1077
1076 1750
1077 1080
1078 1082
1078 1079
1079 1081
1079 1080
1081 1757
1081 1758
1082 1749
1082 1758
1083 1754
1085 1852
1085 1111
1085 1970
1086 1088
1086 1186
1086 1852
1087 2574
1087 1853
1087 2580
1088 1188
1089 1095
1089 1730
1090 1091
1090 1096
1091 1096
1091 1727
1092 1643
1092 2093
1092 1101
1093 1096
1093 1095
1093 1094
1094 1095
1094 1826
1096 2093
1097 1823
1097 1098
1098 1824
1099 1100
1099 1103
1100 1101
1100 1102
1101 1823
1105 2516
1106 2296
1108 2571
1109 2122
1109 1110
1111 1112
1111 1115
1112 1113
1112 1114
1114 1115
1115 1116
1117 2180
1118 2178
1118 1119
1118 2180
1119 2183
1119 2179
1120 1121
1120 2187
1120 2183
1121 1243
1121 1246
1121 1244
1122 1240
1123 2582
1123 1240
1123 1251
1124 2567
1124 1600
1124 1126
1125 2661
1125 1288
1125 2725
1126 2432
1126 2593
1126 2671
1127 2444
1127 2673
1127 2593
1128 2444
1128 2833
1129 2592
1129 1342
1130 2850
1130 2670
1130 2435
1131 2850
1132 2637
1132 2701
1132 2850
1133 2172
1133 2169
1133 2170
1134 1135
1134 1743
1134 2168
1135 2517
1136 1137
1136 1138
1138 1139
1139 1143
1139 1140
1140 1619
1141 2372
1141 1143
1141 2374
1142 2685
1142 1596
1143 2154
1144 1145
1144 1148
1144 2500
1145 1146
1146 1149
1146 2465
1147 2500
1148 1733
1149 1150
1149 1531
1151 2656
1152 2562
1154 1160
1154 1157
1155 2475
1155 1156
1156 1157
1156 2788
1157 2475
1157 2476
1158 1159
1158 1482
1158 2629
1159 1354
1159 1160
1162 2855
1164 1165
1166 2691
1166 2675
1166 2674
1167 1169
1168 1169
1168 1171
1168 2845
1169 1170
1170 1171
1171 2326
1172 2524
1174 2846
1174 2613
1174 1535
1175 2736
1177 1521
1178 1878
1178 1179
1180 1181
1180 1430
1180 1184
1181 1687
1182 1443
1183 1185
1183 1184
1184 2464
1184 2153
1185 2249
1185 1790
1186 1853
1186 1188
1187 1188
1189 1491
1189 1615
1189 1493
1190 1974
1192 1195
1194 2569
1196 1489
1196 1200
1197 2014
1197 2013
1197 2022
1198 1552
1198 1200
1199 1201
1201 2014
1202 2873
1203 1808
1205 1210
1205 1206
1205 1211
1206 1213
1206 1208
1207 1210
1208 1494
1208 1495
1209 1210
1209 2449
1209 1214
1211 1498
1211 1212
1212 1500
1212 1501
1213 1496
1213 1495
1214 1498
1215 1221
1215 1231
1215 2419
1216 1220
1217 1220
1217 1232
1217 2411
1218 1260
1218 1227
1218 1500
1219 1230
1219 1226
1220 1229
1221 1222
1221 2414
1222 1224
1222 1233
1223 2157
1223 1225
1223 1502
1224 1228
1225 2414
1225 2413
1226 2206
1227 2157
1227 1260
1227 1267
1230 1266
1230 1231
1231 2411
1234 1238
1234 1237
1234 2581
1235 2824
1235 1237
1236 1237
1236 1238
1239 1239
1240 1253
1241 1248
1241 1247
1242 1245
1242 2583
1242 1243
1243 1250
1244 2188
1244 1249
1245 1251
1246 1246
1248 1252
1248 1253
1249 1249
1250 1250
1254 1271
1254 1276
1254 1259
1255 1275
1255 2049
1255 1259
1256 1276
1257 1279
1258 1272
1258 1259
1258 1262
1260 1267
1260 2156
1261 1278
1263 1264
1263 1285
1263 1266
1265 1269
1265 1714
1265 2535
1266 1273
1267 1282
1267 2157
1268 1277
1269 2536
1269 2049
1269 2045
1270 1279
1270 1281
1271 1284
1271 2052
1273 2053
1274 1282
1274 2761
1276 1281
1277 1278
1278 1280
1279 1283
1280 2408
1280 1281
1282 2424
1284 2455
1284 2053
1285 2455
1285 2454
1286 1290
1286 1340
1286 2567
1287 2725
1287 2567
1287 1710
1288 2582
1288 2583
1289 1290
1289 2667
1291 1292
1291 2244
1291 1308
1292 1300
1292 1301
1293 2244
1293 1308
1294 1302
1294 1294
1295 1301
1296 2734
1297 1300
1297 1569
1297 2481
1298 1302
1299 1304
1299 2004
1300 2396
1301 1303
1302 1308
1303 2245
1303 1305
1304 1304
1305 2396
1305 1306
1306 1307
1306 2775
1307 1570
1307 2773
1309 2395
1309 1320
1309 1314
1310 1319
1311 1803
1311 1312
1313 2366
1314 1321
1314 1572
1315 1326
1315 1316
1315 1675
1316 1324
1316 1318
1317 2399
1318 1445
1318 1675
1319 1445
1320 1321
1321 1571
1322 1327
1322 1539
1323 1330
1323 1335
1323 1328
1324 1333
1324 1445
1325 1327
1326 1329
1326 1333
1327 1334
1328 1332
1328 1330
1329 1330
1329 1331
1331 1333
1331 1335
1332 2393
1332 1335
1334 1539
1334 1745
1336 1343
1337 2875
1337 2726
1338 2760
1338 2200
1338 2648
1338 2199
1340 2432
1340 2669
1342 2672
1342 2872
1342 2644
1343 2648
1343 2708
1344 2074
1344 2451
1344 1345
1344 1502
1345 1589
1345 2082
1346 2477
1346 1589
1347 2731
1348 1349
1349 2281
1349 1610
1350 1351
1351 1352
1355 1356
1356 2839
1356 2489
1357 1486
1358 1362
1358 1359
1360 2609
1360 1362
1361 2610
1364 1462
1365 1366
1367 1369
1367 1922
1367 2503
1368 1919
1368 1932
1368 1915
1369 1929
1369 1928
1369 1917
1370 1915
1370 1374
1370 1372
1371 1932
1371 1837
1371 1914
1372 1919
1372 1373
1373 2508
1373 2514
1373 1374
1374 1835
1375 1376
1375 1377
1377 1378
1378 1379
1378 1382
1379 1380
1380 1579
1380 1580
1381 1579
1381 1577
1381 1382
1383 2390
1383 2836
1384 1461
1384 1460
1384 1459
1385 1386
1386 1387
1387 2270
1387 1388
1390 1391
1392 1458
1393 1458
1393 1394
1395 2866
1395 1882
1395 1881
1396 2502
1396 2866
1397 1457
1397 1465
1398 1466
1400 1403
1400 1404
1400 1463
1401 1402
1402 1403
1402 1463
1403 1404
1405 1406
1406 1459
1407 1408
1409 1544
1411 1418
1411 1420
1411 1412
1412 1420
1412 1419
1413 1416
1414 1415
1414 1418
1414 1420
1417 1419
1417 1418
1421 1433
1421 1431
1421 1434
1422 1434
1422 1435
1422 1426
1423 1428
1423 1436
1424 1429
1424 2152
1424 2153
1425 1432
1425 1437
1426 2469
1426 1430
1427 2469
1428 1436
1430 1433
1431 1433
1431 2464
1432 1437
1434 1435
1436 2225
1436 1437
1437 2220
1438 1441
1438 2777
1440 1456
1440 1442
1440 1455
1442 2869
1443 1447
1443 1444
1444 1447
1444 1446
1448 1449
1448 1450
1448 1452
1451 1453
1451 1801
1452 1466
1454 1456
1454 1697
1454 1455
1455 1696
1456 2777
1460 1461
1460 1462
1461 2390
1462 2763
1463 1601
1465 1466
1467 1468
1468 1469
1468 1470
1470 1471
1470 1473
1471 1475
1471 1476
1472 1473
1473 1474
1474 1477
1474 1476
1478 2539
1479 2539
1480 2032
1480 2193
1480 2194
1481 1485
1482 2344
1482 2345
1483 1487
1487 2840
1489 1615
1489 1557
1490 1566
1492 1558
1492 1565
1492 1564
1494 2194
1494 1497
1495 1496
1496 1497
1497 2625
1499 2083
1499 2057
1499 2056
1500 1501
1501 1502
1503 1507
1504 1588
1504 1507
1504 1736
1505 2010
1505 1506
1506 1507
1508 1509
1509 1510
1509 2547
1511 2611
1512 1513
1513 1514
1513 2612
1514 1515
1514 1934
1515 1517
1515 2358
1516 1517
1516 2611
1516 2612
1518 1519
1518 2547
1518 2759
1518 1934
1519 2358
1519 1520
1521 2361
1523 1524
1526 1527
1527 1548
1528 2603
1529 2793
1531 1532
1533 1535
1533 1734
1534 1535
1537 1538
1540 2219
1540 2015
1540 1687
1541 1877
1543 1543
1544 2282
1544 2277
1545 1819
1546 2861
1546 1548
1546 1547
1547 1821
1550 2118
1550 2120
1550 1553
1551 2118
1551 2244
1552 2631
1553 1563
1554 1561
1555 1562
1555 1560
1556 1557
1557 1565
1558 1561
1559 1560
1559 1564
1561 1567
1563 1995
1566 1568
1570 2481
1570 2773
1572 2398
1573 2828
1574 2564
1575 1576
1578 1579
1583 1586
1583 2391
1584 1585
1585 1586
1585 1587
1586 1588
1588 1778
1592 2863
1592 1597
1593 2021
1593 1595
1594 2021
1594 2272
1595 2683
1595 2685
1596 2682
1597 2863
1598 1708
1598 1984
1599 2437
1599 1984
1600 2436
1602 1608
1603 1605
1603 1608
1603 2596
1604 1608
1606 2623
1609 1609
1613 1878
1614 1874
1614 1616
1615 1616
1616 1875
1617 1618
1618 1875
1620 2316
1620 2313
1622 2756
1624 1743
1624 2637
1624 2700
1625 2168
1625 2166
1626 2169
1626 2167
1627 2163
1627 2165
1628 1631
1629 1631
1629 1630
1631 1632
1633 1634
1634 1641
1635 2505
1636 1638
1636 2505
1637 2293
1638 2290
1638 2293
1639 1862
1640 1641
1642 1642
1643 2093
1644 2093
1646 2326
1647 2325
1648 1652
1648 1649
1648 1830
1649 1653
1649 1829
1650 1742
1651 1742
1652 1742
1652 1828
1653 1816
1653 1654
1654 1816
1654 1740
1655 1658
1655 2635
1655 1657
1656 1657
1658 1739
1659 1739
1659 1659
1660 1662
1661 1662
1662 1665
1662 2265
1663 1664
1663 1665
1664 1666
1664 1669
1666 1668
1667 1670
1668 1670
1668 1673
1669 1673
1669 2128
1670 1672
1671 1673
1671 1672
1671 2251
1672 1674
1675 1676
1677 1677
1678 1679
1680 2556
1680 1684
1681 1682
1682 1683
1682 2874
1683 2329
1683 1685
1684 2553
1684 1685
1685 1686
1686 1687
1689 1690
1689 2253
1690 2252
1691 2869
1691 1693
1692 1694
1693 1694
1695 1697
1696 1697
1698 2681
1699 1700
1701 1802
1702 1704
1702 1869
1703 1704
1704 1872
1705 2019
1706 2020
1706 2019
1707 1709
1708 1710
1708 1709
1709 1711
1710 1711
1711 2725
1711 2582
1713 1714
1713 2044
1715 1717
1715 2697
1716 2697
1717 1718
1719 1723
1720 1721
1720 1723
1721 1722
1722 1844
1722 1723
1722 1843
1724 1725
1726 1727
1726 1730
1728 1729
1729 1730
1731 2020
1732 2467
1732 2468
1734 1735
1734 1737
1736 1737
1736 2614
1737 1738
1740 1741
1741 1742
1743 2794
1744 1745
1746 2874
1747 1749
1748 1751
1749 1754
1751 1752
1754 1755
1756 1758
1762 1764
1762 1763
1763 2543
1764 1766
1764 1765
1766 1769
1766 1767
1768 1769
1769 1770
1770 1775
1770 1772
1771 1778
1771 1779
1773 1774
1773 1779
1774 1777
1774 1776
1778 1779
1780 1785
1780 2849
1781 1786
1781 2848
1781 1783
1782 1961
1782 2848
1782 2849
1783 1784
1783 1787
1784 1787
1787 1788
1789 1960
1791 1793
1792 1793
1795 1796
1798 1799
1801 2122
1802 2377
1804 1805
1805 1807
1805 1806
1807 1808
1807 1810
1808 1809
1809 1812
1809 1811
1811 1812
1812 1813
1814 1815
1815 1816
1815 1817
1819 2643
1820 1821
1821 2643
1822 2694
1822 2695
1822 2143
1823 2145
1824 2145
1824 1825
1827 2578
1827 2577
1831 1832
1832 1834
1833 1834
1834 2531
1835 1922
1835 1836
1836 2508
1836 2506
1838 1841
1838 1839
1839 1843
1840 1844
1841 1842
1841 1843
1841 1845
1843 1846
1845 1846
1845 1847
1846 1847
1847 1848
1849 1850
1851 1853
1852 1854
1855 2446
1855 2833
1856 1857
1856 2446
1856 1971
1858 1971
1858 1860
1858 1972
1859 1860
1860 1861
1861 2627
1862 1913
1863 1864
1865 1866
1867 1868
1870 1903
1873 2588
1873 2226
1874 1875
1876 1877
1879 1885
1879 1884
1880 1884
1880 1881
1880 1882
1881 1884
1885 2799
1886 2304
1886 2302
1886 1892
1887 1888
1887 2779
1887 1898
1888 1889
1888 1895
1889 1893
1890 2304
1890 1894
1890 1891
1891 1892
1891 2598
1892 1899
1893 1894
1894 1896
1895 1900
1895 1896
1896 1902
1896 1897
1897 1899
1897 2778
1898 1900
1898 1903
1899 1905
1900 1902
1901 1904
1902 1904
1904 1905
1905 1906
1908 1912
1909 1910
1909 1911
1910 1911
1911 1912
1913 1914
1914 1915
1916 2403
1916 2405
1916 2400
1917 1928
1917 1925
1918 2402
1918 2744
1918 1932
1918 1919
1920 1925
1920 2563
1920 1923
1921 2744
1922 1929
1923 1931
1924 2401
1924 2744
1925 2563
1926 1927
1926 1930
1926 1928
1927 1930
1927 2400
1930 1931
1933 1934
1934 2358
1935 2552
1936 1937
1937 1938
1938 1939
1938 1940
1939 1941
1939 1940
1940 1942
1941 1943
1941 1945
1942 1944
1942 1946
1943 1944
1943 1945
1944 1946
1945 1947
1946 1975
1947 1948
1947 1950
1948 1949
1948 1950
1949 1953
1949 1951
1950 1952
1951 2840
1951 1953
1952 1954
1952 1975
1953 1954
1954 1975
1955 1958
1955 1956
1956 1958
1960 1961
1962 1968
1962 1966
1962 1967
1963 1967
1963 1964
1963 1969
1964 2630
1964 1969
1965 1969
1965 1968
1965 1970
1966 1967
1968 1970
1971 1972
1972 1973
1976 1980
1977 2746
1977 1982
1977 1981
1978 1981
1979 2724
1979 1980
1979 1985
1980 1982
1981 1983
1982 1987
1986 1987
1987 1989
1987 1988
1991 2110
1992 2106
1992 2096
1992 2108
1993 1995
1994 1995
1995 1996
1996 2113
1996 2003
1997 2000
1998 2001
1999 2003
2000 2001
2000 2117
2001 2003
2002 2236
2005 2218
2005 2733
2006 2006
2009 2546
2013 2014
2015 2016
2016 2232
2017 2740
2018 2308
2018 2216
2018 2306
2018 2739
2019 2020
2022 2023
2023 2024
2025 2028
2025 2191
2025 2026
2026 2027
2026 2029
2027 2029
2028 2031
2029 2030
2030 2192
2030 2193
2031 2192
2032 2034
2033 2148
2033 2043
2034 2713
2034 2036
2035 2713
2035 2037
2035 2038
2036 2039
2036 2038
2038 2040
2039 2040
2039 2041
2040 2042
2044 2047
2044 2045
2045 2046
2047 2048
2048 2052
2049 2050
2050 2051
2050 2711
2053 2054
2055 2056
2056 2626
2057 2060
2057 2058
2058 2061
2058 2064
2059 2069
2059 2062
2059 2060
2060 2061
2061 2063
2062 2066
2063 2065
2063 2069
2064 2068
2064 2067
2066 2070
2067 2068
2067 2074
2068 2072
2069 2080
2070 2073
2070 2080
2071 2072
2072 2075
2072 2076
2074 2077
2075 2077
2075 2078
2077 2079
2080 2081
2083 2085
2083 2084
2085 2086
2085 2087
2086 2087
2086 2730
2087 2088
2088 2477
2089 2091
2089 2178
2090 2834
2090 2091
2091 2522
2092 2653
2094 2108
2094 2095
2095 2100
2095 2099
2096 2110
2096 2097
2097 2099
2097 2098
2099 2104
2100 2103
2100 2101
2101 2116
2102 2103
2103 2104
2104 2105
2106 2109
2106 2107
2107 2111
2107 2110
2108 2109
2109 2113
2111 2112
2111 2113
2113 2114
2115 2116
2115 2747
2117 2688
2118 2119
2119 2120
2121 2121
2124 2125
2126 2128
2126 2127
2128 2129
2130 2132
2130 2471
2131 2135
2131 2471
2131 2133
2131 2134
2132 2471
2135 2136
2137 2729
2138 2143
2138 2692
2138 2139
2139 2141
2139 2693
2140 2142
2140 2694
2141 2693
2141 2142
2143 2692
2144 2692
2145 2146
2151 2152
2152 2153
2158 2159
2159 2160
2161 2162
2162 2532
2163 2164
2163 2165
2164 2166
2165 2167
2167 2169
2170 2172
2170 2171
2171 2173
2172 2174
2173 2664
2173 2174
2174 2517
2176 2178
2177 2830
2177 2180
2181 2184
2182 2185
2183 2184
2184 2187
2185 2188
2185 2186
2187 2189
2190 2479
2192 2193
2194 2195
2196 2634
2196 2197
2197 2198
2201 2203
2202 2203
2202 2204
2203 2204
2205 2206
2207 2208
2207 2558
2208 2209
2208 2211
2209 2210
2209 2211
2211 2212
2214 2305
2214 2215
2215 2216
2217 2218
2219 2224
2219 2220
2220 2221
2220 2222
2221 2222
2221 2223
2222 2233
2222 2223
2223 2224
2224 2237
2224 2233
2225 2226
2225 2228
2226 2227
2227 2228
2227 2229
2228 2229
2229 2231
2230 2231
2231 2238
2232 2235
2232 2236
2233 2237
2234 2239
2235 2237
2235 2236
2238 2239
2239 2240
2240 2241
2241 2242
2242 2243
2247 2249
2248 2249
2250 2252
2254 2257
2254 2255
2255 2255
2256 2258
2257 2261
2258 2260
2258 2259
2259 2262
2259 2260
2261 2263
2263 2264
2266 2269
2267 2268
2270 2271
2273 2274
2275 2279
2275 2277
2276 2277
2276 2282
2280 2281
2283 2284
2285 2286
2287 2288
2290 2291
2292 2293
2294 2523
2294 2806
2297 2302
2298 2303
2299 2301
2300 2302
2301 2304
2301 2785
2301 2782
2302 2303
2303 2785
2304 2787
2305 2740
2305 2307
2307 2311
2307 2309
2308 2309
2308 2740
2309 2310
2310 2312
2310 2313
2311 2314
2313 2315
2316 2318
2316 2317
2318 2320
2319 2321
2321 2323
2322 2323
2324 2325
2326 2327
2327 2845
2327 2328
2328 2845
2329 2330
2329 2556
2331 2873
2332 2333
2332 2335
2332 2334
2333 2337
2333 2336
2335 2339
2335 2341
2336 2338
2336 2339
2338 2340
2338 2342
2339 2340
2340 2343
2341 2341
2342 2796
2344 2348
2345 2346
2345 2349
2346 2351
2346 2347
2347 2355
2350 2352
2350 2353
2353 2354
2353 2356
2358 2360
2362 2363
2364 2762
2365 2366
2368 2369
2370 2371
2373 2374
2377 2378
2379 2380
2380 2382
2380 2381
2383 2384
2384 2494
2385 2386
2386 2388
2386 2387
2389 2390
2391 2392
2396 2481
2397 2398
2399 2595
2400 2401
2401 2403
2402 2514
2402 2404
2403 2404
2404 2405
2405 2514
2406 2407
2409 2410
2410 2421
2411 2412
2414 2415
2416 2419
2417 2421
2418 2420
2419 2420
2420 2421
2422 2424
2423 2424
2425 2426
2427 2429
2427 2428
2428 2430
2429 2430
2431 2830
2432 2433
2434 2589
2434 2435
2435 2872
2435 2590
2436 2437
2438 2441
2439 2442
2439 2444
2439 2696
2440 2443
2440 2511
2441 2442
2442 2833
2445 2448
2446 2447
2448 2450
2448 2449
2452 2453
2455 2456
2457 2852
2457 2460
2458 2460
2458 2459
2458 2852
2459 2460
2459 2532
2463 2464
2465 2466
2467 2601
2468 2600
2469 2470
2472 2473
2473 2680
2473 2681
2477 2478
2479 2480
2482 2483
2484 2565
2484 2562
2484 2485
2485 2566
2486 2489
2487 2491
2488 2490
2489 2491
2491 2798
2492 2494
2492 2493
2493 2495
2494 2495
2496 2697
2497 2498
2499 2587
2501 2502
2503 2506
2503 2507
2504 2505
2506 2509
2508 2510
2511 2512
2512 2513
2515 2516
2517 2637
2518 2529
2518 2754
2520 2521
2524 2758
2525 2526
2528 2530
2531 2853
2533 2537
2533 2536
2534 2535
2534 2537
2535 2536
2538 2539
2540 2579
2540 2804
2541 2542
2543 2546
2543 2545
2544 2545
2545 2546
2547 2548
2548 2549
2548 2802
2549 2550
2550 2801
2551 2552
2553 2555
2554 2555
2556 2557
2558 2560
2558 2559
2559 2561
2560 2561
2561 2643
2562 2565
2563 2639
2565 2566
2569 2636
2569 2570
2570 2607
2572 2573
2574 2575
2574 2580
2575 2576
2576 2577
2577 2578
2578 2804
2579 2580
2579 2804
2584 2586
2584 2585
2585 2738
2585 2586
2586 2587
2589 2590
2589 2591
2590 2592
2591 2592
2593 2594
2599 2600
2599 2601
2600 2601
2600 2851
2604 2605
2604 2727
2606 2608
2607 2608
2609 2610
2611 2612
2613 2614
2615 2617
2615 2616
2616 2617
2618 2621
2618 2620
2620 2621
2625 2626
2627 2628
2631 2710
2631 2709
2632 2753
2632 2853
2632 2752
2633 2634
2638 2641
2638 2640
2639 2641
2639 2700
2640 2701
2640 2641
2642 2794
2645 2646
2646 2647
2648 2649
2648 2650
2649 2651
2650 2652
2650 2651
2651 2653
2652 2653
2652 2654
2653 2655
2654 2656
2654 2655
2655 2657
2656 2658
2656 2657
2657 2659
2658 2660
2658 2659
2659 2661
2660 2662
2660 2661
2661 2663
2662 2663
2662 2664
2663 2665
2664 2665
2664 2666
2665 2667
2666 2667
2666 2668
2667 2669
2668 2669
2668 2670
2669 2671
2670 2671
2670 2871
2671 2673
2672 2673
2672 2871
2674 2676
2675 2676
2676 2678
2676 2677
2677 2678
2679 2680
2680 2681
2682 2683
2682 2684
2683 2684
2684 2685
2686 2687
2688 2747
2691 2735
2694 2695
2698 2699
2700 2701
2703 2704
2703 2706
2704 2706
2709 2710
2709 2791
2712 2713
2714 2716
2714 2715
2715 2716
2715 2718
2716 2717
2717 2720
2717 2721
2718 2719
2719 2722
2720 2721
2721 2723
2722 2723
2722 2724
2723 2724
2727 2728
2730 2731
2732 2734
2733 2734
2736 2737
2741 2741
2742 2743
2748 2750
2748 2749
2748 2757
2749 2757
2749 2755
2750 2751
2751 2752
2752 2753
2753 2754
2754 2755
2756 2757
2759 2802
2763 2764
2765 2766
2766 2767
2770 2771
2773 2774
2780 2786
2781 2786
2782 2787
2782 2783
2784 2785
2786 2787
2789 2790
2789 2864
2795 2796
2796 2798
2797 2798
2799 2800
2802 2803
2807 2812
2807 2808
2807 2810
2808 2810
2808 2809
2809 2811
2809 2812
2811 2812
2813 2819
2813 2814
2814 2822
2815 2820
2815 2816
2816 2818
2817 2818
2817 2819
2818 2819
2820 2822
2820 2821
2821 2828
2821 2822
2823 2824
2823 2823
2828 2829
2829 2832
2831 2852
2834 2835
2837 2838
2838 2839
2839 2840
2841 2842
2842 2843
2848 2849
2854 2856
2855 2856
2857 2864
2858 2864
2859 2860
2865 2866
2867 2868
2869 2870
2871 2872
2873 2874
