0 1
1 72
1 48
2 3
2 79
2 375
3 4
3 523
4 50
4 5
5 50
5 51
6 921
6 52
6 53
7 70
7 51
7 49
8 72
8 71
8 920
9 48
9 71
9 90
9 624
10 68
10 66
10 13
11 64
11 779
11 63
12 67
12 65
12 64
13 918
13 919
14 526
14 535
14 550
14 15
14 155
15 520
15 544
16 527
16 834
16 916
16 917
17 58
17 31
17 834
18 814
18 56
18 762
19 20
19 813
19 814
20 56
21 23
22 24
22 738
22 23
23 791
24 746
24 25
25 745
26 294
26 295
26 291
27 489
27 983
27 914
28 376
28 63
28 29
29 63
29 66
30 34
30 60
30 495
31 915
31 32
32 61
32 62
33 61
33 34
33 35
34 35
35 484
35 938
36 561
36 955
36 91
37 92
37 84
37 93
38 770
38 508
38 509
39 930
39 927
39 929
40 103
40 972
40 92
41 251
41 506
41 512
41 219
41 516
42 274
42 275
42 821
43 907
43 825
44 896
44 67
44 885
45 785
46 76
47 434
47 74
47 73
49 52
49 54
50 53
51 70
52 921
53 76
54 76
55 791
55 766
55 744
56 762
57 59
57 569
57 58
58 59
59 60
60 141
61 62
62 914
64 779
65 918
65 67
66 68
68 425
69 81
69 320
70 554
71 920
72 625
73 74
73 75
73 625
74 624
75 925
75 625
77 498
77 505
77 727
78 475
78 507
78 980
79 82
79 89
80 321
80 361
80 357
81 324
82 967
82 89
83 138
83 148
83 141
84 94
84 123
85 808
85 466
85 810
86 129
86 422
86 737
87 435
87 962
87 430
87 737
88 337
88 509
88 504
89 361
90 429
90 624
91 115
91 566
91 118
91 561
92 168
93 169
93 566
94 106
94 154
95 167
95 110
95 867
96 289
96 840
96 296
97 929
97 928
97 261
98 261
98 907
98 930
99 102
99 260
99 100
100 257
100 188
101 736
101 112
101 110
102 972
102 736
103 170
103 188
104 732
104 290
104 108
105 158
105 107
105 620
106 156
106 167
107 156
107 108
109 110
111 112
112 859
113 781
113 143
113 114
113 482
114 476
114 563
115 568
115 889
116 889
116 119
116 568
117 488
117 475
117 127
118 177
118 128
119 884
119 843
120 575
120 125
120 576
120 135
121 816
121 580
121 123
122 153
122 613
122 147
122 580
123 843
123 906
124 780
124 149
124 817
125 780
125 136
125 140
126 581
126 572
126 739
126 818
127 875
127 844
128 876
128 875
129 131
130 131
132 618
132 616
132 626
133 608
133 616
133 640
134 576
134 145
134 804
134 144
135 576
135 816
136 140
136 137
136 138
137 151
137 138
138 149
139 150
139 832
139 151
139 569
140 584
141 142
142 495
142 143
142 882
143 148
144 147
145 585
145 577
145 586
146 584
146 577
146 152
146 572
147 842
148 496
148 149
150 570
150 152
150 581
151 152
153 154
153 620
154 601
155 534
155 535
155 868
156 158
157 294
157 280
157 293
158 601
159 160
159 642
159 675
160 684
160 694
161 163
161 763
161 858
162 819
162 164
162 163
163 858
164 949
164 951
165 647
165 622
165 644
165 858
166 603
166 952
166 949
167 168
168 972
169 566
169 170
169 857
170 857
171 172
171 259
171 191
172 856
172 226
173 856
173 855
174 175
174 188
174 176
177 178
177 857
178 238
178 247
179 250
179 247
179 219
180 241
180 216
180 238
181 186
181 216
181 869
182 184
182 183
182 187
183 903
183 185
185 836
185 188
186 187
186 869
187 836
189 190
189 869
189 191
190 257
190 191
192 855
192 195
192 861
193 853
193 861
193 194
194 855
194 231
195 196
195 861
195 862
197 897
197 854
198 255
198 199
198 201
199 203
199 200
200 773
200 201
201 202
203 204
203 206
204 205
204 304
205 207
205 243
205 304
206 207
206 208
207 208
208 306
209 306
210 211
210 243
210 235
211 212
211 231
212 213
212 224
213 234
213 214
214 215
214 224
215 216
215 232
217 256
217 505
217 240
218 305
219 844
220 220
220 221
221 227
221 228
222 223
222 225
222 224
223 225
223 228
225 226
226 227
227 233
228 229
230 231
235 236
235 242
236 237
237 238
239 244
239 243
239 240
240 731
244 246
244 245
245 248
245 256
246 248
246 247
248 249
249 311
249 250
250 251
251 311
252 731
252 253
253 254
254 255
254 511
255 971
256 515
257 258
258 259
258 260
259 307
260 928
261 262
262 263
262 268
263 264
263 269
264 265
265 266
265 310
267 268
268 269
269 307
270 271
271 307
271 272
272 272
273 824
273 825
273 930
274 822
274 821
275 292
275 276
276 277
276 292
277 309
277 308
278 287
278 308
278 279
279 281
279 280
279 286
280 757
280 958
281 282
281 285
282 283
282 284
283 312
283 856
287 288
287 308
289 296
289 290
289 293
290 595
291 295
291 292
293 294
295 296
297 300
297 728
297 829
298 712
298 301
298 709
299 721
300 433
300 722
301 721
301 728
302 467
302 460
302 429
303 772
303 771
303 773
304 731
305 306
305 772
309 310
311 515
312 313
314 830
314 317
314 318
315 832
315 319
315 815
316 830
316 739
316 865
317 562
317 739
318 319
318 690
319 551
320 343
320 339
321 329
321 336
322 334
322 326
322 324
323 346
323 341
323 339
323 335
324 729
325 360
325 361
325 847
326 327
326 339
326 328
327 334
327 328
328 334
329 349
329 340
330 348
330 344
330 338
331 349
332 342
332 350
332 351
333 395
333 393
333 345
335 347
335 345
336 338
336 349
337 343
337 351
337 878
338 344
340 393
340 350
341 342
341 343
342 347
344 360
345 395
346 729
346 395
347 350
351 354
352 367
352 374
352 357
353 880
353 365
353 376
355 820
356 374
356 358
356 407
357 368
358 362
358 361
359 360
362 365
362 371
362 375
363 368
364 983
364 531
364 366
364 530
365 383
366 847
367 820
368 407
369 380
370 404
370 372
370 378
371 400
371 380
372 384
372 392
373 374
375 940
376 940
376 881
377 399
377 782
377 783
377 381
378 386
378 390
379 396
379 392
379 402
380 420
381 900
381 899
381 386
382 397
382 730
382 388
384 396
384 398
385 399
386 388
386 405
387 397
387 391
388 389
388 406
389 391
389 880
390 398
390 420
392 782
393 401
394 730
396 729
397 730
398 401
399 848
401 420
403 407
406 406
408 974
409 424
409 413
409 423
410 417
410 436
410 424
411 416
412 979
413 425
413 925
414 421
415 416
415 419
415 421
416 418
417 425
417 919
421 940
422 436
422 827
424 976
426 431
426 430
427 437
427 429
427 438
428 438
431 439
432 469
432 440
432 433
433 457
433 440
434 435
434 441
435 441
436 441
437 438
437 439
442 473
442 470
442 467
443 456
443 450
443 454
444 468
444 451
444 447
445 445
445 460
446 463
446 447
446 964
446 462
447 455
448 451
448 469
448 463
449 449
449 472
451 468
452 469
452 463
452 960
453 453
453 458
454 468
454 456
455 456
455 471
457 963
457 795
458 965
458 961
459 462
459 465
460 795
461 473
461 472
461 470
462 464
464 465
464 466
465 807
466 966
467 473
470 472
474 475
474 483
474 480
476 559
476 484
477 489
477 486
477 497
478 491
478 980
478 489
479 492
479 496
479 487
480 486
480 490
481 495
482 567
482 781
484 486
485 488
486 497
487 494
487 906
488 559
491 497
491 845
492 493
492 494
493 884
493 567
494 883
496 781
498 769
498 768
499 504
499 518
499 778
500 769
501 507
501 727
501 513
501 506
502 515
503 768
503 514
503 508
504 509
505 516
506 513
507 770
508 770
510 769
512 512
513 516
513 727
514 517
514 768
517 775
517 776
518 778
518 776
519 529
519 553
519 533
520 528
520 554
521 528
522 868
522 530
522 527
523 523
524 529
524 526
525 526
525 534
525 533
527 868
527 915
528 532
530 533
530 534
531 967
531 533
535 536
535 916
536 551
536 539
536 815
537 557
538 553
539 542
539 557
539 556
540 553
541 548
541 724
542 981
542 555
543 550
543 547
543 549
544 545
544 554
545 546
545 555
547 982
547 556
548 706
548 671
550 556
551 557
552 553
555 680
558 560
558 561
559 956
560 564
560 955
562 570
562 581
563 568
563 567
565 863
569 863
570 574
571 905
571 582
571 573
572 579
572 581
573 575
573 841
575 587
576 841
577 579
578 629
578 579
578 818
580 842
582 587
582 894
583 894
584 893
585 905
585 893
586 629
586 803
587 898
588 589
588 616
588 622
589 598
589 605
590 623
591 602
591 620
591 594
592 600
592 870
592 607
593 595
594 610
594 612
595 617
596 901
596 953
597 797
597 793
597 614
598 614
598 621
599 600
599 603
599 610
600 623
601 604
603 611
605 606
605 614
606 619
606 618
607 615
607 611
608 968
608 609
608 616
609 643
609 637
610 621
611 954
612 613
612 621
613 797
615 901
615 870
617 952
617 953
618 793
622 640
623 870
626 629
626 887
627 630
627 887
627 634
628 631
628 644
628 640
631 631
632 644
632 645
632 646
633 646
634 968
634 818
635 656
635 641
635 643
636 942
636 638
636 639
637 639
637 968
639 818
641 947
641 942
642 792
642 947
643 645
645 646
647 658
647 648
647 654
648 651
648 653
649 657
649 659
649 658
650 657
651 655
651 924
652 657
654 658
654 762
660 674
660 673
660 682
661 683
661 672
661 937
662 689
662 680
662 669
663 691
663 693
663 668
664 666
665 798
665 690
665 681
666 669
666 688
667 695
669 681
670 688
670 685
670 671
671 689
672 923
672 686
673 678
673 865
675 686
675 694
676 683
677 692
679 683
680 703
680 698
681 798
682 692
682 937
684 937
684 796
687 694
688 689
690 693
692 695
693 695
696 706
696 700
696 701
697 704
697 701
697 705
698 702
698 701
699 705
703 706
703 705
707 711
708 723
710 726
710 711
710 716
711 718
712 723
712 717
713 716
714 720
714 715
714 719
715 728
715 720
716 723
718 725
720 721
732 759
732 734
733 734
734 760
735 736
736 838
737 828
738 932
738 753
740 811
740 741
742 788
742 896
743 912
743 744
744 767
745 747
746 934
746 748
747 969
747 748
748 749
749 958
749 931
750 751
751 752
751 792
753 754
753 755
754 755
754 756
755 761
756 758
756 911
764 908
764 766
764 948
765 948
766 948
771 773
771 854
772 853
774 778
775 971
775 776
777 878
779 872
782 783
783 848
783 874
784 785
785 852
786 852
786 787
786 789
787 788
787 850
788 790
791 909
793 800
794 797
794 800
794 804
795 799
798 805
799 799
800 803
801 805
802 802
802 805
803 804
806 808
806 827
807 809
809 811
811 812
813 814
815 835
816 817
817 906
821 824
822 892
822 825
823 824
826 827
830 831
832 833
833 833
834 915
834 835
835 917
836 837
839 840
840 859
841 904
843 883
844 876
846 985
847 967
848 873
849 873
849 849
851 852
853 854
859 860
863 864
865 866
868 916
871 872
873 874
874 943
875 876
877 878
879 880
883 884
886 887
888 889
890 892
891 892
893 894
895 896
900 900
901 902
904 905
908 910
913 927
914 983
916 917
918 919
920 921
922 977
925 975
926 927
928 929
931 936
931 935
932 957
932 933
933 934
933 957
934 935
935 936
936 957
938 939
938 956
939 955
941 942
941 941
944 946
945 946
946 947
949 950
952 953
955 956
958 959
960 963
960 961
961 962
962 963
964 965
964 966
965 966
970 971
973 978
973 974
973 976
974 975
975 976
977 978
977 979
978 979
980 984
984 985
