0 38
0 28
0 35
1 465
1 65
1 339
2 64
2 402
2 67
3 222
3 402
3 542
4 108
4 112
4 595
4 429
5 6
5 112
5 211
6 198
6 522
7 241
7 522
7 524
8 419
8 16
8 27
9 16
9 19
9 18
10 18
10 11
10 17
11 24
11 503
12 316
12 495
12 56
13 424
13 403
13 181
14 15
14 417
14 25
15 26
15 23
15 25
16 19
17 111
17 419
18 21
19 26
20 337
20 418
21 27
22 25
22 406
22 427
23 24
23 26
24 418
28 36
28 460
29 30
29 63
29 462
30 463
30 63
31 32
31 463
31 467
32 33
32 465
33 34
33 465
34 462
34 37
35 461
36 40
36 461
36 39
37 462
37 460
38 39
39 40
41 584
41 44
41 42
42 597
42 43
43 216
43 510
44 45
44 239
45 436
45 449
46 163
46 47
46 121
47 369
47 121
48 223
48 569
48 221
49 221
49 222
49 52
50 132
50 54
50 51
51 125
51 75
52 146
52 425
53 146
53 55
53 72
54 55
54 130
55 73
56 57
56 495
56 315
57 278
57 313
58 456
58 59
59 408
59 407
60 407
60 332
61 332
62 71
63 299
64 339
64 67
65 340
65 339
66 67
66 70
66 340
68 466
68 69
68 300
69 559
69 70
70 340
71 299
71 456
72 85
72 569
73 428
73 118
74 75
74 106
74 80
75 596
76 77
76 87
76 89
77 90
77 82
78 103
78 81
78 107
79 145
79 80
79 81
80 428
81 86
82 83
82 116
83 120
83 84
84 118
84 85
85 120
86 87
86 88
87 428
89 90
89 92
90 102
90 91
91 316
91 223
92 96
92 95
92 93
93 94
93 546
96 546
96 102
97 101
97 98
98 110
98 104
99 110
99 507
99 100
100 101
100 197
101 196
102 197
103 104
103 537
104 529
105 529
106 189
106 107
107 145
107 188
108 114
108 144
109 110
111 419
112 113
113 573
113 115
114 188
114 115
117 118
119 120
121 592
122 596
122 134
122 594
123 134
123 128
123 129
124 129
124 169
125 126
125 132
126 183
126 141
127 129
127 190
127 160
128 399
128 400
128 183
130 132
130 140
131 139
131 140
131 184
132 138
133 134
135 507
135 142
136 231
136 137
136 570
137 202
137 571
138 141
138 140
139 155
139 415
141 183
141 398
142 199
142 506
143 506
143 573
144 429
144 411
146 425
147 416
147 593
147 595
148 167
148 416
148 212
149 212
149 432
149 434
150 443
150 434
150 213
151 164
151 173
151 166
151 526
152 442
152 167
152 166
153 154
153 155
154 425
155 156
156 338
156 357
157 389
157 392
157 182
158 162
158 182
158 185
159 184
159 187
159 397
160 397
160 400
161 172
161 309
162 454
162 352
163 194
163 528
163 171
164 192
164 174
165 212
166 167
168 185
169 396
169 170
170 368
170 171
171 207
172 310
174 446
174 175
175 192
175 447
176 193
177 217
177 178
177 195
178 179
178 547
179 216
179 513
180 192
182 186
184 391
185 218
186 187
186 312
187 190
188 189
189 438
190 191
191 218
191 312
191 395
192 193
193 194
194 414
195 431
195 213
196 546
196 197
198 199
198 200
199 201
200 575
200 543
202 203
202 409
203 225
203 555
204 225
204 205
204 516
205 475
205 206
205 236
206 211
206 505
207 440
207 208
208 234
208 451
209 437
209 536
210 554
210 228
210 230
211 227
213 215
214 220
214 219
214 433
215 215
216 509
216 413
217 220
218 471
219 435
219 584
221 222
223 569
224 229
225 572
226 610
226 227
226 576
227 576
228 601
228 229
229 602
230 518
230 604
231 478
231 576
232 238
233 240
234 441
234 440
235 608
236 473
236 606
237 375
237 367
237 365
238 602
238 519
239 239
240 344
240 355
240 345
242 346
242 344
242 351
243 271
243 266
243 283
244 255
245 496
245 274
245 286
246 259
246 258
246 272
246 502
246 499
247 285
247 282
247 279
248 280
248 279
248 264
249 260
249 266
249 497
250 261
250 284
250 273
250 287
251 255
251 262
251 263
252 255
253 265
253 275
253 263
254 287
255 289
256 273
256 285
256 258
257 269
257 268
257 498
258 273
259 497
259 260
260 266
261 612
261 276
261 503
262 280
262 490
263 490
265 496
265 281
267 287
268 490
268 324
269 283
269 275
270 284
270 503
270 544
272 274
272 277
274 288
275 283
276 501
276 502
277 282
277 288
278 280
279 288
281 290
281 531
282 532
284 285
291 300
291 561
291 292
291 299
292 557
292 293
293 559
293 550
294 557
295 567
295 408
295 296
296 298
296 297
300 301
301 301
302 359
302 371
302 494
303 305
303 304
303 352
304 492
304 365
305 307
305 309
306 308
306 470
306 343
307 308
309 310
310 470
311 388
311 380
311 384
312 471
313 530
313 314
314 549
314 319
315 549
315 316
315 551
317 318
317 549
317 548
319 320
319 321
320 320
322 324
322 323
322 325
323 583
323 324
325 541
325 495
326 328
326 327
326 538
329 408
329 459
329 330
330 334
330 331
331 333
331 335
331 336
332 333
333 334
334 458
337 421
341 468
341 363
341 351
342 363
342 345
342 343
343 552
344 345
346 347
346 361
347 350
347 351
347 364
348 360
348 354
348 356
349 350
350 354
352 453
353 354
355 361
356 374
356 357
357 371
358 374
358 468
358 359
359 372
362 364
363 367
364 366
365 552
367 468
369 438
369 594
370 372
371 372
373 374
375 494
375 377
376 493
378 381
378 383
378 379
378 380
379 382
379 381
380 383
381 385
383 492
384 385
386 389
387 390
388 390
388 556
389 390
391 393
391 392
392 394
397 398
398 399
399 400
401 401
401 402
403 405
403 404
404 534
404 535
406 491
406 427
409 410
411 592
411 438
412 508
412 488
412 413
413 482
416 448
417 420
417 426
418 427
420 422
420 426
421 426
421 423
422 423
422 424
423 424
429 595
430 434
437 577
437 545
439 440
441 441
443 446
443 450
444 449
445 446
449 528
451 452
451 581
455 456
457 459
460 461
463 467
464 467
469 470
471 472
474 475
475 610
476 610
477 487
477 485
479 481
480 481
481 482
483 485
484 486
485 486
486 487
487 488
488 489
492 493
493 494
496 497
498 499
498 500
499 500
500 501
501 502
504 505
505 609
506 507
508 512
508 509
509 511
514 517
515 517
516 554
516 517
518 608
518 605
520 521
520 522
520 598
523 524
523 601
523 525
524 525
527 528
533 612
538 541
538 540
539 541
552 553
554 574
557 558
559 560
561 563
561 562
563 567
563 564
564 565
564 566
567 568
577 579
577 578
579 581
579 580
581 582
584 590
585 586
586 590
586 587
587 589
587 588
590 591
592 593
593 595
594 596
599 601
599 600
602 603
606 608
606 607
611 612
