0 1221
0 1
1 311
1 131
2 1359
2 132
2 314
3 332
3 1359
4 66
4 65
4 1362
5 67
5 66
5 1116
6 29
6 68
6 69
7 1131
7 306
7 8
8 11
8 1117
9 553
9 11
9 82
10 13
10 82
10 306
11 549
12 310
12 13
12 16
13 307
14 308
14 15
14 156
15 307
15 21
15 310
16 81
16 309
17 18
17 28
17 24
18 19
18 27
19 20
19 1136
20 21
20 1135
21 22
22 23
22 310
23 24
23 259
24 259
25 26
25 1509
25 1407
26 774
26 1387
27 28
27 773
28 1355
29 68
29 305
30 1263
30 448
30 372
30 565
30 1402
31 447
31 1296
31 558
31 1297
31 452
32 322
32 61
32 63
32 307
33 1057
33 1045
33 1026
33 1409
34 1033
34 1043
34 1103
34 1047
35 36
35 1250
35 770
36 37
36 767
37 1290
37 1291
38 1150
38 1290
38 757
39 497
39 1150
39 1430
39 1429
40 1293
40 63
40 557
41 42
41 564
41 1239
42 1218
42 43
43 44
43 45
44 45
44 568
45 1397
46 567
46 564
46 566
46 1397
47 48
47 278
47 567
48 49
48 568
49 339
49 50
50 1254
50 1255
51 316
51 318
51 464
52 1411
52 1390
52 316
53 54
53 90
53 252
54 253
54 88
55 56
55 1412
55 1431
56 57
56 254
57 487
57 492
58 75
58 492
58 74
59 77
59 80
59 76
60 1363
60 1224
60 1450
61 1504
61 1135
62 63
62 1504
62 1455
63 321
63 1293
64 495
64 493
64 65
65 68
66 1487
67 1117
67 69
69 550
70 71
70 305
70 73
71 72
71 491
72 1420
72 73
73 485
74 75
74 1419
75 76
76 77
77 78
78 79
78 486
79 1418
79 486
80 1363
80 1427
81 82
81 156
83 393
83 416
83 399
84 471
84 473
84 85
85 86
85 1390
86 90
86 87
87 1390
87 1411
88 89
88 253
89 315
89 1411
90 312
91 327
91 232
91 1456
91 226
92 330
92 113
92 228
92 112
93 112
93 331
93 1422
93 1423
94 95
94 1423
94 98
95 1458
95 508
96 1353
96 97
96 1458
97 98
97 128
98 103
99 495
100 1362
101 129
101 102
101 1353
102 332
102 133
103 107
103 104
104 1278
104 1521
105 1466
105 108
105 1278
106 1344
106 1422
106 111
107 117
107 108
108 109
108 121
109 110
109 1404
110 111
110 124
111 1342
111 112
113 1342
113 122
113 212
114 124
114 212
114 204
115 203
115 1339
115 165
116 1398
116 203
116 1417
117 120
117 1348
118 119
119 120
119 125
120 121
121 1234
121 123
122 218
122 216
122 220
123 124
123 165
125 127
125 126
126 129
126 128
128 129
129 1353
130 1222
130 131
130 1459
131 1511
132 1517
132 1518
133 1220
134 498
134 1271
134 1484
135 1291
135 767
135 1151
136 1205
136 542
136 1196
137 337
137 264
137 1109
138 1199
138 343
138 155
138 1225
139 744
139 1225
139 1226
140 142
140 1425
140 141
141 142
141 759
142 764
143 748
143 745
143 749
144 749
144 750
144 762
144 1258
145 1258
145 146
145 1197
146 752
146 751
147 1365
147 1381
147 763
148 785
148 149
148 1381
149 714
149 154
150 151
150 714
150 798
151 799
151 152
152 153
152 720
153 792
153 154
154 784
155 1226
155 336
156 322
157 158
157 164
158 159
158 164
159 160
160 161
161 179
161 162
162 163
162 179
163 1454
163 1313
164 1313
165 200
166 167
166 1473
166 201
167 168
167 201
168 186
168 1337
169 185
169 1337
169 172
170 171
170 1336
170 1452
171 1454
171 172
172 174
173 177
173 175
173 176
174 177
174 1336
176 177
176 178
179 180
180 1334
180 181
181 189
181 361
182 353
182 367
182 364
183 369
183 184
183 366
183 244
184 246
184 260
185 1335
185 1338
185 186
186 195
187 188
187 1334
187 197
188 1333
188 189
189 196
190 191
190 1428
190 207
191 192
191 230
192 1340
192 357
193 194
193 1340
193 206
193 205
194 198
194 1472
194 195
195 201
196 197
196 207
197 198
198 206
199 200
199 1472
199 202
200 204
201 1472
202 1451
202 203
204 205
205 359
206 207
207 356
207 1341
208 353
208 355
208 356
209 1447
209 1394
209 210
210 214
210 215
211 217
211 212
211 214
213 214
215 219
215 216
216 217
217 219
218 225
218 1395
219 1279
220 225
220 227
220 221
221 222
221 224
222 223
222 229
223 1428
223 1456
225 226
226 328
226 228
227 229
227 1394
228 329
229 230
230 1394
231 247
231 355
231 233
232 242
232 326
232 600
233 245
233 234
234 235
234 243
234 245
235 236
235 246
236 240
236 237
237 1273
237 238
238 1401
238 600
239 1392
239 1273
239 1401
240 241
241 242
242 245
243 244
243 246
244 247
245 1248
247 354
248 249
248 403
248 251
249 404
249 250
250 382
250 251
251 381
252 311
252 313
253 1412
254 1431
254 490
255 475
255 1125
255 1153
256 1118
256 1152
256 1125
257 1152
257 258
257 1432
258 1132
258 259
260 368
260 1275
261 1237
261 1275
261 1274
261 1392
262 263
262 662
262 617
262 670
263 541
263 659
264 303
264 1201
265 266
265 297
265 1201
266 298
266 267
267 341
267 268
268 344
268 269
268 301
269 665
269 347
270 655
270 271
270 347
270 334
271 272
271 1486
272 1281
272 277
273 663
273 274
273 1282
274 275
274 663
275 532
275 276
276 277
276 532
277 1486
278 279
278 569
278 1216
279 280
279 1190
280 1185
280 1211
281 1108
281 1170
281 1171
282 1170
282 283
282 296
283 1202
283 292
284 285
284 291
284 1202
285 286
285 299
286 290
286 544
287 300
287 289
287 1111
288 289
288 300
288 665
289 290
289 1471
290 291
290 1167
291 295
291 1168
292 293
292 1168
293 1170
293 294
294 295
294 606
294 605
295 604
296 1200
296 297
296 543
297 1200
298 299
298 1200
299 1164
300 1162
301 302
301 1166
302 1164
302 544
303 304
303 1219
304 543
304 1171
305 552
305 476
306 1131
308 464
308 309
309 318
312 473
312 313
313 1329
313 1328
314 1329
315 317
315 316
317 501
317 318
319 506
319 518
319 509
320 333
320 351
320 350
320 518
321 322
321 457
321 451
322 454
323 1392
323 324
323 1237
323 1245
324 1193
324 325
324 1401
325 1184
325 579
326 804
326 327
326 580
327 603
327 1448
328 329
328 603
329 330
330 352
330 1512
330 582
331 507
331 508
331 1522
333 1242
333 526
334 1242
334 535
334 1277
335 655
335 1244
335 661
335 656
336 661
336 1268
337 1197
337 747
338 1216
338 1235
338 1236
339 340
339 1218
340 1266
340 1257
340 577
341 1195
341 342
342 1243
342 343
342 344
343 743
343 496
344 539
345 1244
345 1199
345 1243
346 1243
346 538
346 1244
347 539
347 538
347 664
348 808
348 349
348 601
348 668
349 602
349 1174
349 605
350 666
350 601
350 581
351 502
351 1520
352 1520
352 1523
353 354
354 355
356 1428
357 358
357 1340
358 359
358 360
358 1447
359 1447
361 362
361 364
362 1314
363 364
365 366
366 367
367 1453
368 369
368 370
369 373
370 1274
370 1402
371 575
371 1402
371 1274
372 437
372 431
372 377
373 1331
373 432
374 1331
375 377
375 383
375 376
376 378
376 431
377 385
378 379
378 432
379 383
379 386
380 395
380 387
380 381
380 403
381 470
381 396
382 1324
382 470
383 384
384 394
384 385
385 390
386 387
386 389
388 391
388 1315
388 390
389 394
389 1315
390 393
391 1318
391 1319
392 1318
392 401
392 393
393 1301
394 1315
395 1319
395 402
396 1323
396 400
397 400
397 398
397 401
398 1322
398 399
399 1306
399 471
400 1321
401 402
402 1320
403 1317
405 406
405 1306
405 429
406 428
406 469
407 408
407 469
407 409
408 453
408 409
409 410
410 411
410 427
411 426
411 462
411 1502
412 459
412 413
412 1503
413 450
413 414
414 422
414 415
415 418
415 416
416 420
416 417
417 1301
417 433
418 419
418 420
419 421
419 425
419 423
420 424
421 425
421 422
422 426
423 1302
423 428
424 429
424 1302
425 426
425 427
427 428
428 429
430 1332
431 1312
432 1311
433 446
433 434
434 445
434 435
435 438
435 436
436 440
436 437
437 439
439 448
439 441
440 441
440 442
441 443
442 443
442 444
443 445
445 446
446 1299
447 1298
447 451
447 448
448 449
449 565
449 1297
450 457
450 451
450 459
451 452
452 556
453 1295
453 463
454 455
454 1294
455 456
455 460
456 457
456 458
458 460
458 459
460 461
461 462
461 1294
462 1295
464 465
465 468
465 466
466 467
466 468
468 469
470 472
471 472
473 474
474 1328
474 1326
474 1324
475 552
475 490
475 478
476 482
476 494
477 479
477 501
477 480
478 480
478 479
479 548
480 547
481 483
481 486
481 488
482 485
482 484
483 484
483 485
484 489
487 492
487 491
488 489
488 1477
489 1477
490 491
493 494
494 495
496 746
496 747
497 1256
497 578
498 1144
498 1239
499 1446
499 1145
499 555
499 1144
500 546
500 545
500 501
502 504
502 503
503 1522
503 1512
504 506
504 505
505 1522
506 1349
507 508
507 509
508 1423
509 513
510 511
511 513
511 583
512 515
512 514
512 516
513 515
515 516
516 1352
517 526
517 519
517 518
519 527
519 1350
520 1350
520 596
520 521
521 522
521 585
522 523
522 525
523 524
523 531
524 529
524 530
526 528
528 1288
529 591
529 588
532 533
533 534
533 598
534 537
534 535
535 1486
535 536
538 539
540 656
540 1280
540 618
541 618
541 670
541 1268
542 1198
542 1204
543 1201
544 1111
545 545
546 546
547 1421
547 549
549 550
550 1421
551 552
554 557
554 556
554 555
555 562
556 1293
557 1446
558 562
558 563
559 560
559 563
560 561
561 562
561 563
564 1296
564 571
565 1263
565 571
566 572
566 571
566 569
567 569
567 1265
568 1265
569 574
570 1217
570 576
570 575
570 1237
572 574
572 573
574 1217
575 1237
575 1264
576 1262
576 1245
577 578
577 1218
578 1257
579 806
579 1182
579 1175
580 600
580 806
580 1193
581 582
581 1270
583 1458
583 584
584 585
584 587
585 586
587 590
587 588
588 589
591 594
591 592
592 593
592 629
592 627
593 594
593 636
594 599
595 609
595 598
595 1286
596 597
596 1283
598 1288
598 650
601 1207
602 1207
602 603
602 1172
604 605
604 1156
604 807
607 1175
607 1174
607 1180
608 1261
608 1236
608 1262
609 610
609 1286
610 611
610 1287
611 612
611 1287
612 1284
612 1285
613 1283
613 636
613 1285
614 643
614 649
614 615
614 1284
615 648
615 616
616 662
616 617
616 621
617 622
618 661
618 659
619 620
619 622
620 621
621 623
622 628
623 626
623 642
624 642
624 625
624 634
625 627
625 628
627 1396
629 630
629 633
630 631
630 1383
631 633
631 632
634 635
634 637
635 641
635 639
635 636
637 638
637 1354
638 639
638 1479
639 640
641 643
641 642
643 644
645 653
645 646
645 1280
646 647
646 660
646 652
647 650
647 649
647 1287
648 649
648 651
649 660
650 652
651 662
651 660
652 653
652 663
653 654
653 657
654 656
654 655
657 1282
657 1281
658 659
658 660
658 1280
659 662
661 1199
664 1277
664 665
664 666
665 668
666 667
666 1242
667 668
667 669
670 671
671 675
671 674
672 673
672 675
673 679
673 680
675 683
676 689
676 677
676 684
677 678
677 728
678 679
678 690
679 704
680 681
680 1524
681 682
682 1400
683 685
683 684
684 686
685 686
685 721
686 1476
687 725
687 688
687 814
688 728
688 738
688 689
689 735
690 724
690 691
691 692
691 715
691 734
692 693
692 733
693 713
693 695
694 813
694 1372
694 713
695 696
695 813
696 705
696 697
697 701
697 698
698 699
698 700
700 706
700 705
701 702
701 730
702 703
702 731
703 709
703 712
704 711
704 709
705 1230
706 707
706 729
707 729
707 708
708 709
708 729
709 711
710 712
710 734
710 711
711 712
713 715
714 970
715 811
715 727
716 717
716 744
716 1425
717 783
717 1238
718 787
718 782
718 719
718 786
719 1525
719 786
719 788
720 797
720 796
720 791
721 741
721 1476
722 793
722 723
722 736
723 810
723 737
723 822
724 725
724 726
725 726
725 728
726 727
727 814
730 731
730 732
731 733
733 1370
734 1371
735 793
735 1476
736 738
736 737
737 820
738 739
739 820
739 814
740 741
740 1525
740 791
741 797
742 1525
743 745
743 744
745 1425
746 748
746 747
748 749
750 1259
750 763
750 1258
751 1259
751 1260
752 753
752 766
753 760
753 761
754 760
754 757
754 756
755 761
755 756
755 758
756 760
757 1485
757 765
758 759
758 764
759 764
761 1260
762 763
762 955
763 1259
765 766
766 1429
767 1289
767 1493
768 770
768 873
768 771
769 770
769 1099
769 776
771 1249
771 1103
771 1250
772 773
772 1095
772 774
773 774
775 776
775 1042
775 777
776 1041
777 873
777 1036
778 782
778 1238
778 954
779 782
779 780
779 781
780 955
780 781
781 785
783 786
783 1238
784 785
784 787
787 788
788 792
789 790
790 799
790 810
790 796
791 792
793 794
794 795
794 810
795 797
795 796
797 1476
798 799
798 1367
800 875
800 1470
800 818
800 825
801 1445
801 1443
801 1469
802 803
802 1247
803 1378
803 969
804 805
804 1173
805 1176
805 806
805 1175
806 1193
807 809
807 808
808 1154
811 1372
811 896
811 1424
812 816
812 871
812 895
813 1372
814 815
815 816
815 828
816 827
817 822
817 818
817 830
818 829
819 830
819 821
819 828
820 821
821 822
823 827
823 824
823 829
824 825
824 826
825 893
826 895
826 893
827 828
829 830
831 879
831 906
831 886
832 931
832 845
832 879
833 1435
833 1378
833 1438
834 838
834 835
834 837
835 890
835 864
836 1403
836 839
836 841
837 865
837 1391
838 887
838 1391
839 874
839 840
840 863
840 841
841 842
842 843
842 862
843 880
843 844
844 878
844 847
844 861
845 847
845 848
846 848
846 853
846 847
848 917
849 1440
849 1490
849 1439
850 854
850 1462
850 1436
851 854
851 852
851 859
852 861
852 853
853 1435
853 921
854 855
855 857
855 856
856 1461
856 858
857 858
857 859
858 863
859 860
860 861
860 862
862 863
864 865
864 866
865 889
866 870
866 867
867 868
867 1424
868 872
868 894
869 870
869 894
869 892
870 874
870 891
871 896
871 872
872 896
873 1039
874 875
875 892
876 1463
876 1444
876 1461
877 1437
877 1462
877 1464
878 880
878 879
880 1403
881 907
881 935
881 931
882 909
882 883
882 938
883 939
883 1482
884 885
884 1482
884 915
884 1481
885 901
885 1231
885 1481
886 888
886 887
887 914
889 1424
889 1475
890 1403
890 891
891 1403
892 893
894 895
897 898
897 1391
897 900
898 899
898 908
899 915
899 904
901 1474
901 902
902 903
902 1474
903 904
903 905
904 905
905 1474
906 914
906 907
907 1375
908 912
908 913
909 911
909 910
910 912
910 911
911 913
912 913
912 915
913 914
916 917
917 918
918 926
918 919
919 1377
919 920
920 921
920 966
921 922
922 923
922 1378
923 925
923 924
926 929
926 927
927 1377
927 928
930 933
931 933
932 943
933 1373
934 1374
934 937
934 935
935 938
936 937
937 938
939 941
939 940
941 942
941 943
942 943
942 1376
944 945
944 962
944 1030
944 961
945 965
945 1491
945 992
946 995
946 1032
947 986
947 1004
947 988
947 979
948 1013
948 973
948 971
949 1003
949 1002
949 1006
949 1013
950 1003
950 1017
950 953
950 1018
951 1018
951 952
951 1381
952 1014
952 1017
953 1036
953 1015
953 1365
954 955
954 1365
956 957
956 1033
956 1380
956 1006
957 1021
957 1380
958 1005
958 1023
958 1020
959 960
959 993
959 1005
960 961
960 993
961 1382
962 992
962 963
963 964
963 991
964 991
964 990
965 1382
965 997
966 967
966 968
966 1377
968 969
968 1526
970 1367
970 975
970 972
971 975
971 1014
972 1366
972 974
972 976
973 1011
973 974
974 975
976 977
976 1368
977 978
977 982
978 979
978 981
979 1011
980 981
981 1379
983 984
984 1443
984 1441
985 986
985 1442
985 1460
986 1441
987 998
987 988
987 1460
988 989
989 998
989 1005
989 999
990 1032
991 992
993 1382
994 995
994 1489
996 1488
996 997
996 998
999 1004
999 1007
999 1000
1000 1001
1000 1506
1001 1002
1001 1010
1002 1012
1003 1015
1003 1016
1004 1012
1006 1015
1007 1506
1007 1020
1007 1380
1008 1506
1009 1010
1010 1506
1011 1012
1012 1013
1014 1016
1016 1017
1017 1018
1018 1019
1020 1021
1021 1022
1022 1024
1022 1023
1023 1024
1024 1029
1025 1026
1025 1029
1025 1031
1026 1027
1027 1028
1027 1030
1029 1031
1030 1031
1033 1035
1034 1039
1034 1035
1034 1038
1035 1038
1036 1040
1036 1037
1037 1039
1037 1038
1040 1041
1040 1042
1041 1042
1043 1075
1043 1048
1044 1046
1044 1070
1044 1048
1045 1070
1045 1046
1046 1047
1047 1048
1048 1049
1049 1051
1049 1069
1050 1051
1051 1052
1053 1409
1053 1410
1054 1410
1054 1058
1054 1055
1055 1253
1055 1058
1056 1071
1056 1073
1056 1058
1057 1073
1057 1072
1057 1058
1059 1253
1060 1068
1061 1064
1061 1067
1061 1062
1063 1071
1063 1066
1063 1067
1064 1068
1064 1065
1064 1253
1065 1067
1065 1066
1066 1069
1068 1069
1069 1508
1070 1072
1071 1074
1072 1074
1073 1074
1075 1076
1075 1083
1076 1077
1076 1101
1077 1102
1077 1408
1078 1228
1078 1408
1078 1092
1079 1090
1079 1092
1079 1091
1080 1088
1080 1086
1080 1252
1080 1251
1081 1252
1081 1104
1081 1097
1082 1102
1082 1414
1082 1104
1083 1413
1083 1101
1084 1085
1084 1087
1084 1106
1084 1102
1085 1089
1085 1090
1086 1087
1086 1093
1087 1088
1088 1106
1089 1106
1089 1091
1090 1091
1092 1408
1094 1097
1094 1096
1094 1251
1095 1106
1095 1096
1096 1099
1097 1098
1098 1100
1098 1249
1098 1099
1100 1413
1100 1103
1101 1414
1104 1105
1107 1155
1107 1156
1107 1471
1108 1178
1108 1191
1109 1110
1109 1206
1110 1196
1111 1393
1112 1166
1113 1114
1114 1115
1114 1361
1115 1361
1115 1360
1116 1153
1116 1487
1117 1119
1118 1131
1118 1124
1119 1121
1119 1120
1120 1128
1120 1121
1120 1227
1120 1130
1121 1122
1122 1124
1122 1123
1123 1127
1123 1124
1125 1127
1126 1227
1126 1128
1127 1227
1128 1129
1129 1130
1132 1133
1132 1134
1135 1138
1136 1138
1136 1137
1137 1148
1137 1138
1139 1146
1139 1148
1139 1494
1140 1146
1140 1292
1140 1147
1141 1501
1142 1446
1142 1499
1142 1500
1143 1144
1145 1492
1145 1146
1147 1148
1147 1149
1150 1151
1151 1271
1152 1433
1153 1360
1154 1155
1154 1158
1155 1156
1157 1158
1157 1269
1157 1159
1158 1160
1159 1160
1159 1161
1160 1161
1161 1471
1162 1163
1163 1166
1164 1165
1168 1169
1171 1211
1172 1174
1172 1449
1173 1449
1173 1448
1175 1181
1177 1180
1177 1178
1178 1179
1179 1180
1179 1181
1181 1214
1182 1213
1182 1192
1182 1183
1183 1184
1183 1194
1184 1235
1185 1186
1185 1212
1186 1187
1186 1211
1187 1188
1187 1246
1188 1212
1188 1241
1188 1189
1189 1190
1189 1209
1190 1212
1194 1240
1195 1195
1197 1198
1198 1204
1202 1203
1204 1257
1204 1430
1205 1206
1207 1208
1210 1213
1213 1214
1214 1215
1216 1217
1221 1515
1221 1516
1222 1511
1222 1515
1223 1450
1224 1450
1225 1226
1229 1389
1229 1232
1230 1231
1230 1389
1231 1232
1233 1406
1233 1356
1235 1236
1239 1483
1245 1261
1247 1378
1247 1438
1249 1250
1251 1252
1256 1271
1256 1272
1261 1262
1263 1264
1264 1402
1265 1397
1267 1268
1272 1483
1272 1484
1273 1401
1275 1392
1276 1277
1278 1466
1281 1282
1283 1286
1284 1285
1290 1291
1292 1495
1292 1496
1294 1295
1295 1304
1296 1297
1298 1299
1300 1301
1300 1300
1302 1303
1305 1306
1307 1308
1308 1309
1308 1312
1309 1311
1309 1310
1311 1312
1313 1454
1316 1317
1317 1332
1318 1319
1320 1321
1322 1323
1324 1325
1326 1330
1326 1327
1328 1329
1331 1332
1334 1335
1335 1336
1342 1343
1344 1345
1344 1521
1345 1346
1345 1347
1350 1351
1355 1407
1355 1356
1356 1407
1357 1359
1357 1358
1357 1518
1358 1518
1358 1398
1360 1487
1361 1362
1363 1427
1364 1434
1366 1367
1366 1369
1368 1469
1368 1369
1369 1467
1370 1371
1384 1510
1384 1415
1384 1509
1385 1507
1385 1388
1386 1387
1386 1507
1386 1508
1387 1509
1388 1510
1398 1416
1399 1417
1399 1473
1399 1416
1405 1415
1409 1410
1412 1431
1413 1414
1415 1510
1416 1513
1417 1473
1418 1420
1418 1419
1419 1420
1422 1423
1426 1427
1429 1430
1433 1434
1435 1436
1436 1437
1437 1439
1438 1440
1439 1440
1441 1442
1442 1465
1443 1469
1444 1468
1444 1445
1445 1463
1448 1449
1455 1497
1455 1498
1456 1457
1459 1516
1460 1464
1461 1462
1463 1464
1466 1521
1467 1468
1467 1470
1468 1470
1477 1478
1480 1481
1481 1482
1483 1484
1488 1491
1488 1490
1489 1490
1489 1491
1492 1494
1492 1493
1493 1494
1495 1501
1495 1496
1496 1497
1497 1498
1498 1499
1499 1500
1500 1501
1502 1503
1504 1505
1507 1508
1511 1519
1511 1514
1512 1523
1513 1518
1513 1519
1514 1515
1514 1517
1515 1516
1517 1518
1518 1519
1520 1523
