0 32
0 2314
1 32
1 33
1 2325
2 737
2 2182
2 2191
3 1715
3 2734
4 5
4 781
4 2414
5 6
5 781
6 1649
6 7
7 2191
7 1340
8 1314
8 1244
9 60
9 2316
9 2317
10 2314
10 2170
10 2318
11 62
11 12
11 61
12 1248
12 2036
13 14
13 1268
13 1915
14 1288
14 1289
15 1910
15 1284
16 2036
16 2038
16 63
17 1266
17 1056
17 1912
18 759
18 756
18 757
19 46
19 518
19 1091
19 2288
20 837
20 21
20 1343
21 1342
21 27
22 1904
22 782
22 2192
23 24
23 1650
23 1903
24 782
24 1904
25 1645
25 2734
25 1905
26 1648
26 1645
26 1644
27 823
27 2327
28 2259
28 836
28 736
29 2744
29 2088
29 2090
30 31
30 2339
30 2340
31 897
31 2503
32 2315
33 2324
33 827
34 2361
34 827
34 836
35 2192
35 2176
35 735
36 2766
36 2845
36 874
37 2767
37 2765
37 2844
38 2765
38 2768
38 2843
39 1504
39 1253
40 1001
40 1043
41 1336
42 1038
43 1064
44 1083
44 1515
44 1078
44 1522
45 2286
45 1074
45 1514
46 2660
46 2289
46 2198
47 48
47 1523
47 1515
48 49
48 51
49 2660
49 52
50 1088
50 1078
50 1518
51 1518
51 2659
52 2197
52 1513
53 2197
53 54
53 1521
54 1093
54 1516
55 1513
55 1523
55 2196
55 2892
56 2829
56 57
56 2828
57 389
57 58
58 390
58 293
59 293
59 2426
59 2428
60 917
60 1954
61 1504
61 1248
62 1996
62 2434
63 2434
63 1999
64 1999
64 2002
64 1242
64 2009
65 2002
65 1310
65 2007
66 67
66 2012
67 68
67 2740
68 2009
68 69
69 2740
69 1241
70 2044
70 2393
70 2395
71 2392
71 685
71 2391
72 2042
72 2041
72 1654
73 2228
73 222
73 207
73 221
74 207
74 1633
74 75
74 2041
75 2233
75 2237
76 1317
76 1808
76 82
77 1807
77 78
77 1808
78 844
78 2435
78 1984
79 1832
79 682
79 653
79 1744
80 1810
80 682
80 1816
81 263
81 1324
81 2043
81 2396
82 668
82 2494
82 1324
83 105
83 84
83 98
84 1908
84 920
84 1722
85 91
85 106
85 1732
85 86
86 87
86 89
87 696
87 90
88 2801
88 2898
88 2899
89 2865
89 91
90 2870
90 2176
91 115
91 1722
92 2817
92 1863
92 569
92 179
93 2899
93 1655
93 94
94 2582
94 95
96 98
96 99
96 2783
97 98
99 101
99 100
100 873
100 1730
102 103
102 1724
102 947
103 1726
103 952
104 105
104 1726
105 1718
106 1723
106 713
107 713
107 114
107 712
108 113
108 1866
108 112
109 110
109 111
109 181
110 111
110 1579
111 112
112 113
113 1574
113 2523
115 117
115 2865
116 117
117 2255
118 1703
118 125
118 1696
118 121
119 1299
119 120
119 1700
119 2284
120 1698
120 513
120 280
121 1700
121 513
121 514
122 170
122 510
122 145
122 283
123 477
123 2283
123 1699
124 1306
124 2608
124 128
125 127
125 514
126 1697
126 128
126 127
127 129
128 129
129 479
130 1300
130 2490
130 131
131 133
131 141
131 132
132 138
132 202
133 137
133 1698
134 135
134 282
134 281
135 136
135 168
136 137
136 144
136 280
137 202
137 155
138 1692
138 199
139 1975
139 1692
139 140
140 2747
140 141
141 142
142 2746
142 2490
142 143
143 574
143 1300
143 2745
144 146
144 155
145 283
145 169
145 1299
146 2174
146 147
147 1687
147 1688
148 1688
148 198
148 149
149 151
149 1686
150 1686
150 161
150 1683
151 152
151 1684
152 2806
152 1685
152 198
153 2806
153 197
153 154
154 1980
154 1695
155 156
155 201
156 197
156 1689
156 2806
157 1982
157 158
157 2806
158 182
158 175
159 283
159 160
159 534
160 172
160 572
161 172
161 2527
162 186
162 182
162 163
163 177
163 164
164 619
164 1050
165 585
165 244
165 580
166 244
166 1793
166 851
167 243
167 1601
167 1604
168 280
168 282
169 205
169 203
170 537
170 509
171 285
171 511
171 1417
172 173
173 369
173 329
174 185
174 369
174 175
175 1683
175 1685
176 188
176 184
176 185
176 330
177 186
177 187
178 1050
178 189
178 179
179 194
179 1857
180 181
180 2819
180 194
181 1588
182 183
183 184
183 186
183 185
184 187
186 187
188 1862
188 1050
189 190
189 191
190 192
190 195
191 192
191 194
192 193
196 616
197 200
198 1689
199 1694
199 1691
200 201
200 1691
201 202
203 204
203 849
203 1404
205 2529
205 1299
206 271
206 812
206 219
206 278
207 273
207 1298
208 223
208 221
208 209
209 2159
209 2661
209 225
210 1793
210 1791
210 211
211 2531
211 212
212 230
212 213
213 1792
213 1791
214 2483
214 593
214 1788
215 1668
215 216
215 2483
216 843
216 227
216 225
217 218
217 808
217 222
217 278
218 220
218 277
219 843
219 277
220 223
220 221
220 222
223 224
224 275
224 225
226 1870
226 1881
226 1882
227 1882
227 228
228 1876
228 1880
229 1787
229 1779
229 1778
230 1797
230 678
231 1754
231 1749
231 1757
232 1898
232 2106
232 1871
232 269
233 1673
233 1868
233 1872
234 1774
234 235
234 1784
235 259
235 676
236 1749
236 1754
236 676
237 1666
237 238
237 1881
239 598
239 240
239 608
240 698
240 241
241 2799
241 596
242 599
242 608
244 245
245 592
245 252
246 252
246 249
246 248
247 248
247 1907
247 593
248 255
249 1964
249 257
250 1964
250 251
250 253
251 577
251 1615
252 1964
253 2375
253 255
254 2375
254 257
254 255
256 257
258 259
259 680
260 1765
260 1755
260 842
261 845
261 2696
261 265
262 1737
262 1800
262 1735
263 2281
263 264
264 265
264 1740
265 2281
266 2372
266 267
266 1740
267 268
267 1742
268 663
268 1741
270 271
270 809
270 841
270 2566
271 272
271 2564
274 1298
275 277
275 276
278 279
281 282
281 283
283 2173
283 2174
284 285
284 532
284 530
285 290
285 286
286 2792
286 287
287 288
287 360
288 289
288 2827
289 1707
289 1706
290 357
290 360
291 2792
291 2793
291 530
292 522
292 293
292 520
293 295
294 2165
294 2166
294 519
294 1304
295 2164
295 2165
296 2164
296 297
296 2829
297 518
297 2172
298 302
298 299
298 440
299 303
299 304
300 301
300 303
300 311
301 2152
301 2153
302 440
302 313
303 440
304 306
304 305
305 308
305 306
306 307
307 310
307 309
308 310
308 363
308 311
310 381
310 362
311 378
312 381
312 2445
312 315
312 366
313 439
313 314
313 1701
314 2511
314 1325
315 347
315 316
316 348
316 342
317 318
317 346
317 339
317 348
318 320
318 340
319 331
319 366
319 327
319 2160
320 350
320 327
321 326
321 2221
321 2222
322 358
322 435
322 324
322 629
323 437
323 355
323 358
324 361
324 629
325 328
325 337
325 334
326 350
326 2762
327 333
328 333
328 2762
328 547
329 368
329 547
330 368
330 1862
331 332
331 367
332 334
332 333
334 335
334 338
335 337
335 336
336 338
336 2591
337 1704
338 367
339 341
339 340
340 349
341 342
341 344
341 348
342 343
343 423
343 2513
344 565
344 2515
344 2513
345 2100
345 2691
345 565
346 347
346 2160
347 348
349 2691
349 2472
350 914
350 2472
351 354
352 354
352 437
352 353
353 2591
353 2611
354 1325
355 359
355 1702
356 358
356 357
356 359
357 361
359 360
361 438
362 365
362 363
363 364
364 405
364 379
365 419
365 380
366 367
368 369
370 2142
370 2151
370 2156
371 543
371 542
371 2682
372 392
372 2455
372 542
373 997
373 824
373 2079
374 2154
374 375
374 2155
375 2757
375 2217
375 376
376 379
376 2216
377 378
378 379
380 2216
380 425
381 382
383 384
383 515
383 542
383 392
384 543
384 387
385 388
385 847
385 543
386 399
386 847
386 2827
388 1307
388 848
389 848
389 390
390 401
391 1307
391 392
391 516
393 394
394 542
394 2536
394 2079
395 2210
395 2144
395 2143
396 2130
396 2129
396 2131
397 2136
397 2130
397 2132
398 2139
398 407
398 2132
399 400
399 401
400 847
400 402
401 402
402 848
403 404
403 540
403 2289
404 2288
404 541
406 2139
407 2097
407 2468
408 913
408 2217
408 2260
409 429
410 990
410 899
410 411
411 412
411 413
413 993
413 2133
414 420
414 913
414 417
414 428
415 418
415 416
415 417
416 418
416 417
418 419
419 422
420 421
420 422
421 422
421 425
423 424
423 910
424 560
424 1553
424 2516
425 427
425 426
429 2594
429 430
430 432
430 433
431 2593
431 433
431 432
431 434
432 433
435 2611
435 1704
435 437
436 437
436 1325
436 1705
438 512
439 440
439 2402
441 2385
441 474
441 1394
442 2835
442 1530
442 1531
443 1538
443 2613
443 2614
444 486
444 1538
444 496
445 472
445 2836
445 470
446 1529
446 1956
447 470
447 474
447 633
447 471
448 488
448 460
448 633
448 489
449 2397
449 2398
449 2401
450 451
450 457
450 453
451 452
451 492
452 453
452 493
453 1748
454 2618
454 1327
454 1747
454 478
455 2398
455 456
455 2397
456 497
456 2399
456 2281
457 2397
457 491
458 495
458 491
458 459
458 488
459 475
459 484
460 508
460 632
461 1535
461 1959
461 1960
462 1301
462 1394
462 1959
463 1394
463 504
463 1396
464 531
464 1401
464 2285
465 2718
465 466
465 2285
465 1956
466 531
466 2596
467 529
467 468
467 1540
467 1957
468 1529
468 1955
469 470
469 1531
469 471
471 1531
471 2838
472 2614
472 2475
473 1533
473 1528
473 1541
474 2834
474 2385
475 480
475 508
476 2587
476 505
476 502
476 477
477 2175
478 479
478 2608
478 2175
479 850
480 500
480 631
481 2618
481 631
481 482
482 483
482 484
483 2617
483 485
484 485
485 492
485 495
486 2508
486 2401
486 2400
487 489
487 488
487 490
489 499
490 491
490 2397
491 494
492 494
492 493
493 1327
494 495
496 2281
496 497
497 498
499 1538
499 2508
500 505
500 507
501 508
501 2657
501 507
502 503
502 504
503 506
503 2657
504 2657
505 506
506 507
509 510
509 512
509 535
509 538
510 511
510 1417
511 512
513 1300
513 1698
514 2745
515 1525
515 1526
516 2364
516 2368
517 1302
517 2456
517 1303
518 2366
519 520
519 1961
519 2167
520 521
521 522
521 1962
522 523
524 1958
524 525
524 528
525 527
525 529
526 2791
526 527
526 528
527 528
528 2791
529 2433
529 1537
530 1958
530 2719
531 1397
532 2596
532 2718
533 535
533 538
533 534
533 537
534 536
534 570
535 536
535 1974
536 573
536 630
537 538
539 2045
539 1344
539 2046
540 2046
540 541
541 2045
544 2220
544 546
544 2218
545 566
545 2218
545 2219
546 2761
546 2220
547 2449
547 2761
548 1388
548 2863
548 1379
549 551
549 1305
549 2472
549 550
550 1305
550 2221
551 2102
551 1408
552 555
552 2099
552 2225
553 2224
553 557
553 2226
554 2226
554 558
554 2227
555 2227
555 556
556 2100
556 2099
556 2102
557 715
557 2715
557 2716
558 559
558 563
558 2227
559 560
559 561
560 565
561 564
561 563
562 564
563 564
566 1858
566 1379
567 1856
567 1858
567 1860
567 1682
568 1864
568 1856
568 1857
569 2627
569 2351
570 572
570 571
570 573
571 572
571 2449
573 2449
573 630
574 585
574 2745
575 2673
575 2675
575 605
576 605
576 2671
576 2672
577 2671
577 1254
578 598
578 1254
578 628
579 583
579 1596
579 581
580 586
580 582
581 584
581 601
582 1592
582 583
583 584
584 585
586 587
586 589
587 590
587 588
588 591
588 2706
589 1615
589 590
590 591
591 1589
592 593
592 1791
594 2674
595 912
597 2674
598 1594
599 603
599 604
599 600
600 1594
600 2570
601 602
601 1603
602 2570
602 1604
603 604
603 627
604 2488
605 606
607 1254
609 610
609 1586
609 616
610 611
610 615
611 612
611 615
612 613
612 1613
613 617
613 618
614 617
614 621
614 2486
614 2755
615 2054
615 623
616 2755
616 2371
617 618
618 2755
619 620
619 2371
620 1982
620 621
621 1979
622 1979
622 1980
622 1613
623 624
623 2052
624 2052
624 2526
625 627
625 626
625 2052
627 2488
628 1596
628 1595
628 1592
629 1974
630 1704
631 2175
632 633
632 1301
634 2275
634 1875
634 636
635 1872
635 842
635 1671
636 1875
636 1879
637 2798
638 646
638 843
638 639
638 1666
639 644
639 640
640 641
640 644
641 643
641 642
644 645
646 809
646 2453
647 2105
647 648
647 1901
648 649
648 652
649 650
650 651
652 675
652 2610
653 659
653 675
654 661
654 659
654 658
655 656
656 657
656 661
659 660
661 2753
662 2395
662 2394
662 2043
663 1802
663 1739
664 665
664 2394
664 1803
665 667
665 666
666 667
666 668
667 2044
668 669
670 2751
670 1825
670 671
671 672
672 1829
673 1828
673 674
673 1809
674 821
674 675
676 677
678 679
678 1787
681 850
681 1747
681 1733
682 683
683 683
684 691
684 1429
684 693
685 1917
685 2710
686 1147
686 687
686 692
687 688
687 689
688 1442
688 1445
689 1435
689 1436
689 691
690 1988
690 1098
690 821
690 1987
691 1096
692 1439
692 1436
693 694
693 1098
694 2561
694 1097
694 1096
695 854
695 700
695 713
696 853
696 854
697 699
698 699
698 700
699 2871
700 701
701 2355
702 2357
703 704
703 707
703 2356
703 2781
704 2849
704 2850
705 2850
706 2849
707 2356
707 2525
708 712
708 709
708 2355
709 1727
709 710
710 712
710 1367
711 712
714 723
714 722
714 1374
714 721
715 716
715 717
715 1378
717 719
717 1386
718 719
719 720
721 1383
721 1386
722 724
722 723
723 725
725 1679
725 1681
726 1575
726 2480
726 727
727 729
727 728
728 2519
728 1575
729 731
729 730
730 2519
730 732
731 1679
731 2517
732 2517
732 2627
733 1362
733 735
733 838
734 751
734 2885
734 2884
735 1363
736 737
736 1365
737 1360
738 747
739 929
739 2883
739 931
740 747
740 931
740 751
741 746
742 745
742 1413
742 746
743 939
743 938
743 930
744 1415
744 745
744 2689
745 1414
746 747
747 748
748 750
748 751
749 750
750 2886
751 753
752 753
752 910
752 945
752 754
753 2883
754 755
754 2888
756 2292
756 2290
757 1326
757 2039
758 759
759 1326
760 761
761 762
761 779
762 778
762 763
763 766
763 768
764 2501
764 775
764 769
765 1058
765 775
765 1085
766 2857
766 777
767 768
768 772
769 2500
769 1542
770 1542
770 771
770 1909
771 1422
771 2500
771 772
772 773
772 2498
774 775
776 777
777 1058
778 1420
778 2598
779 1420
779 1421
779 1056
780 2042
780 2253
780 2254
781 2581
783 1462
783 784
783 792
784 1712
784 785
785 1708
785 2644
786 812
786 840
786 2820
786 2645
787 2404
787 1647
787 2408
788 1647
788 1652
788 2568
789 790
789 1486
789 1481
790 1922
790 1938
791 792
791 1922
791 1993
792 1994
793 2050
793 2644
793 794
794 1466
794 1836
795 813
795 1836
795 796
796 1948
796 1176
797 2120
797 2126
797 864
798 1632
798 1625
798 800
798 1631
799 803
799 1631
799 800
800 805
800 1641
801 1658
801 1663
801 802
803 1658
803 1665
804 1657
805 1625
805 806
806 1625
806 807
807 1630
807 1635
808 1630
808 2229
808 840
809 2798
810 2798
810 841
810 811
811 2822
811 2565
812 2565
813 2907
813 814
814 1174
814 1845
815 1842
815 1845
815 816
816 1853
816 1849
817 1948
817 1172
817 1853
818 1167
818 2120
818 1183
818 1172
819 1987
819 2814
819 820
820 1149
820 2388
821 1901
822 2737
822 2331
822 2330
823 2326
823 1244
824 2363
824 2163
825 2358
825 1338
825 2359
826 997
826 996
826 1341
826 835
827 2360
828 829
828 2362
828 2162
829 2534
829 2536
830 2534
831 834
831 998
831 835
831 2462
832 2097
832 2093
832 2683
833 992
834 835
834 2470
835 995
836 839
837 2267
837 838
838 2266
839 2264
839 2261
840 2655
841 2564
841 2798
842 1671
844 1813
844 1816
845 2274
845 2699
846 2078
846 2212
846 2209
849 1398
849 1417
850 852
851 1736
851 852
852 1738
854 855
856 894
856 1231
856 1236
857 1228
857 1227
858 865
858 859
858 2717
859 2457
859 860
860 1452
860 1453
861 1182
861 1453
861 1177
862 863
862 1226
862 1198
862 2457
863 1204
863 1201
864 1468
864 1451
865 1451
865 866
866 1245
866 867
867 1233
867 1231
868 1238
868 885
868 1236
869 2584
869 1992
869 887
870 2764
870 2584
870 1927
871 1931
871 2417
871 2846
871 2585
872 873
872 1713
873 2839
874 2767
874 2846
875 1717
875 882
876 2569
876 878
876 895
877 878
878 881
879 881
879 2443
879 1717
880 2768
880 2443
880 2730
881 2730
883 884
883 885
883 2622
884 895
884 2600
885 1236
885 887
886 892
886 1235
886 1923
887 1235
888 1937
888 891
888 889
888 1941
889 1995
889 890
890 1991
890 892
891 1484
891 1934
891 1478
892 1995
893 1715
893 1478
893 2442
893 1714
894 1228
894 1229
895 2418
896 1070
896 1166
896 1071
897 1057
897 2502
898 1065
898 2738
898 2503
898 2502
899 900
899 982
900 901
900 983
901 903
901 983
902 903
903 923
904 909
904 924
904 908
905 978
905 908
905 907
906 907
906 925
906 908
907 923
910 911
911 926
911 925
911 1356
912 1295
912 2159
913 2594
915 919
915 918
915 2540
916 1314
916 1244
916 919
917 2540
917 2541
917 1954
918 919
920 1718
920 1720
921 1613
922 1675
922 950
922 2450
923 2856
924 1356
924 1042
925 2095
926 1677
926 927
926 928
930 932
930 1413
931 932
932 933
933 933
934 2889
934 2450
934 935
935 944
936 1355
936 1351
936 944
937 1355
937 2629
938 943
938 942
938 2815
939 940
939 2629
940 941
940 942
942 2815
943 944
943 2815
945 2889
945 1677
946 1354
946 947
946 1049
947 949
947 952
948 1953
949 971
949 950
950 1353
951 2876
951 2877
951 1353
952 1953
953 2686
953 1334
953 2422
954 1041
954 955
954 2421
955 2874
955 2851
956 1039
956 957
956 2832
957 1038
957 1037
958 961
958 1333
958 964
959 960
960 961
960 1345
961 975
962 1346
963 1348
963 964
963 1347
964 965
965 966
965 971
966 968
966 970
967 968
967 969
970 971
970 2735
972 1345
973 974
973 1345
973 975
975 2874
976 979
976 1619
976 977
977 2771
977 2556
978 2769
978 2772
980 1619
980 2856
980 981
982 983
982 1014
984 1624
984 989
984 986
985 986
986 987
988 989
989 2856
991 992
991 2070
991 2467
992 993
992 2094
993 994
995 996
995 998
996 2538
997 2470
998 1272
999 1277
999 1003
999 1007
1000 2462
1000 1249
1000 1273
1001 1002
1001 1272
1002 1003
1002 1277
1003 1043
1004 1009
1004 1250
1004 1008
1005 1008
1006 1007
1006 1008
1006 1249
1007 1250
1010 1011
1010 1276
1010 1012
1012 2070
1012 2460
1013 1017
1013 2543
1014 1020
1014 2550
1015 1016
1015 1019
1015 1048
1016 1035
1016 2705
1017 1018
1017 2704
1018 1019
1018 1021
1018 1020
1019 1025
1019 2545
1020 2546
1021 1022
1021 1024
1022 1024
1022 2543
1023 1024
1023 1276
1023 1274
1025 2546
1025 1026
1026 2073
1026 1045
1027 1029
1027 2548
1027 1044
1028 2556
1028 1029
1028 1622
1029 1030
1031 1035
1031 2128
1031 1032
1032 1033
1032 1034
1035 1036
1037 1332
1037 1333
1038 1337
1040 1041
1040 1042
1041 1042
1044 1045
1044 1046
1045 1047
1045 2552
1046 2061
1049 1724
1049 1367
1051 2572
1051 1421
1051 1054
1052 1054
1052 1062
1052 2572
1052 1419
1053 1054
1053 1419
1054 1055
1055 1056
1057 1070
1057 1068
1058 1059
1060 1066
1060 2692
1060 1065
1060 2858
1061 1066
1062 2858
1062 2859
1063 1065
1063 1064
1063 2859
1064 1419
1066 1067
1068 1069
1069 1070
1072 1520
1072 2830
1072 2194
1073 1074
1073 2823
1073 1095
1074 1079
1075 1087
1076 1077
1076 1095
1076 1517
1077 1520
1077 1095
1078 1082
1079 1080
1079 1089
1080 1081
1080 1082
1081 1083
1081 1544
1082 1083
1083 1084
1085 1551
1085 1086
1086 2695
1086 2495
1087 2695
1087 1089
1088 1089
1088 2206
1090 2428
1090 1091
1090 2427
1091 2194
1091 2198
1092 1524
1092 2429
1092 2430
1093 1094
1093 2431
1094 2427
1094 2431
1096 1445
1097 1107
1097 1098
1099 1100
1100 2779
1100 1101
1101 1102
1102 1103
1103 1105
1103 1104
1104 1112
1104 2392
1105 1106
1106 1437
1107 1108
1107 1144
1108 1148
1108 1122
1109 2504
1109 2639
1109 2505
1110 1111
1110 2639
1110 1149
1111 1148
1111 2635
1112 1147
1112 1113
1113 1114
1113 1115
1114 1118
1114 1119
1114 2391
1115 1447
1115 1117
1116 1946
1116 1448
1116 1150
1117 1143
1117 1946
1118 1120
1118 1119
1119 1150
1121 1122
1121 2809
1121 1945
1122 1123
1124 1149
1124 1148
1124 2810
1125 1945
1125 1126
1125 1127
1126 1134
1126 1950
1127 2388
1127 1128
1128 1129
1128 1133
1129 1131
1129 1130
1130 2732
1130 1132
1131 1208
1131 1187
1132 1193
1132 1965
1133 1134
1133 2732
1133 1138
1134 1972
1135 1155
1135 1952
1135 1136
1135 1153
1136 1160
1136 1137
1137 1138
1137 1141
1138 1139
1140 1141
1141 1215
1142 1449
1142 1151
1142 1150
1143 1145
1143 1146
1144 1146
1144 1945
1146 2722
1147 1447
1151 1152
1151 2607
1152 2047
1152 2049
1153 1154
1153 1163
1154 1155
1154 1158
1155 1156
1156 1159
1156 1157
1157 1212
1157 1218
1158 1159
1160 1219
1160 1162
1161 2723
1163 2047
1163 1448
1164 1165
1164 1255
1164 2607
1166 1990
1167 1168
1167 2559
1169 1170
1169 1171
1169 2559
1169 1853
1171 1849
1171 2560
1172 1173
1174 1175
1175 2116
1176 1470
1176 2720
1177 1178
1177 2120
1178 1179
1178 1180
1181 1182
1182 1224
1183 1224
1183 1184
1184 1185
1184 1247
1186 1188
1186 1246
1186 2562
1187 2808
1187 2729
1188 2808
1188 1199
1189 1193
1189 1190
1189 1970
1189 1214
1190 1191
1190 1968
1191 1196
1191 1209
1192 1967
1192 1193
1192 1969
1194 1195
1194 1221
1195 1197
1195 1196
1196 1197
1197 1209
1198 1247
1198 1199
1199 1200
1201 1967
1201 1203
1202 1204
1202 1203
1202 2621
1203 1204
1205 1207
1206 1207
1207 1208
1208 1965
1209 1210
1210 1211
1211 1212
1211 1213
1214 1218
1214 1215
1215 1216
1217 1218
1219 1220
1219 2723
1221 1222
1221 1966
1222 1223
1222 1227
1224 1226
1225 1226
1227 2717
1228 1229
1229 1245
1229 1230
1230 1245
1230 2717
1231 1232
1232 1234
1232 1235
1233 1234
1233 1994
1234 1993
1235 1992
1237 1238
1239 1240
1239 2171
1239 1315
1240 1241
1240 1258
1241 2009
1242 1997
1242 1309
1243 1309
1243 2311
1243 1997
1246 1247
1246 2560
1248 2035
1249 1277
1250 1251
1252 2027
1252 1253
1253 1507
1255 2048
1256 1257
1256 2020
1257 1259
1258 2021
1258 2018
1259 2297
1259 1260
1261 1263
1261 2024
1261 2025
1262 1503
1262 1501
1262 1500
1263 1264
1263 1502
1264 1265
1264 1492
1265 1492
1265 1503
1266 1271
1266 1418
1267 1268
1267 2026
1267 1269
1268 2038
1269 2026
1269 1271
1270 2026
1271 1915
1272 2538
1275 1276
1278 1282
1278 1278
1279 1280
1279 2035
1279 1282
1280 1283
1280 1281
1281 1282
1281 1506
1284 1285
1286 1287
1286 2444
1286 2476
1287 2794
1287 2479
1288 2794
1288 2478
1290 1328
1290 1291
1290 1646
1291 2643
1291 1648
1292 2250
1292 2419
1292 2251
1293 2040
1293 1294
1293 2158
1294 1295
1294 1298
1295 2157
1296 2338
1296 2447
1296 2337
1297 1918
1297 2707
1297 1916
1301 1960
1302 2365
1302 2364
1303 1304
1303 2166
1304 2369
1305 2219
1307 1526
1308 2319
1308 2311
1308 2315
1309 1998
1310 2008
1310 2009
1311 2170
1311 1312
1311 2873
1311 1313
1313 1313
1314 1954
1316 2736
1316 1317
1316 1323
1317 1918
1318 1319
1319 1320
1319 1321
1320 1322
1322 1323
1323 1324
1326 1913
1327 2617
1329 1335
1330 1337
1331 1334
1331 1333
1331 1335
1334 2855
1335 2853
1336 2855
1338 1343
1338 1341
1339 2589
1339 2341
1339 2342
1340 1649
1341 1342
1342 1343
1344 1914
1346 1347
1346 1675
1347 1675
1349 1350
1350 2421
1350 1356
1352 1354
1353 2875
1354 2068
1355 1357
1358 2712
1358 2884
1358 1364
1359 2716
1359 1361
1359 1360
1360 1366
1361 1365
1361 2788
1362 2890
1362 1409
1363 2713
1363 2712
1364 2888
1364 2890
1365 2714
1366 2713
1366 2714
1367 2068
1368 1369
1368 1376
1368 1385
1369 1406
1370 1389
1370 1387
1370 1384
1371 1379
1372 1374
1373 1382
1374 1383
1375 1391
1375 1406
1375 1681
1376 1376
1377 1386
1377 1392
1378 1390
1378 2758
1380 1392
1381 1383
1381 1390
1381 1391
1382 1384
1382 1389
1384 2098
1385 2344
1385 2349
1385 2350
1388 1393
1388 1389
1390 2760
1393 1393
1395 1402
1395 1404
1395 1400
1396 1401
1396 1399
1397 1398
1397 1401
1398 1399
1399 1404
1400 2587
1400 1403
1402 1403
1402 2529
1403 2282
1405 1407
1405 2759
1405 2758
1406 2344
1407 2225
1407 2224
1408 2099
1408 2102
1409 2713
1409 2714
1410 2242
1410 2239
1410 2245
1411 2459
1412 1414
1413 1414
1416 2688
1418 2039
1420 1423
1421 1423
1423 1424
1425 1427
1425 1426
1426 2738
1428 1428
1428 1431
1430 1434
1431 1439
1431 2435
1432 1433
1433 1437
1433 1439
1434 1436
1434 1435
1435 1984
1437 1438
1440 1443
1441 1442
1442 2051
1443 1444
1443 1445
1446 1447
1448 1449
1449 1450
1451 1452
1451 1462
1452 1453
1454 1468
1454 1458
1454 1467
1455 1471
1455 1466
1455 1465
1456 1461
1456 1463
1456 1468
1457 1462
1457 1983
1457 1460
1459 1460
1460 1983
1464 1466
1465 1483
1465 1467
1467 1983
1469 1470
1470 1472
1471 1473
1471 1475
1472 1474
1472 1473
1473 2563
1474 1474
1476 1486
1476 1476
1477 1480
1477 1482
1478 1482
1479 1480
1480 1484
1481 1487
1481 2568
1484 1486
1485 1488
1488 1710
1488 1652
1489 1490
1490 1499
1490 1503
1491 2737
1491 1493
1491 1496
1492 2294
1493 1500
1493 1496
1494 1502
1494 1497
1494 1501
1495 1499
1496 1497
1497 1502
1498 1499
1500 1501
1505 2376
1505 1509
1505 1512
1506 1512
1506 2603
1507 1511
1507 1510
1508 2376
1509 2031
1509 1512
1513 1521
1514 2497
1514 1519
1515 1518
1515 1523
1516 1546
1516 1521
1517 1520
1519 1550
1519 2830
1521 2195
1522 2892
1522 2286
1524 1546
1524 1547
1526 1527
1530 2836
1530 1533
1531 2837
1532 2384
1532 2474
1532 1537
1533 2474
1533 2509
1534 2069
1534 1535
1534 1536
1535 2169
1536 1961
1536 2169
1537 1539
1539 1540
1539 1541
1540 1541
1542 1543
1545 2195
1545 2497
1545 1549
1546 1549
1547 1549
1547 1548
1548 2193
1548 1550
1549 1550
1551 1552
1551 2589
1553 2789
1553 2785
1554 1557
1554 1555
1555 1556
1556 2790
1556 2788
1556 2789
1558 2788
1558 2786
1558 2716
1558 2787
1559 1576
1559 1572
1559 2352
1560 1572
1560 1575
1560 1576
1561 1569
1561 1562
1561 1577
1562 1574
1562 1570
1563 1573
1563 1568
1563 1572
1564 1565
1565 1570
1565 1567
1566 1569
1567 2522
1567 1571
1569 1570
1573 1578
1573 1581
1574 2353
1576 2522
1578 1581
1578 2352
1579 1580
1579 1582
1581 2353
1582 2847
1583 1588
1584 1588
1584 1585
1584 1586
1586 1587
1590 1590
1590 1594
1591 1591
1591 1592
1593 1596
1597 1981
1597 1598
1597 1603
1598 1607
1598 1610
1598 1613
1599 1600
1600 1608
1600 1601
1601 1605
1602 1611
1602 1604
1602 1612
1603 1609
1605 1606
1605 1611
1606 1610
1606 1607
1607 1609
1608 1610
1608 1614
1609 1612
1611 1612
1615 2416
1616 1695
1617 1622
1617 1624
1617 1621
1618 1624
1619 1620
1622 1623
1626 1627
1627 1628
1628 1631
1629 1633
1630 1632
1632 2230
1633 1634
1635 1636
1635 2601
1636 1709
1636 2602
1637 1642
1638 1643
1638 1638
1638 1642
1639 1642
1640 1643
1640 1640
1641 1643
1641 2649
1644 1650
1644 1905
1645 1648
1646 1653
1646 2654
1647 1651
1649 1650
1651 1652
1651 1711
1654 1655
1654 2040
1655 2677
1656 2583
1656 2676
1656 2677
1657 1665
1657 1661
1658 1664
1659 1665
1659 1659
1660 1661
1661 1662
1664 1664
1666 1672
1667 1668
1667 1669
1670 1673
1671 1875
1673 1770
1674 1878
1674 1869
1674 1868
1676 1677
1678 1680
1679 1680
1680 1681
1682 1862
1682 1855
1683 1684
1684 1685
1684 1686
1688 1689
1690 1691
1692 1693
1694 2805
1694 1695
1696 1697
1696 1703
1697 1699
1699 1703
1700 2283
1701 1705
1701 2402
1702 1706
1702 1705
1706 1707
1707 2402
1709 2656
1709 2655
1713 1716
1713 1717
1714 2440
1714 1715
1716 2440
1716 2839
1718 1719
1720 1723
1720 1721
1722 2803
1723 1725
1724 1725
1725 1726
1728 1730
1728 2802
1728 2852
1729 1730
1731 1732
1732 2784
1733 1738
1733 1735
1734 2531
1734 1735
1734 1736
1736 1738
1737 1768
1737 1766
1739 1742
1739 1744
1740 1741
1741 1804
1742 1743
1743 1744
1743 2276
1745 2280
1745 1746
1745 2274
1746 2274
1746 2277
1747 1748
1748 1800
1749 1797
1749 1756
1750 1751
1750 1754
1751 1755
1752 1756
1752 1766
1752 1757
1753 1798
1755 1767
1756 1798
1757 1762
1758 1764
1758 1763
1758 1760
1759 1761
1759 1769
1759 1762
1760 1768
1760 1766
1761 1763
1761 1764
1762 1763
1764 2702
1767 2702
1767 2699
1768 2698
1770 1773
1770 1785
1771 1785
1771 1775
1771 1780
1772 1777
1772 1781
1772 1783
1773 1784
1773 1785
1774 1780
1774 1784
1775 1776
1775 1780
1776 1782
1776 1777
1777 1782
1778 1779
1778 1782
1779 1781
1781 1783
1783 1876
1786 1787
1788 1789
1788 1792
1789 1789
1790 1792
1793 1795
1794 1795
1795 1796
1797 1799
1797 1798
1800 1801
1802 1803
1805 1812
1805 1806
1805 2484
1806 2749
1806 1807
1807 2749
1808 1821
1809 1815
1809 1826
1810 1815
1810 1811
1811 1817
1811 1815
1812 2492
1812 2625
1813 1825
1813 1814
1814 1814
1816 1826
1818 1819
1819 2484
1819 2625
1820 2492
1820 1822
1820 1821
1821 1822
1822 1823
1824 1828
1824 1830
1825 1827
1826 1830
1827 1827
1828 2751
1831 1831
1831 1833
1832 1834
1832 1833
1833 1834
1834 2124
1835 1838
1836 1839
1837 1850
1837 1844
1837 1854
1838 1844
1838 1839
1839 1854
1840 1854
1841 1851
1842 1851
1842 1852
1843 1847
1843 1852
1843 2824
1844 1848
1845 1846
1847 1852
1849 1986
1851 2825
1855 1857
1855 1856
1858 2616
1859 1860
1860 2343
1861 2616
1863 1864
1863 1867
1864 1865
1866 2818
1866 2816
1868 1872
1869 1873
1869 1878
1870 1877
1870 1873
1871 1879
1871 1874
1873 1877
1874 1879
1874 1878
1876 1880
1877 1880
1881 1882
1883 1896
1884 2115
1884 1894
1884 1885
1885 1890
1885 1894
1886 1888
1886 1900
1886 2115
1887 1892
1887 2634
1887 1897
1889 1891
1889 1900
1889 1893
1890 1896
1890 1897
1892 1897
1892 2641
1894 1896
1895 2115
1898 2641
1898 1986
1899 1900
1901 1902
1903 1905
1903 2257
1904 2258
1906 1907
1907 2662
1908 2783
1908 2784
1909 2598
1909 2692
1910 2478
1910 2796
1911 1912
1914 2291
1916 2707
1916 1919
1917 2709
1917 2710
1918 2448
1919 2447
1919 2709
1920 2448
1921 1924
1921 2418
1921 1931
1922 1933
1923 1929
1923 1938
1924 1939
1924 1931
1925 1928
1925 1930
1925 2764
1926 1936
1926 1940
1926 1934
1930 2417
1930 1937
1930 2624
1932 1937
1934 1995
1935 1938
1940 1940
1941 2630
1941 1942
1942 2442
1942 2845
1943 2632
1943 2630
1944 1946
1947 1948
1949 1950
1950 1952
1951 1952
1953 2458
1955 1956
1955 1957
1955 2718
1957 1958
1957 2719
1959 1960
1961 2168
1961 1962
1962 2432
1962 2387
1963 2432
1965 1967
1966 1968
1966 2457
1968 1969
1969 1970
1970 1971
1973 1974
1976 1982
1977 1979
1978 1980
1984 1985
1986 2105
1987 1989
1991 1992
1991 2584
1993 1994
1996 2333
1996 2334
1997 2434
1999 2001
2000 2001
2001 2003
2002 2004
2003 2005
2003 2006
2005 2006
2005 2007
2006 2011
2007 2008
2008 2300
2010 2013
2011 2013
2011 2016
2012 2301
2013 2014
2014 2299
2014 2298
2015 2742
2017 2743
2017 2742
2018 2741
2018 2019
2019 2302
2019 2020
2020 2021
2021 2023
2022 2024
2023 2025
2023 2024
2025 2737
2027 2028
2027 2029
2028 2031
2028 2029
2029 2030
2031 2032
2033 2035
2034 2685
2034 2036
2037 2038
2040 2041
2042 2676
2043 2396
2044 2393
2045 2046
2047 2049
2048 2049
2053 2054
2054 2055
2056 2057
2056 2058
2056 2623
2058 2059
2058 2060
2059 2084
2059 2062
2060 2062
2060 2063
2061 2064
2062 2065
2064 2744
2065 2066
2065 2770
2066 2067
2066 2551
2067 2773
2067 2774
2068 2459
2069 2287
2069 2384
2070 2465
2071 2131
2071 2146
2071 2145
2072 2073
2073 2548
2074 2209
2074 2386
2074 2077
2075 2076
2075 2079
2075 2215
2076 2211
2076 2215
2077 2209
2077 2080
2078 2215
2078 2212
2080 2210
2080 2211
2081 2089
2082 2087
2083 2089
2083 2084
2083 2087
2084 2087
2085 2086
2086 2090
2086 2088
2088 2089
2090 2744
2091 2094
2092 2095
2094 2683
2095 2272
2096 2097
2098 2101
2098 2760
2100 2103
2101 2760
2101 2759
2104 2105
2106 2109
2106 2110
2107 2112
2107 2109
2107 2114
2108 2113
2109 2113
2110 2124
2110 2122
2111 2112
2112 2113
2113 2122
2116 2117
2116 2116
2118 2121
2119 2453
2119 2121
2119 2454
2121 2905
2122 2125
2123 2124
2126 2127
2126 2720
2128 2553
2129 2131
2129 2135
2130 2132
2133 2141
2133 2668
2134 2137
2134 2135
2134 2136
2135 2136
2137 2140
2137 2138
2138 2668
2138 2670
2139 2140
2140 2670
2141 2148
2141 2147
2142 2150
2142 2149
2143 2144
2143 2150
2144 2145
2145 2146
2146 2147
2147 2148
2148 2149
2149 2150
2151 2155
2151 2156
2152 2156
2152 2153
2153 2154
2154 2155
2157 2158
2157 2780
2158 2780
2160 2161
2162 2362
2162 2363
2163 2363
2163 2361
2164 2165
2166 2167
2167 2168
2168 2169
2170 2318
2171 2328
2171 2329
2172 2828
2172 2366
2173 2527
2173 2174
2176 2177
2177 2178
2177 2866
2178 2869
2178 2870
2179 2866
2179 2867
2179 2180
2180 2192
2180 2186
2180 2868
2181 2895
2181 2780
2181 2903
2182 2184
2182 2183
2183 2864
2183 2871
2184 2185
2184 2188
2185 2867
2185 2188
2186 2865
2186 2868
2187 2864
2187 2900
2187 2189
2188 2190
2189 2864
2189 2190
2190 2191
2193 2194
2193 2383
2195 2196
2196 2891
2197 2198
2198 2427
2199 2208
2199 2659
2199 2202
2200 2495
2200 2201
2200 2204
2201 2202
2201 2203
2202 2208
2203 2204
2203 2205
2204 2695
2205 2206
2205 2207
2206 2207
2207 2208
2210 2211
2212 2214
2213 2681
2213 2214
2216 2217
2217 2756
2218 2219
2220 2223
2221 2223
2222 2763
2222 2223
2224 2225
2226 2715
2228 2232
2228 2234
2229 2238
2229 2231
2230 2235
2230 2236
2231 2238
2231 2235
2232 2237
2232 2234
2233 2236
2233 2237
2234 2238
2235 2236
2239 2240
2239 2241
2240 2246
2240 2244
2241 2583
2241 2246
2242 2247
2242 2245
2243 2244
2243 2246
2243 2248
2244 2245
2247 2251
2247 2248
2248 2252
2249 2581
2249 2420
2249 2419
2250 2254
2250 2420
2251 2252
2252 2253
2253 2254
2255 2839
2255 2256
2256 2257
2256 2258
2257 2258
2259 2262
2259 2265
2260 2261
2260 2262
2261 2262
2263 2269
2263 2265
2263 2264
2264 2265
2266 2271
2266 2268
2267 2273
2267 2270
2268 2272
2268 2273
2269 2270
2269 2271
2270 2271
2272 2273
2275 2279
2275 2280
2276 2277
2276 2278
2277 2278
2278 2279
2279 2280
2282 2284
2282 2283
2283 2284
2285 2385
2286 2497
2287 2831
2287 2473
2287 2382
2288 2289
2290 2293
2290 2575
2291 2293
2291 2296
2292 2295
2292 2574
2293 2575
2294 2296
2294 2295
2295 2574
2296 2575
2296 2574
2297 2309
2297 2310
2298 2299
2298 2309
2299 2304
2300 2303
2300 2304
2301 2305
2301 2306
2302 2308
2302 2307
2303 2306
2303 2304
2305 2307
2305 2306
2307 2308
2308 2310
2309 2310
2311 2319
2312 2317
2312 2313
2312 2332
2313 2335
2313 2319
2314 2315
2316 2318
2316 2317
2320 2332
2320 2321
2320 2333
2321 2323
2321 2322
2324 2327
2324 2325
2325 2328
2326 2330
2326 2327
2328 2329
2329 2331
2330 2331
2332 2335
2332 2333
2333 2334
2334 2335
2336 2340
2336 2588
2336 2341
2337 2338
2337 2339
2338 2342
2339 2340
2341 2342
2343 2863
2343 2345
2344 2350
2345 2346
2345 2347
2346 2349
2346 2863
2346 2347
2347 2348
2348 2351
2348 2349
2348 2350
2350 2351
2352 2521
2353 2521
2354 2356
2354 2355
2355 2357
2357 2526
2358 2361
2358 2359
2359 2360
2360 2362
2364 2365
2365 2370
2366 2367
2367 2369
2367 2368
2368 2370
2369 2370
2371 2754
2372 2373
2373 2533
2374 2375
2376 2377
2377 2378
2378 2379
2379 2380
2380 2381
2382 2383
2382 2473
2383 2473
2383 2831
2384 2613
2386 2872
2388 2438
2389 2390
2390 2680
2390 2678
2391 2392
2393 2396
2394 2395
2398 2400
2398 2399
2398 2401
2399 2400
2403 2409
2403 2406
2403 2649
2404 2405
2404 2408
2405 2648
2405 2437
2406 2649
2406 2648
2407 2408
2407 2409
2407 2410
2409 2410
2410 2415
2411 2412
2411 2415
2411 2652
2412 2413
2412 2581
2413 2414
2413 2643
2414 2643
2415 2652
2417 2585
2418 2569
2419 2420
2421 2878
2422 2423
2424 2425
2425 2585
2425 2764
2426 2430
2426 2428
2429 2431
2429 2430
2432 2433
2433 2793
2435 2748
2436 2437
2436 2580
2436 2694
2437 2648
2438 2680
2438 2439
2440 2441
2441 2442
2441 2443
2445 2446
2445 2511
2447 2709
2448 2748
2450 2451
2452 2453
2454 2634
2458 2686
2459 2604
2461 2463
2462 2463
2463 2464
2466 2467
2467 2468
2468 2471
2469 2470
2473 2831
2474 2510
2475 2510
2475 2509
2477 2478
2480 2481
2480 2840
2482 2483
2484 2485
2486 2754
2486 2487
2488 2489
2490 2491
2492 2493
2495 2496
2497 2891
2498 2501
2498 2499
2500 2501
2502 2503
2504 2506
2504 2637
2505 2814
2505 2506
2506 2862
2507 2508
2509 2510
2511 2512
2513 2514
2515 2516
2517 2518
2519 2520
2521 2522
2523 2524
2523 2525
2525 2526
2527 2528
2529 2530
2531 2532
2534 2535
2536 2537
2538 2539
2540 2541
2541 2542
2543 2544
2546 2547
2548 2549
2553 2554
2555 2556
2557 2558
2557 2893
2557 2894
2559 2560
2564 2565
2567 2567
2567 2568
2569 2844
2570 2571
2572 2573
2574 2575
2576 2904
2576 2578
2576 2821
2577 2694
2577 2645
2577 2904
2578 2821
2578 2646
2579 2646
2579 2647
2579 2580
2580 2694
2582 2583
2586 2587
2589 2590
2591 2592
2594 2595
2596 2597
2598 2599
2601 2602
2601 2797
2602 2797
2605 2608
2606 2607
2609 2610
2610 2658
2611 2612
2613 2614
2615 2616
2617 2618
2619 2620
2619 2621
2625 2626
2627 2628
2630 2631
2632 2633
2635 2638
2635 2640
2636 2861
2636 2638
2636 2637
2637 2860
2638 2640
2639 2640
2641 2642
2644 2647
2645 2904
2646 2647
2650 2652
2650 2651
2651 2653
2653 2654
2655 2656
2656 2797
2659 2660
2661 2664
2661 2665
2662 2666
2662 2663
2663 2666
2663 2664
2664 2665
2665 2666
2667 2668
2669 2670
2671 2672
2672 2673
2673 2675
2674 2675
2676 2677
2678 2678
2679 2680
2681 2682
2683 2684
2686 2687
2688 2689
2690 2691
2692 2693
2696 2697
2696 2698
2697 2700
2697 2701
2698 2703
2699 2700
2700 2701
2701 2703
2702 2703
2707 2708
2707 2711
2708 2748
2708 2711
2710 2711
2712 2887
2715 2787
2718 2719
2720 2721
2723 2724
2725 2727
2725 2726
2725 2728
2728 2729
2730 2731
2732 2733
2738 2739
2740 2741
2741 2742
2743 2743
2749 2750
2751 2752
2754 2755
2758 2759
2761 2763
2762 2763
2765 2844
2766 2843
2766 2845
2767 2846
2768 2843
2769 2778
2769 2772
2770 2775
2770 2776
2771 2777
2771 2778
2772 2773
2773 2774
2774 2775
2775 2776
2776 2777
2777 2778
2782 2804
2783 2784
2785 2789
2785 2790
2786 2790
2786 2787
2791 2793
2792 2826
2794 2795
2799 2897
2799 2901
2800 2902
2800 2894
2800 2896
2801 2893
2801 2900
2802 2803
2802 2804
2803 2804
2807 2808
2809 2810
2811 2813
2812 2813
2813 2814
2816 2818
2816 2817
2817 2819
2818 2819
2821 2906
2827 2872
2828 2829
2830 2831
2832 2851
2832 2833
2840 2842
2840 2841
2847 2848
2849 2850
2851 2874
2854 2855
2858 2859
2860 2861
2860 2862
2861 2862
2864 2871
2866 2867
2868 2869
2869 2870
2879 2881
2880 2881
2881 2882
2882 2889
2882 2883
2884 2885
2885 2887
2885 2886
2886 2887
2888 2890
2891 2892
2893 2894
2895 2901
2895 2903
2896 2902
2896 2897
2897 2901
2898 2899
2898 2900
2902 2903
2905 2912
2905 2908
2906 2913
2906 2911
2907 2909
2907 2910
2908 2912
2908 2909
2909 2910
2910 2913
2911 2913
2911 2912
