0 1592
0 214
0 2
1 2712
1 3
1 7
2 1722
2 2668
3 20
3 2712
4 2828
4 76
4 697
5 2629
5 50
5 6
6 2619
6 8
6 2629
7 10
7 2735
8 2915
8 1313
8 1316
9 215
9 1732
9 2800
10 593
10 596
11 2721
11 15
11 164
12 2710
12 1324
12 2721
12 2722
13 2799
13 14
13 1591
14 261
14 2922
15 165
15 3016
16 592
16 18
16 1315
17 2922
17 19
17 916
18 1315
18 593
19 1592
19 214
20 604
20 167
21 2758
21 85
21 518
22 546
22 23
22 55
23 55
23 24
24 25
24 56
25 56
25 544
26 76
26 710
26 27
26 2827
27 713
27 28
27 2824
29 714
29 712
29 75
30 855
30 851
30 31
31 857
31 36
31 850
32 858
32 853
32 875
32 857
33 860
33 34
33 858
34 861
34 875
34 922
35 36
35 90
35 2744
36 88
36 875
37 2747
37 2745
37 714
37 718
38 690
38 39
38 40
39 619
39 40
40 210
41 210
41 42
41 618
42 2949
42 210
43 44
43 2948
43 2949
44 2946
44 3028
45 2947
45 47
45 211
46 2948
46 81
46 2947
47 48
47 211
48 2889
48 2888
49 1011
49 177
49 2888
50 51
50 1483
51 2964
51 590
52 152
52 590
52 566
53 54
53 567
53 154
54 155
54 536
55 531
56 524
57 520
57 60
57 2725
58 59
58 520
58 521
59 61
59 519
60 2725
60 519
61 579
61 519
62 63
62 588
62 589
63 589
63 2589
64 486
64 2589
64 67
65 485
65 523
65 486
66 68
66 67
66 485
67 68
68 616
69 616
69 2587
69 614
70 2587
70 613
70 2590
70 2969
71 2596
71 2969
71 2967
72 2604
72 2967
72 73
73 609
73 2604
74 691
74 680
74 698
74 648
75 704
75 701
76 717
77 1049
77 83
77 1048
78 222
78 79
78 84
79 2817
79 182
80 1052
80 323
80 1047
81 1051
81 2947
82 1039
82 1053
82 1052
83 1049
83 1047
84 2933
84 2938
85 212
85 213
86 219
86 212
86 2690
87 876
87 847
87 2823
87 879
88 89
88 3019
89 91
89 865
89 2928
90 2742
90 2743
91 2743
91 867
92 97
92 93
92 99
92 867
93 94
93 95
94 867
94 124
94 2928
95 125
95 2928
95 96
96 97
96 105
96 126
97 914
97 218
98 101
98 99
98 104
98 914
99 216
99 913
100 2744
100 148
100 862
101 102
101 130
101 913
102 103
102 104
102 131
103 115
103 116
103 113
104 218
104 113
105 133
105 218
106 109
106 108
106 107
106 130
108 138
108 137
108 134
109 904
109 864
109 110
110 134
110 111
110 906
111 905
111 112
111 137
112 907
112 903
112 909
113 117
113 123
114 147
114 2820
114 116
114 141
115 139
115 116
116 117
117 118
118 142
118 119
118 122
119 127
119 120
119 143
120 911
120 962
121 122
121 133
121 144
121 910
122 127
122 123
123 133
123 218
125 866
126 912
127 144
127 833
128 3068
128 909
128 132
128 137
129 913
129 862
129 130
129 863
130 131
131 138
131 139
132 139
132 146
132 2820
134 135
136 138
136 137
136 139
140 143
140 142
140 141
141 142
143 147
144 2685
145 2822
146 2822
146 902
147 911
147 2822
148 217
149 2944
149 2742
149 216
150 552
150 166
150 364
151 578
151 2628
151 572
152 2911
152 2628
153 154
153 2910
153 2618
153 2627
154 566
155 359
155 358
156 157
156 2768
156 2769
157 363
157 358
158 363
158 539
158 358
159 538
159 530
159 573
159 533
160 161
160 361
160 2729
161 1403
161 360
162 1442
162 362
162 360
163 1459
163 2717
163 362
164 606
164 1324
165 3014
165 3015
166 2798
166 364
167 2715
167 2709
167 606
168 173
168 176
168 2692
169 174
169 1402
169 2693
170 1428
170 1474
170 1473
170 172
171 175
171 2693
171 3053
172 1423
172 2895
173 3053
173 3051
174 2692
174 1402
175 1458
175 2693
176 3047
176 2692
177 1020
177 2889
178 2917
178 179
178 1019
179 180
179 454
180 181
180 454
181 182
181 2894
182 2817
183 1048
183 1077
183 453
184 1073
184 3029
184 3070
185 186
185 3030
185 3033
186 187
186 3031
186 3033
187 1179
187 3031
187 1180
188 305
188 189
188 1179
188 1180
189 1183
189 1180
189 1182
190 1489
190 1171
190 1172
191 192
191 297
191 1531
192 2227
192 298
193 194
193 2244
193 1302
194 1528
194 2241
195 196
195 2396
195 1527
196 197
198 200
198 368
199 368
199 1502
200 201
201 202
201 1502
202 1514
202 203
203 213
203 1515
204 213
204 2690
205 372
205 371
206 494
206 618
206 617
207 494
207 2605
207 487
208 482
208 2670
208 2671
209 2853
211 2946
214 215
215 2884
216 217
216 867
217 913
219 221
219 220
220 368
220 1037
222 322
222 323
223 2965
223 1509
223 236
224 2965
224 1585
224 226
225 226
225 227
225 1643
226 1604
227 240
227 1643
228 229
228 242
228 1629
229 231
229 242
230 233
230 1512
230 1513
231 232
231 1511
232 1510
232 1511
233 234
233 1512
234 2318
235 239
235 2800
235 1813
236 1509
236 1660
237 1916
237 1508
237 1509
238 1506
238 239
238 1507
239 1507
240 1609
240 1567
241 1588
241 1629
241 2783
242 1643
243 297
243 301
243 2791
244 2795
244 2218
244 304
245 2737
245 246
245 3021
246 1202
246 247
247 248
247 1184
248 268
248 1066
249 1113
249 2737
249 2816
249 1110
250 1114
250 251
250 1066
251 252
251 265
252 1117
252 253
253 1108
253 254
254 2815
254 1107
255 279
255 2816
255 1106
255 2815
256 3020
256 852
256 748
256 3019
257 2756
257 811
257 788
258 2753
258 3010
258 813
259 289
259 264
259 287
260 924
260 291
260 292
261 1584
261 1635
262 440
262 441
262 1584
263 1348
263 1351
263 1860
264 928
264 1614
265 1099
265 1102
266 1099
266 1119
266 1098
266 2812
267 1054
267 1065
267 272
268 2739
268 269
269 1066
269 270
270 2738
270 271
271 2738
271 1119
272 1095
272 1098
273 274
273 1072
273 2811
274 1068
274 2810
274 2811
274 2807
275 1092
275 1091
275 2810
275 3003
276 277
276 1089
276 1097
277 278
277 1087
278 1093
278 2812
279 1214
279 1211
279 1200
280 1216
280 1211
280 1212
281 1242
281 2226
282 1234
282 1232
282 1228
282 283
283 1206
283 1196
284 2682
284 987
284 2681
284 2683
285 286
285 2754
285 2755
286 292
286 290
286 335
287 1648
287 290
288 2175
288 917
288 1499
289 291
289 290
291 936
292 923
293 294
293 1271
295 296
295 744
295 742
296 732
296 2752
297 2248
298 299
298 2227
299 300
299 1295
300 301
300 1295
301 302
302 2796
302 2791
303 1172
303 2225
303 1526
304 324
304 2797
305 1181
305 1179
306 2370
306 3073
306 1181
307 3073
307 2410
307 308
308 2441
308 309
309 2386
309 2379
310 2353
310 2428
310 2379
311 2397
311 2353
311 2442
312 2444
312 313
312 2397
313 2433
313 314
314 2453
314 1503
315 316
315 1067
315 2945
316 318
316 317
317 3076
318 319
318 320
320 3071
320 321
321 3070
321 1078
322 1067
322 1070
323 1072
324 1294
324 2797
325 326
325 1279
325 1294
326 2233
326 327
327 2233
327 2236
328 2212
328 2236
328 3065
329 1679
329 1706
329 1714
330 331
330 1674
330 1679
331 336
331 1576
332 1731
332 337
332 1648
333 1924
333 1420
333 337
334 335
334 2172
334 1420
335 2691
336 1731
336 1730
337 1723
338 985
338 917
338 918
338 2691
339 340
339 958
339 968
339 3005
340 1010
340 975
340 978
341 356
341 1207
341 1187
342 343
342 1195
342 356
343 1189
343 1195
344 1275
345 992
345 346
346 347
347 348
347 2203
348 2161
348 2207
349 2161
349 350
349 2185
350 2199
350 2185
351 2217
351 1310
351 2220
352 2991
352 1165
352 1135
352 2218
353 1276
353 1265
353 1281
353 2987
354 1276
354 1277
354 2220
355 1187
355 2278
355 1190
356 1187
357 529
357 575
357 561
359 2768
359 2772
360 1403
361 2729
361 1459
362 1442
363 2680
364 587
365 2964
365 554
365 557
366 553
366 555
366 554
367 558
367 580
367 581
369 370
369 378
369 375
370 371
370 378
371 372
372 376
373 374
373 376
373 377
374 375
374 2673
375 2674
376 377
377 2856
378 447
379 2856
380 381
380 388
380 400
380 421
381 386
381 383
382 447
382 2774
382 386
384 385
385 387
385 386
389 395
389 390
389 396
390 392
390 393
391 2777
391 398
391 451
392 395
392 2775
393 394
393 400
394 402
394 397
395 398
396 398
396 402
397 2950
397 2951
399 2951
399 401
399 400
400 421
401 432
401 424
402 2951
403 404
403 419
403 405
404 405
404 2881
405 418
406 444
406 422
406 442
407 408
407 2874
407 2872
408 409
408 419
409 445
409 444
410 411
411 445
411 420
411 419
412 414
413 414
414 420
415 416
416 421
416 418
417 418
420 427
423 424
424 425
425 427
425 2880
426 427
428 2876
428 430
428 442
428 2875
429 2872
429 2876
429 2871
431 433
431 432
431 442
432 434
434 436
434 435
435 436
435 452
437 2854
437 468
437 438
438 2853
438 2779
439 450
439 448
439 449
439 451
440 1577
440 1385
441 1635
441 1681
442 2873
443 444
445 446
447 448
448 458
449 2774
449 2775
451 1448
451 452
453 1048
453 2817
454 1041
455 2723
455 456
456 461
456 1447
457 464
457 459
457 461
458 2728
458 2854
459 475
459 2757
460 461
462 483
463 464
464 2728
465 466
466 469
466 474
467 473
467 3008
467 479
468 473
468 474
469 471
469 470
471 472
471 3013
472 479
472 476
473 3013
475 476
475 483
476 477
477 479
477 478
478 3008
478 480
480 517
480 2677
480 481
481 502
481 482
482 492
483 484
484 523
484 522
485 523
486 2589
487 2916
487 2588
488 489
488 542
488 2599
489 490
489 2588
490 2588
490 492
491 492
493 494
495 496
496 2989
496 2916
497 2989
498 499
499 503
499 502
500 501
501 506
501 514
502 517
503 506
503 507
504 505
505 507
505 506
507 508
509 510
510 512
510 511
511 511
512 513
513 514
514 516
515 517
518 2690
518 549
520 521
521 522
522 524
524 541
525 563
525 562
525 529
526 527
526 530
526 563
527 528
527 530
528 565
528 564
529 561
531 532
531 2680
532 534
532 533
533 534
534 540
534 537
534 535
534 538
535 537
535 539
536 2680
536 537
538 540
539 540
541 564
541 3037
542 544
542 543
543 544
543 2758
545 548
545 1450
546 549
546 547
547 549
547 548
550 587
550 586
550 560
551 560
551 559
551 601
552 601
552 600
553 581
553 555
554 590
555 578
556 557
556 559
556 558
557 558
559 560
561 565
562 563
562 571
564 565
566 567
567 568
568 572
568 569
569 572
569 570
570 577
570 573
571 577
571 573
573 574
575 576
575 2725
576 582
576 577
578 582
579 584
579 588
580 583
580 581
582 583
583 584
584 585
585 586
585 588
586 587
589 3015
591 594
591 592
591 595
592 595
593 596
594 598
594 597
595 2629
596 598
597 598
597 599
599 600
599 602
600 601
602 603
602 604
604 607
605 3016
605 608
605 607
606 608
607 608
609 642
609 2975
610 611
610 2596
610 2612
610 627
611 626
611 2609
612 624
612 626
612 2610
613 624
613 614
614 615
615 616
615 622
617 618
617 621
619 621
619 620
620 621
620 2976
623 624
623 634
623 630
625 628
625 631
625 634
626 628
627 628
627 639
629 635
629 651
629 667
629 664
631 639
631 635
632 655
633 651
633 653
633 636
634 636
635 636
635 2997
637 2612
637 642
637 638
638 640
638 639
641 642
641 2971
641 646
643 644
644 646
644 645
646 647
648 668
648 661
649 669
649 2921
649 2920
650 651
650 652
650 654
652 2920
652 664
652 2919
653 655
653 654
654 655
656 658
657 658
657 659
657 2919
657 2921
658 659
659 662
660 662
661 693
661 669
662 693
663 2972
663 673
663 2973
664 665
665 667
665 2999
666 2999
666 669
666 668
667 2970
668 677
670 671
671 675
671 677
671 676
672 673
673 675
674 682
674 675
674 678
674 2977
677 678
678 683
679 680
680 683
681 689
681 682
681 2845
682 2846
683 685
684 685
685 687
686 687
687 689
688 689
690 2745
690 2845
691 696
691 695
692 696
692 693
692 694
694 695
694 694
695 696
697 698
697 2722
698 700
699 700
700 701
701 702
702 706
702 704
703 704
705 706
706 708
707 708
708 715
709 710
709 712
709 713
710 716
711 712
711 714
711 713
715 716
715 717
716 717
718 2749
718 2750
719 2749
719 719
720 2847
720 721
720 767
720 770
721 2747
721 2748
721 2746
722 724
722 2750
722 726
723 728
724 731
724 734
725 729
725 727
725 738
726 727
726 728
727 728
730 731
730 734
730 737
730 739
731 738
732 737
732 3018
733 736
733 743
733 2847
734 2751
735 736
735 739
736 737
738 741
739 741
740 741
743 744
743 745
744 852
745 767
745 748
746 758
746 768
746 769
747 866
747 762
747 865
748 753
749 769
749 789
749 759
749 777
750 791
750 809
750 2927
751 791
751 803
751 804
751 807
752 762
752 754
752 760
753 757
753 766
753 768
754 755
754 757
755 760
755 756
755 758
756 759
756 761
757 758
758 759
760 761
761 775
762 763
763 775
763 779
764 779
764 784
764 912
764 866
765 778
766 768
766 767
769 773
770 790
770 773
771 790
772 792
773 774
775 776
776 2924
776 777
777 795
777 2923
778 794
778 789
779 780
780 783
780 781
781 782
781 2926
782 783
782 786
783 785
784 785
784 788
785 786
786 788
787 2923
787 2927
787 2925
789 790
791 792
792 798
793 794
794 795
795 796
797 805
797 2939
797 801
798 3069
798 799
799 3069
799 800
800 804
800 801
801 3036
802 806
802 808
802 810
803 809
803 806
804 805
805 814
805 812
806 807
807 808
808 812
809 810
810 2756
811 813
811 2756
812 815
812 821
813 819
815 820
815 816
816 821
816 817
816 822
817 819
817 818
818 822
818 3010
819 821
820 829
820 822
823 832
823 841
823 831
823 835
824 828
824 2753
824 831
825 828
825 830
825 829
826 827
826 831
826 828
827 829
827 828
833 835
833 836
833 834
834 835
834 2685
836 839
836 841
837 953
837 838
837 839
837 2684
838 962
838 2986
839 2684
840 841
842 876
842 874
842 845
843 844
843 881
843 860
844 845
844 877
844 881
845 846
845 853
846 847
846 854
846 876
847 855
847 848
848 2823
848 2751
848 2752
848 3018
849 850
850 851
850 852
851 2752
853 854
854 855
856 857
858 877
859 869
859 1332
859 888
860 877
861 862
861 863
863 864
864 2754
865 3020
868 893
868 896
868 895
868 898
869 891
869 870
869 883
870 890
870 871
871 872
871 889
872 873
872 2831
872 888
873 874
873 887
874 880
874 879
878 2824
878 886
878 2823
879 886
879 887
880 888
880 881
882 2833
882 2834
882 900
883 892
883 2828
883 890
884 885
884 2826
884 2830
885 886
885 887
885 2825
887 2830
889 2831
889 890
891 899
891 896
892 2833
892 899
894 895
895 896
897 3001
898 2835
898 899
901 903
901 972
901 902
901 3072
902 963
902 911
903 2683
903 969
904 2755
904 906
905 906
905 3067
907 3067
907 2682
908 909
910 2685
910 2753
911 973
914 915
916 2915
916 1592
917 2162
918 919
918 2681
920 921
921 2691
921 3067
922 927
922 923
922 924
923 924
924 925
925 933
925 934
926 927
926 930
926 938
926 944
926 934
927 930
928 942
928 929
929 937
929 936
929 950
930 2781
931 932
932 933
932 934
933 939
935 936
935 939
935 937
937 940
938 940
938 939
940 941
941 949
941 943
942 945
942 947
943 944
943 948
944 945
945 946
946 947
946 948
947 950
947 949
948 949
951 952
951 960
951 966
951 968
952 956
952 964
952 961
953 954
953 2986
954 955
954 956
955 965
955 964
956 957
956 2986
957 961
957 973
957 962
958 971
958 1006
958 959
959 968
959 960
959 969
960 972
960 961
961 963
963 972
963 973
964 966
965 967
965 966
966 974
967 980
967 974
968 974
969 972
969 971
970 971
970 990
970 1009
971 984
974 978
975 1005
975 976
975 1010
976 1004
976 1002
977 1002
978 979
979 980
979 981
980 992
981 991
981 1010
982 1009
982 999
982 2929
982 997
983 989
983 990
983 984
984 987
985 986
985 993
985 988
986 994
986 989
987 988
988 989
989 990
991 1184
991 992
994 997
994 995
996 997
998 1000
998 1007
998 2929
999 1007
1000 1004
1000 1001
1001 1003
1001 1002
1004 1005
1005 1008
1006 1009
1006 3005
1006 1008
1007 1008
1011 2741
1012 1036
1012 1034
1012 2892
1013 1014
1013 1021
1013 1018
1013 1020
1014 1015
1014 1021
1015 1016
1015 2893
1016 1019
1016 1017
1017 1019
1017 2917
1017 1018
1018 1020
1018 2887
1020 2887
1021 1022
1023 1024
1023 2891
1023 1026
1025 1028
1026 1030
1026 2890
1027 1028
1028 1030
1029 1031
1030 1031
1031 1032
1033 1034
1034 1035
1038 3028
1040 1044
1040 1041
1040 1042
1041 1042
1042 1049
1043 1044
1044 1045
1046 1047
1050 1051
1051 1053
1052 1053
1055 1059
1055 1063
1055 1065
1056 1057
1057 1059
1057 1060
1058 1061
1058 1062
1058 1060
1059 1061
1060 1061
1064 1065
1067 1068
1068 1069
1071 1072
1073 1074
1073 1076
1073 1075
1073 1078
1074 1077
1074 1075
1074 1076
1075 1078
1075 1077
1076 1138
1079 1081
1079 2694
1079 1082
1080 1082
1080 1083
1080 1081
1081 2945
1082 1103
1083 1086
1084 1109
1084 1085
1084 1123
1084 2985
1085 1124
1085 1086
1087 1088
1087 1090
1089 1090
1089 1091
1090 1092
1091 3004
1092 1094
1095 1097
1095 3004
1096 1097
1098 2738
1099 2812
1100 1102
1101 1102
1103 1104
1103 1120
1104 2813
1104 1107
1105 1212
1105 1106
1105 1213
1105 1263
1106 2814
1106 3022
1107 1108
1108 2694
1109 3022
1109 2813
1109 2985
1109 2814
1110 1111
1110 1115
1111 1112
1111 1113
1112 1114
1112 1116
1113 1114
1115 1117
1115 1116
1116 1117
1118 1119
1120 1121
1120 1122
1123 1124
1123 1129
1124 1127
1125 1144
1125 1158
1125 1141
1126 1127
1126 1133
1126 1290
1127 1128
1128 1130
1128 1129
1129 1290
1131 1132
1131 1150
1131 1133
1132 1153
1132 1134
1133 1134
1134 1147
1135 1136
1135 1291
1136 1153
1136 1150
1137 1141
1137 1139
1137 1138
1138 1139
1139 2945
1140 1141
1142 1145
1143 1145
1144 1156
1144 1148
1145 1148
1146 1149
1147 1154
1147 1149
1148 1149
1150 1151
1152 1153
1154 1156
1154 1155
1155 1161
1155 1159
1156 1157
1157 1158
1157 1159
1158 1163
1159 1160
1160 1163
1160 1162
1161 1162
1161 1165
1162 1169
1163 1173
1164 1167
1164 1168
1165 1166
1165 1167
1168 1169
1170 2351
1170 1301
1170 2225
1171 1172
1171 1183
1173 1174
1173 1301
1174 1175
1174 1176
1176 2360
1176 1177
1177 1178
1177 3071
1180 2245
1181 1182
1182 1183
1184 2279
1185 2335
1185 1207
1185 1191
1185 1209
1186 1192
1186 1209
1186 1191
1186 1198
1188 1190
1188 1236
1188 1189
1189 1190
1191 2279
1192 1204
1192 1197
1193 1228
1193 1221
1193 1222
1194 1235
1194 2963
1194 1195
1194 1230
1195 1208
1196 1200
1196 1205
1197 1200
1197 1198
1198 1199
1199 1200
1199 1201
1201 1202
1203 1208
1203 1209
1203 1204
1204 1205
1204 1210
1205 1206
1206 2963
1207 1208
1208 1210
1210 2963
1211 1215
1212 1244
1214 1221
1214 1215
1215 1216
1215 1220
1216 1219
1216 1217
1218 1219
1219 1223
1219 1220
1220 1221
1220 1222
1222 1223
1222 1229
1223 1242
1223 1224
1224 1225
1224 2994
1224 1242
1225 1240
1225 1226
1225 1239
1226 1239
1226 1237
1227 1229
1227 1234
1227 2226
1228 1229
1230 1232
1230 1231
1231 1233
1231 1235
1232 1233
1233 1234
1235 1237
1236 1237
1236 2955
1238 1239
1238 2958
1238 1245
1241 1244
1241 2994
1241 1245
1243 1244
1244 1268
1245 1270
1246 1247
1246 1261
1246 1250
1247 1248
1247 3023
1248 1293
1248 3023
1249 1250
1249 1278
1249 1293
1250 1257
1251 1307
1251 2992
1251 1260
1252 1265
1252 1292
1252 1264
1253 1266
1253 1263
1253 1292
1254 3024
1254 3038
1255 3024
1255 2219
1255 3025
1256 2254
1256 2285
1256 2210
1257 2216
1257 1278
1257 2230
1258 1285
1258 1259
1258 1277
1259 1306
1259 2277
1260 1306
1260 2280
1260 1261
1261 2294
1262 1288
1262 2991
1262 1304
1263 2985
1264 1265
1264 1288
1265 1266
1266 1267
1267 1268
1267 1269
1268 1270
1270 1275
1271 1272
1271 2791
1272 1530
1272 1532
1273 2231
1273 2237
1273 2227
1274 1280
1274 1281
1274 1282
1275 1280
1276 1277
1276 2995
1278 1279
1279 2230
1280 1281
1282 1303
1282 1283
1284 1287
1285 1287
1285 1286
1287 1309
1288 1289
1290 1291
1291 1292
1293 1294
1295 2212
1296 1297
1296 2792
1296 2793
1297 1302
1297 1298
1298 2234
1298 1299
1299 1300
1299 1301
1302 2794
1304 1307
1304 1305
1305 1306
1305 1308
1305 1307
1306 2302
1310 2220
1310 2238
1311 2232
1311 2213
1311 2955
1312 2957
1312 2252
1312 2336
1313 1314
1313 2964
1314 2806
1314 1315
1316 1321
1316 2806
1317 1322
1317 1337
1317 1319
1317 2732
1318 1319
1318 1318
1319 1320
1320 1321
1320 1347
1321 2865
1321 2806
1323 1334
1323 1332
1323 1327
1324 2710
1325 1339
1325 1331
1325 1329
1326 1327
1326 1332
1326 1330
1327 1328
1327 1331
1328 1329
1328 1334
1329 2805
1330 1331
1330 2870
1333 2626
1333 1342
1333 2625
1334 2805
1334 1335
1336 1337
1337 1339
1338 1339
1340 1346
1340 1345
1340 1344
1341 1342
1342 2870
1343 1346
1344 2863
1344 1347
1346 1347
1348 1929
1348 1349
1349 1773
1349 1352
1350 1773
1350 2960
1350 1929
1351 1359
1351 1353
1352 1355
1352 1358
1353 1355
1353 1356
1354 1355
1356 1360
1356 1358
1357 1358
1359 1867
1359 1362
1360 1362
1360 1366
1361 1367
1362 1364
1363 1364
1364 2974
1364 1365
1365 1366
1365 2974
1366 1368
1367 2974
1367 1368
1368 1379
1369 1859
1369 1370
1369 1867
1370 1371
1370 1372
1371 2974
1371 1373
1372 1376
1372 1619
1373 1376
1373 1613
1374 1375
1375 1376
1375 1637
1377 1380
1378 1380
1379 1380
1379 1383
1381 1382
1382 1398
1382 1390
1383 1398
1383 1384
1385 1859
1385 1577
1385 1387
1386 1387
1387 1388
1388 1778
1388 1389
1389 1749
1389 1800
1390 1749
1390 1391
1391 1392
1391 1765
1392 1393
1392 1400
1393 1744
1393 1394
1394 1747
1394 1395
1395 1750
1395 1396
1397 1398
1399 1400
1400 1401
1402 1403
1404 2901
1404 1634
1404 1572
1405 1563
1405 2337
1405 1406
1406 1612
1406 1630
1407 1582
1407 1566
1407 1639
1408 1626
1408 2063
1408 1611
1409 1410
1409 1611
1409 1413
1410 1583
1410 1611
1411 1633
1411 1412
1411 2940
1412 1587
1412 1633
1413 1587
1413 2153
1414 2886
1414 1605
1414 1589
1415 1416
1415 2039
1415 2044
1416 1559
1416 2095
1417 1418
1417 1558
1417 2202
1418 2803
1418 3062
1419 1420
1419 2802
1419 1934
1421 2883
1421 1423
1421 1428
1422 2883
1422 1445
1422 1448
1423 1424
1424 1427
1424 1425
1426 2895
1426 1427
1426 2898
1428 1432
1429 1432
1429 1433
1429 1430
1431 1432
1433 1434
1433 1437
1433 1439
1434 1435
1434 1437
1434 1439
1436 1437
1438 1439
1440 1473
1440 1441
1440 1458
1442 1443
1443 1453
1443 2726
1443 1458
1444 1445
1444 1453
1444 1451
1445 1446
1446 1447
1446 1449
1447 1448
1450 2761
1450 2765
1451 3048
1451 2966
1452 1453
1454 1455
1455 2713
1455 2861
1456 2734
1456 2730
1456 2727
1457 2719
1459 2717
1460 1463
1460 1462
1460 2717
1460 1461
1461 1464
1461 2767
1462 2766
1462 2966
1463 2729
1463 1466
1464 2769
1464 1468
1465 3047
1465 2616
1465 2773
1466 1470
1466 1468
1467 1468
1469 1470
1470 1471
1471 2773
1471 2912
1472 1473
1472 1483
1472 1478
1474 1486
1474 2952
1475 1487
1475 1476
1475 1477
1476 2952
1476 1477
1476 1479
1477 1481
1478 1479
1478 1480
1479 1481
1480 1481
1480 1488
1482 2707
1482 2705
1482 1488
1483 2900
1484 1486
1485 1486
1489 2223
1489 2239
1490 1498
1490 1496
1490 2260
1491 1492
1491 1497
1491 1498
1492 1493
1492 1499
1493 1494
1493 1499
1494 1495
1494 1500
1495 1496
1495 1500
1496 2260
1497 1588
1497 1498
1500 1505
1501 2696
1501 2456
1503 2407
1503 1517
1504 2419
1504 2789
1505 1535
1505 1534
1506 1660
1506 1652
1507 1508
1508 1916
1510 1513
1510 2329
1511 1624
1512 1615
1513 2329
1516 1518
1516 2400
1516 2457
1517 2400
1517 3026
1518 2455
1518 2400
1519 1520
1519 2784
1519 1524
1520 1521
1520 2462
1521 1524
1521 2471
1522 2462
1522 2790
1522 2489
1522 2459
1523 2482
1523 2696
1523 2695
1524 2490
1525 1526
1525 1527
1525 2225
1526 1528
1527 1528
1529 2241
1529 2247
1529 2223
1530 1550
1530 2240
1531 2248
1531 1550
1532 1533
1532 2239
1533 2239
1533 2248
1534 1535
1534 2905
1535 1536
1536 1537
1536 2283
1537 1538
1537 2283
1538 1539
1538 1547
1539 1542
1539 1547
1540 2287
1540 1541
1540 1546
1541 2904
1541 1546
1542 1543
1542 2905
1543 2909
1543 2905
1544 1545
1544 2909
1544 2907
1545 1546
1545 2909
1547 2211
1548 1549
1548 2222
1548 2211
1549 2240
1549 2235
1550 2240
1551 1722
1551 2915
1552 1553
1552 2498
1552 1557
1553 1555
1553 2496
1554 2497
1554 2493
1554 1555
1555 2493
1556 2500
1556 2501
1556 2495
1558 2914
1558 2071
1559 2914
1559 2017
1560 2069
1560 1633
1560 2095
1561 1578
1561 1621
1561 1616
1562 1606
1562 1599
1562 1586
1563 1572
1563 2313
1564 1610
1564 1628
1564 1586
1565 1646
1565 1639
1565 1601
1566 1639
1566 1601
1566 1585
1567 2783
1567 1609
1568 1600
1568 1631
1568 1602
1569 1640
1569 1965
1569 1603
1570 2019
1570 1595
1570 1598
1571 1630
1571 1604
1571 1617
1572 1634
1573 1642
1573 1647
1573 1644
1574 1623
1574 1595
1574 2001
1574 2109
1575 1597
1575 1578
1575 1579
1576 1614
1576 1648
1577 1715
1577 1681
1578 1579
1579 1628
1580 2109
1580 1622
1580 1623
1580 2092
1581 1999
1581 1593
1581 1640
1582 1604
1582 1617
1583 1632
1583 1594
1584 1791
1585 1601
1586 1610
1587 2153
1588 1629
1589 1605
1589 1625
1590 1628
1590 1610
1590 1631
1591 1854
1591 1635
1593 1644
1593 1640
1594 1632
1594 1605
1595 1985
1595 2127
1596 1999
1596 2108
1596 1598
1597 1642
1597 1602
1598 1999
1600 1606
1600 1631
1602 1642
1603 1620
1603 2084
1606 1608
1607 1612
1607 3035
1607 1634
1608 1622
1608 2109
1608 1646
1609 2886
1612 1630
1614 2959
1615 1624
1615 2330
1616 1621
1616 1627
1617 2965
1618 1998
1618 1627
1618 1645
1620 2084
1620 1647
1621 1638
1622 1646
1623 2092
1623 2063
1624 2330
1625 1641
1625 2110
1626 1636
1626 2001
1627 1998
1632 1641
1636 2940
1636 1711
1638 1645
1638 1655
1641 2110
1644 1647
1645 1655
1649 1659
1649 1651
1649 1661
1650 1930
1650 1655
1650 1948
1651 1652
1651 1661
1652 1660
1653 1657
1653 1670
1653 1658
1654 1661
1654 1656
1654 1662
1656 1948
1656 1662
1657 1662
1657 1670
1658 1659
1658 1819
1659 1819
1663 1689
1663 1709
1663 1700
1664 1795
1664 1669
1664 1697
1665 1716
1665 1690
1665 1910
1666 1746
1666 1787
1666 1676
1666 1847
1667 1715
1667 1875
1667 1673
1668 1691
1668 1685
1668 1729
1669 1873
1669 1712
1670 1713
1671 1695
1671 1705
1671 1719
1672 2080
1672 1703
1672 1980
1672 2025
1673 1682
1674 1684
1674 1936
1675 1701
1675 1775
1675 1799
1676 1793
1676 1717
1677 1975
1677 1711
1677 1703
1678 2028
1678 2818
1678 1695
1679 1706
1680 1702
1680 1699
1680 1914
1681 1715
1682 1861
1682 1721
1683 1824
1683 1721
1683 1787
1684 1730
1684 1707
1685 1725
1685 1723
1686 1720
1686 2960
1686 2961
1687 1691
1687 1718
1687 1938
1688 1951
1688 2819
1688 2818
1689 1717
1689 1700
1690 1918
1690 1698
1691 1698
1692 2054
1692 1799
1692 1710
1693 2008
1693 2080
1693 2843
1694 1699
1694 1716
1694 1900
1695 1708
1695 1719
1696 1698
1696 1899
1696 1707
1697 1879
1697 1704
1699 1914
1700 1743
1700 2054
1701 1903
1701 1789
1702 1719
1702 2818
1702 2819
1703 2025
1704 1755
1704 1721
1705 1926
1705 1718
1706 2961
1707 1728
1708 2083
1708 1970
1709 1928
1709 1713
1709 1848
1710 1799
1710 1951
1711 1971
1711 2940
1712 1788
1712 1862
1712 1919
1713 1912
1714 1720
1714 2959
1716 1906
1717 1777
1718 1923
1720 2959
1722 2669
1723 1729
1724 1726
1724 1923
1724 1727
1725 1728
1725 1731
1726 1729
1726 1938
1727 2843
1727 3062
1728 1730
1733 1785
1734 1742
1734 1758
1734 1781
1734 1762
1735 1737
1736 1782
1736 1763
1736 1768
1737 1757
1737 1783
1738 1777
1738 1793
1738 1754
1739 1752
1739 1741
1739 1767
1740 1784
1740 1766
1741 1767
1741 1791
1742 1762
1742 1781
1743 1766
1743 1784
1744 1759
1744 1786
1745 1773
1746 1754
1746 1797
1747 1767
1747 1774
1748 1790
1748 1762
1748 1772
1749 1764
1751 1768
1752 1756
1752 1785
1753 1788
1754 1793
1756 1796
1756 1785
1757 1765
1757 1798
1758 1779
1758 1776
1758 1771
1760 1787
1761 1774
1763 1789
1763 1794
1765 1770
1765 1792
1766 1782
1768 1781
1769 1797
1771 1794
1771 1780
1772 1795
1772 1797
1774 1783
1775 2819
1775 1799
1776 1779
1776 1795
1777 1782
1779 1788
1779 1780
1780 1794
1783 1791
1789 1919
1801 1811
1801 1807
1801 1813
1802 1818
1802 1838
1802 1858
1803 1842
1803 1850
1803 1847
1804 1840
1804 1839
1804 1854
1805 1840
1805 1811
1805 1852
1806 1837
1806 1822
1806 1832
1807 1821
1807 1850
1808 1839
1809 1820
1810 1834
1811 1854
1812 1815
1812 1835
1812 1853
1813 2799
1814 1834
1814 1842
1814 1846
1815 1822
1815 1835
1816 1830
1816 1857
1816 1823
1817 1855
1818 1844
1818 1838
1819 1831
1820 1851
1820 1839
1821 1840
1821 1851
1822 1832
1823 1855
1823 1836
1824 1843
1824 1841
1825 1856
1826 1851
1827 1846
1828 1857
1828 1842
1828 1856
1829 1858
1829 1845
1829 1844
1830 1849
1830 1855
1831 1917
1831 1835
1832 1848
1833 1843
1834 1846
1837 1853
1837 1895
1838 1848
1843 1847
1844 1858
1845 1881
1845 1850
1849 1849
1853 1895
1856 1857
1859 1864
1860 1869
1860 1863
1861 1877
1861 1871
1862 1913
1862 1878
1863 1882
1863 1929
1864 1865
1865 1877
1866 1878
1866 1911
1866 1882
1867 1879
1868 1872
1868 1870
1868 1880
1869 1874
1869 1872
1872 1879
1876 1877
1878 1901
1882 1897
1883 1921
1884 1890
1884 1896
1884 1911
1884 1897
1885 1909
1885 1899
1885 1893
1886 1888
1886 1913
1886 1901
1887 1917
1888 1915
1888 1903
1889 1896
1889 1904
1889 1897
1890 1905
1890 1915
1891 1912
1892 1907
1893 1904
1893 1899
1894 1915
1894 1900
1894 1914
1895 1898
1896 1915
1898 1912
1898 1907
1900 1906
1901 1905
1902 1917
1903 1920
1904 1918
1905 1911
1906 1910
1907 1912
1908 1921
1910 1918
1913 1920
1916 1921
1919 1920
1922 1926
1922 1923
1922 1925
1923 1938
1925 1941
1926 1946
1926 1939
1927 1949
1927 1932
1927 1947
1928 1960
1928 1947
1930 1944
1930 1935
1931 1932
1932 2018
1933 1942
1937 1948
1939 1942
1939 2844
1940 1960
1940 1944
1941 1946
1942 1946
1943 1947
1945 2843
1950 2019
1951 1973
1952 2003
1952 2076
1952 1968
1953 2027
1953 1986
1953 2057
1954 1995
1954 1984
1954 2081
1955 1963
1955 1991
1955 1987
1956 2070
1956 1981
1956 1992
1957 2015
1958 2006
1958 1962
1958 2057
1959 2026
1959 2073
1959 2041
1959 2017
1960 2018
1961 1975
1962 2068
1962 1989
1964 1995
1966 2052
1966 2067
1966 1994
1967 2053
1967 1983
1967 2000
1968 2049
1968 2003
1969 2077
1969 2029
1969 1971
1971 2061
1972 2075
1973 2036
1973 2028
1974 2053
1975 2029
1976 2070
1977 2054
1977 2013
1977 2024
1978 2004
1979 2015
1980 2071
1980 2080
1981 2014
1981 2081
1982 2030
1982 2058
1982 2031
1983 2084
1983 2016
1984 2062
1984 2033
1985 2046
1985 2019
1986 2059
1986 2070
1987 2066
1987 2045
1988 2067
1988 2036
1988 2023
1989 2068
1989 2037
1990 2058
1991 2039
1991 2069
1993 2047
1993 2040
1993 2022
1994 2072
1994 2067
1995 2006
1996 2066
1997 2016
1998 2065
2000 2053
2000 2049
2001 2063
2001 2046
2002 2060
2002 2056
2002 2047
2003 2025
2004 2049
2004 2029
2005 2065
2006 2057
2007 2018
2008 2032
2008 2059
2009 2048
2010 2076
2011 2048
2012 2064
2012 2037
2012 2056
2013 2036
2013 2038
2015 2058
2016 2040
2017 2051
2020 2031
2021 2075
2022 2047
2022 2068
2024 2062
2028 2818
2031 2082
2032 2083
2032 2059
2033 2078
2033 2064
2034 2048
2035 2076
2037 2064
2039 2069
2040 2048
2041 2044
2041 2043
2042 2044
2044 2082
2046 2074
2050 2071
2052 2081
2052 2067
2055 2065
2056 2060
2059 2083
2060 2065
2066 2075
2074 2074
2079 2082
2085 2122
2085 2105
2085 2139
2086 2133
2086 2131
2086 2149
2087 2110
2087 2136
2087 2104
2088 2120
2089 2140
2090 2097
2090 2123
2090 2141
2091 2121
2092 2140
2093 2124
2094 2106
2094 2112
2094 2135
2095 2121
2096 2129
2096 2137
2096 2108
2098 2135
2098 2106
2098 2159
2099 2128
2099 2150
2099 2107
2100 2147
2101 2148
2102 2120
2102 2103
2102 2121
2103 2146
2103 2132
2104 2150
2104 2124
2104 2117
2105 2145
2105 2131
2106 2157
2107 2124
2107 2143
2108 2127
2111 2129
2112 2206
2112 2136
2113 2147
2114 2148
2115 2120
2115 2141
2115 2130
2116 2150
2117 2134
2117 2123
2118 2126
2119 2137
2123 2146
2125 2129
2125 2151
2125 2144
2126 2131
2126 2135
2127 2137
2130 2152
2130 2153
2136 2193
2138 2140
2139 2142
2139 2149
2140 2147
2141 2148
2146 2149
2154 2196
2154 2171
2154 2962
2155 2176
2155 2179
2155 2177
2156 2156
2156 2195
2157 2166
2157 2168
2158 2200
2158 2195
2158 2207
2160 2209
2161 2204
2162 2801
2162 2190
2162 2192
2163 2181
2163 2205
2163 2182
2164 2195
2164 2207
2164 2204
2165 2174
2167 2197
2168 2184
2168 2189
2169 2186
2170 2187
2171 2183
2171 2188
2172 2202
2173 2209
2174 2179
2175 2962
2175 2199
2176 2194
2176 2183
2178 2186
2179 2208
2180 2191
2180 2198
2180 2182
2181 2187
2181 2197
2182 2190
2183 2194
2185 2194
2186 2196
2187 2801
2188 2962
2188 2199
2190 2201
2196 2198
2197 2205
2198 2209
2198 2205
2204 2996
2210 2224
2210 2215
2211 2235
2212 2236
2213 2955
2213 2956
2214 2221
2214 2228
2214 2237
2215 2224
2215 2222
2216 2254
2216 2230
2217 2956
2217 2957
2218 2795
2219 2229
2219 2221
2221 2229
2222 2229
2223 2245
2224 2228
2228 2237
2232 2238
2232 2958
2233 3063
2235 3025
2238 2958
2241 2247
2242 2246
2243 2247
2243 2245
2243 2244
2243 2246
2244 2246
2244 2247
2249 2286
2250 2271
2251 2313
2251 2321
2251 2688
2252 2297
2252 2255
2253 2334
2254 2309
2255 2312
2255 2267
2256 2918
2257 2311
2258 2312
2259 2333
2259 2284
2259 2290
2260 2281
2261 2294
2262 2306
2262 2307
2262 2331
2263 2903
2263 2283
2263 2980
2264 2326
2264 2269
2264 2297
2265 2310
2265 2339
2265 2292
2266 2296
2266 2284
2266 2333
2267 2275
2267 2297
2268 2315
2269 2300
2269 2306
2270 2317
2270 2277
2270 2334
2271 2288
2271 2280
2272 2310
2272 2293
2272 2338
2273 2304
2273 2335
2273 2908
2274 2332
2274 2323
2274 2276
2275 2312
2275 2310
2276 2332
2276 2309
2277 2333
2278 2293
2278 2292
2279 2335
2280 2302
2281 3011
2281 2782
2282 2315
2282 2298
2282 2286
2284 2288
2285 2327
2285 2298
2286 2303
2286 2316
2287 2317
2287 2336
2288 2314
2289 2323
2289 2328
2289 2345
2291 2302
2292 2304
2293 2295
2294 2311
2297 2336
2298 2309
2299 2334
2299 2317
2299 2324
2301 2315
2301 2323
2301 2320
2304 2339
2305 2314
2305 2325
2305 2319
2306 2331
2307 2326
2308 2322
2311 2332
2313 2337
2314 2328
2318 2329
2318 2782
2321 2687
2321 2337
2322 2328
2322 2340
2330 2918
2331 2339
2340 2342
2340 2343
2341 2344
2341 2345
2341 2342
2342 2345
2346 2348
2346 2399
2346 2388
2347 2367
2347 2386
2347 3074
2349 2389
2349 2374
2349 2375
2350 2351
2350 2380
2350 2385
2351 2370
2351 2381
2352 2388
2353 2429
2354 2381
2354 2354
2355 2364
2355 2356
2356 2363
2356 2369
2357 2395
2357 2367
2358 2381
2358 2401
2358 2394
2359 2382
2359 2375
2359 2363
2360 2808
2360 3029
2360 3030
2361 2398
2361 2402
2361 2368
2362 2398
2362 2390
2362 2377
2363 2378
2364 2371
2365 2388
2365 2385
2365 2391
2366 2386
2367 2383
2370 3074
2371 2401
2371 2398
2371 2378
2372 2396
2373 2387
2374 2389
2374 2399
2375 2396
2376 2392
2376 2389
2376 2399
2377 2384
2377 2395
2377 2402
2378 2382
2379 2422
2382 2390
2383 2401
2383 2402
2385 2394
2387 2390
2387 3027
2391 2393
2391 2394
2397 2432
2403 2425
2403 2419
2403 2407
2404 2420
2404 2410
2404 2452
2405 2442
2406 2417
2406 2426
2406 2445
2407 2427
2408 2421
2409 2450
2410 2437
2411 2447
2412 2444
2413 2428
2414 2431
2414 2423
2414 2453
2415 2443
2415 2446
2415 2436
2416 2436
2418 2442
2419 2430
2421 2422
2421 2438
2422 2439
2423 2424
2423 2450
2425 2440
2426 2449
2426 2447
2427 2427
2428 2449
2429 2445
2429 2451
2430 2443
2430 2436
2433 2448
2433 2444
2434 2436
2435 2445
2439 2442
2439 3075
2440 2443
2440 2454
2447 2449
2450 2453
2455 2788
2455 2465
2456 2464
2456 2481
2456 2458
2457 2460
2457 2458
2458 2474
2459 2790
2459 2695
2460 2473
2461 2476
2461 2491
2461 2472
2462 2486
2463 2487
2465 2484
2466 2467
2467 2479
2467 2489
2468 2491
2469 2490
2469 2484
2470 2489
2471 2471
2472 2785
2472 2786
2473 2487
2473 2475
2475 2488
2475 2480
2477 2482
2478 2491
2479 2480
2479 2483
2480 2487
2482 2485
2490 2988
2492 2787
2492 2784
2492 2785
2493 2790
2494 2501
2495 2501
2495 2497
2497 2499
2498 2500
2502 2522
2502 2515
2502 2904
2503 2536
2503 2506
2503 2520
2504 2517
2504 2533
2504 2518
2504 2537
2505 2512
2506 2536
2506 2525
2507 2513
2507 2509
2507 2530
2508 2533
2508 2515
2508 2553
2510 2524
2510 2528
2510 2511
2511 2527
2511 2535
2512 2530
2512 2528
2514 2523
2514 2569
2514 2517
2515 3042
2516 2529
2516 2530
2516 2521
2517 2549
2518 2571
2518 2532
2519 2525
2520 2907
2520 2531
2522 2531
2522 2904
2523 2534
2523 2553
2524 2525
2524 2536
2526 2527
2527 2558
2528 2538
2528 2544
2529 2529
2531 2907
2532 2541
2532 2544
2532 2538
2533 2553
2533 2551
2534 2564
2534 2941
2534 3043
2537 2555
2537 2549
2538 2544
2539 2540
2540 2574
2540 2573
2541 2570
2541 2545
2542 2563
2542 2584
2542 2565
2543 2575
2543 2571
2543 2578
2544 2562
2545 2557
2545 2561
2546 2566
2547 2567
2547 2576
2547 2549
2548 2563
2550 2567
2552 2580
2552 2578
2552 2570
2554 2561
2555 2576
2555 2567
2556 2572
2556 2569
2556 2576
2557 2570
2557 2580
2559 2568
2560 2573
2560 2577
2560 2568
2561 2562
2562 2583
2563 2577
2564 2942
2564 2572
2565 2942
2565 2566
2566 2581
2568 2579
2569 2572
2570 2578
2571 2577
2573 2582
2578 2584
2580 2584
2585 2601
2586 2591
2587 2590
2588 2916
2588 2599
2588 2605
2590 2608
2591 2603
2592 2602
2592 2600
2592 2601
2593 2595
2593 2603
2593 2604
2594 2602
2594 2598
2594 2597
2596 2612
2599 2605
2600 2608
2600 2607
2601 2608
2606 2968
2610 2611
2610 2613
2614 2616
2614 2771
2614 2911
2615 2635
2615 2623
2615 2620
2616 2772
2617 2619
2617 2621
2617 2622
2618 2770
2618 2771
2619 2625
2620 2653
2620 2624
2621 2623
2621 2622
2622 2624
2623 2633
2624 2626
2625 2626
2627 2771
2627 2772
2628 2910
2630 2648
2631 2650
2631 2652
2631 2644
2632 2641
2633 2648
2633 2646
2634 2639
2634 2649
2634 2644
2635 2645
2635 2647
2636 2641
2637 2643
2638 2649
2638 2651
2638 2653
2639 2641
2639 2650
2640 2642
2641 2643
2642 2650
2642 2643
2644 2649
2648 2651
2651 2653
2654 2663
2654 2662
2654 3077
2655 2668
2655 2660
2655 2656
2655 2661
2656 2884
2657 2662
2657 2666
2657 2665
2658 2669
2658 2666
2659 2663
2659 2659
2660 2665
2660 2664
2661 2665
2662 2666
2663 2667
2664 2668
2664 2669
2670 2677
2670 2671
2671 2672
2672 2679
2672 2673
2673 2674
2674 2675
2675 2676
2675 2779
2676 2779
2676 2677
2678 2856
2679 2855
2679 2850
2681 2682
2682 2683
2684 3021
2686 2804
2687 2689
2687 2688
2688 2689
2689 2918
2695 2696
2697 2899
2697 2704
2697 2698
2698 2703
2698 2701
2699 2706
2700 2705
2700 2701
2700 2954
2700 2704
2701 2703
2702 2899
2703 2706
2704 2707
2706 2804
2707 2900
2708 2724
2708 2720
2708 2726
2709 2732
2709 2715
2710 2805
2711 2718
2712 2715
2712 2716
2713 2733
2713 2736
2714 2724
2714 2719
2714 2727
2715 2716
2716 2735
2716 2731
2718 2719
2718 2730
2720 2726
2720 2733
2721 2722
2723 2728
2724 2727
2730 2734
2731 2735
2731 2732
2733 2736
2734 2736
2737 2739
2739 3021
2740 2855
2742 2944
2742 2743
2744 2944
2745 2746
2746 2747
2747 2748
2748 2749
2749 2750
2751 3018
2754 2755
2757 2758
2759 2760
2760 2761
2760 2762
2761 2763
2762 3048
2762 2763
2763 2764
2764 2765
2764 2766
2765 2767
2766 2767
2768 2769
2770 2910
2770 2771
2770 2911
2773 3047
2774 2776
2775 2777
2777 2778
2780 2781
2781 2922
2782 2783
2784 2785
2786 2787
2786 2788
2787 2788
2792 2794
2792 2793
2793 2795
2794 2796
2796 2797
2798 3014
2798 3017
2798 3016
2799 2800
2801 2929
2802 2803
2807 2811
2807 2809
2809 2810
2809 3003
2813 2814
2814 2815
2815 2816
2820 2821
2820 2822
2824 2825
2825 2826
2826 2827
2827 2828
2829 2833
2830 2831
2832 2834
2834 2835
2835 3001
2836 3058
2837 3041
2837 2841
2837 2842
2838 2931
2838 3044
2838 3045
2839 3056
2839 3057
2839 3059
2840 3058
2840 3056
2841 3044
2841 3041
2842 3040
2842 3042
2847 2848
2849 2850
2850 2852
2851 2854
2853 2855
2857 2861
2857 2862
2857 2859
2858 2862
2859 2862
2859 2861
2860 2862
2864 2866
2864 2868
2866 2868
2867 2869
2868 2869
2869 2870
2871 2874
2872 2876
2875 2877
2878 2881
2879 2881
2882 2883
2885 2886
2887 2917
2888 2889
2890 2894
2890 2892
2892 2893
2893 2894
2895 2896
2896 2897
2896 2898
2897 2898
2899 2900
2902 2908
2902 2906
2902 2903
2903 2908
2913 2914
2919 2920
2919 2921
2920 2921
2923 2924
2924 2926
2925 2926
2925 2927
2930 3002
2931 3039
2932 2936
2932 2937
2933 2934
2933 2938
2934 2935
2935 2937
2936 2938
2936 2937
2941 3039
2941 2942
2943 3039
2946 3028
2948 2949
2952 2953
2956 2957
2960 2961
2966 3048
2967 2968
2968 2969
2970 2971
2970 2972
2971 2972
2975 2976
2975 2977
2976 2977
2978 2979
2979 2980
2979 2983
2980 2981
2981 2984
2981 2982
2983 2983
2985 3022
2989 2990
2991 2992
2992 3023
2993 2994
2998 2999
3000 3001
3002 3038
3003 3004
3005 3006
3007 3008
3009 3010
3012 3013
3014 3017
3014 3016
3015 3017
3019 3020
3024 3025
3029 3030
3031 3032
3033 3034
3036 3069
3040 3042
3040 3060
3041 3046
3043 3060
3043 3046
3044 3045
3045 3059
3046 3060
3049 3051
3049 3053
3049 3052
3050 3052
3050 3054
3050 3051
3052 3055
3057 3059
3058 3061
3063 3064
3063 3065
3064 3065
3064 3066
3068 3072
3070 3071
3073 3074
3077 3079
3077 3078
3077 3080
3079 3082
3079 3081
