0 2519
1 264
1 2693
2 570
2 576
3 4
3 3873
3 1795
4 2947
5 3871
5 1795
5 3873
6 2759
6 58
6 2758
7 1797
7 1796
7 4388
8 893
8 59
8 3027
9 3715
9 903
9 3716
9 2526
10 2944
10 2946
10 1789
11 2763
11 4312
11 482
12 15
12 13
13 14
13 64
14 64
14 1000
15 2570
15 1005
16 4320
16 1000
16 17
17 18
17 1459
18 43
18 979
19 979
19 573
19 4312
20 21
20 2566
20 2692
21 4318
21 976
22 993
22 2517
22 4317
23 2107
23 35
23 36
24 32
24 1435
24 1723
25 1005
25 65
25 571
26 3141
26 407
26 286
26 3634
27 3670
27 3676
27 3680
27 3677
27 3678
28 3514
28 45
28 55
29 2518
29 53
29 2137
30 1433
30 1435
30 48
31 2762
31 38
31 42
32 41
32 3072
33 572
33 978
33 573
34 4082
34 56
34 57
35 2126
35 36
36 2736
37 62
37 55
37 3514
38 42
38 2697
39 60
39 1436
39 1431
40 3047
40 3045
40 3050
41 3072
41 65
42 3175
43 976
43 2762
44 1540
44 3175
44 3681
45 3044
45 2204
46 572
46 50
46 978
47 4258
47 3869
47 1010
48 1433
48 60
49 3448
50 977
50 1822
51 2844
51 3050
51 2740
52 3071
52 1432
52 1433
53 2137
53 2139
54 1984
54 1986
54 1987
55 2107
56 3269
56 57
57 4080
58 971
59 3029
59 1797
60 1431
61 3637
61 286
61 2956
61 3633
62 2736
62 2117
63 4378
63 2932
63 2787
64 1436
65 571
66 3021
66 3628
66 3629
66 3630
67 800
67 3733
67 786
67 777
68 2402
68 509
68 511
69 70
69 509
69 2397
70 424
70 2395
71 512
71 511
71 510
71 2398
72 2392
72 2389
72 395
73 176
73 2208
73 4010
74 1014
74 2504
74 2208
75 1012
75 3150
75 3151
76 4134
76 4133
77 2244
77 4083
78 2247
78 2289
78 4324
79 80
79 250
80 81
81 82
81 2754
82 2613
82 336
83 3523
83 291
83 3526
83 3524
84 90
84 85
84 291
85 1001
85 2589
86 167
86 87
86 2589
88 3769
88 3770
88 3062
89 864
89 848
89 3769
91 2636
91 2634
91 2624
92 1197
92 94
92 1305
93 1231
93 851
93 850
94 4095
94 1305
95 2291
96 3772
96 1248
96 1247
97 852
97 235
97 854
98 3198
98 3495
98 3499
99 862
99 3496
99 138
100 141
100 1238
100 267
101 2765
101 102
101 2292
102 139
102 2292
103 2618
103 104
103 356
104 2528
104 336
105 861
105 129
105 860
106 858
106 2690
106 3369
107 2612
107 139
107 3508
108 332
108 3507
108 174
109 3770
109 2581
109 2583
110 2585
110 2583
110 2581
111 2585
111 847
111 113
112 3614
112 113
112 847
113 182
114 506
114 3650
114 3657
115 117
115 3547
115 3552
116 120
116 3392
116 3611
117 118
117 3201
118 292
118 294
119 292
119 121
119 3553
119 3554
120 3551
120 3550
121 3550
121 3552
121 3554
122 128
122 180
122 868
123 1310
123 847
123 2577
124 127
124 125
124 868
125 126
126 2540
126 2536
127 3609
127 3610
127 3359
128 868
128 2577
129 3177
129 3370
129 860
130 3310
130 1312
130 3308
131 145
131 132
131 3304
132 1304
132 3526
133 3639
133 3467
133 324
134 3501
134 3500
134 3639
134 3502
135 328
135 3470
135 3469
136 2294
136 3376
136 331
137 430
137 4352
138 140
138 3198
139 3508
140 2580
140 2685
141 2607
141 2608
142 1203
142 2572
142 2580
143 2624
144 700
144 145
144 3522
145 2619
146 2619
146 148
146 3193
147 148
147 150
147 2619
148 149
149 195
149 220
151 2534
151 153
151 152
152 4091
152 154
153 155
153 154
154 2778
155 236
155 195
156 2454
156 236
156 2449
157 2454
158 3777
158 3389
158 3390
159 3779
159 1306
159 3775
159 3777
160 164
160 161
160 3778
161 1213
161 1002
162 1213
162 1003
162 3131
163 3132
163 3131
163 425
165 3390
165 2631
165 3200
165 3289
166 3132
168 169
168 1237
168 171
169 208
169 170
170 171
170 631
171 3321
172 177
172 3553
172 179
173 859
173 858
173 2716
174 265
174 856
175 855
175 3614
175 2579
176 2785
176 3312
176 2783
177 889
177 3610
178 867
178 3359
178 180
179 287
179 888
180 181
181 1310
181 1066
183 1208
183 4044
183 2772
184 2468
185 2771
186 2771
186 187
186 1207
188 2469
188 2468
188 189
189 194
189 3435
189 3393
190 191
190 193
190 3443
192 3392
192 3443
192 338
193 194
193 3437
194 3433
195 196
196 1252
196 4220
197 4031
197 1258
197 1256
198 228
198 4189
198 641
199 3284
199 641
199 642
200 4342
200 488
200 708
201 2304
201 4068
201 318
201 2303
201 3794
202 275
202 4077
202 274
203 205
203 204
203 1271
205 2594
205 207
206 2596
206 2595
206 209
209 2598
209 3145
210 214
211 213
212 2597
212 213
212 1263
213 214
214 215
215 1547
215 216
216 221
216 615
217 1254
217 218
217 221
218 219
218 4216
220 4216
221 222
222 224
222 223
223 3282
223 224
224 225
226 227
227 228
227 4195
228 2995
229 3757
229 230
229 3758
230 3765
230 240
230 237
231 3758
231 242
231 3766
232 233
232 3019
232 869
233 3766
233 3019
234 3780
234 3782
234 2804
235 1306
235 854
236 240
237 3759
237 870
237 3764
238 249
238 239
238 3767
239 3765
239 248
240 241
241 869
241 3757
242 243
242 3766
243 2451
243 248
243 3781
244 3020
244 245
244 1195
245 1195
245 4181
246 2458
246 3020
246 1212
247 248
247 2458
247 2457
251 1042
251 903
251 1541
252 3793
252 253
252 3789
252 3790
253 3793
253 807
254 2374
254 2371
254 2372
254 2373
255 3025
255 821
255 3026
256 2384
256 2388
256 257
256 3563
257 2390
257 3024
258 3022
258 259
258 3021
259 3572
259 3573
260 3994
260 3665
260 441
261 262
261 1006
262 2316
262 3271
263 4173
263 264
263 4066
264 2748
265 266
265 856
266 2690
266 2718
267 3505
267 3042
268 875
268 3463
268 270
269 876
269 271
269 877
270 876
270 3494
271 3470
271 877
272 322
272 273
272 279
273 274
273 322
274 275
275 276
276 280
276 277
277 278
277 280
278 279
278 3627
279 3625
280 381
281 3620
281 282
281 3067
281 3624
282 3068
282 3620
282 3622
283 379
283 3569
283 3571
284 375
284 285
284 379
285 380
285 3194
286 3401
286 3636
288 3521
288 289
288 3524
288 3527
290 291
291 698
292 2591
293 768
293 3032
293 315
295 306
296 297
296 4373
296 3033
298 3033
298 303
298 304
298 300
299 4373
299 2467
299 2460
299 886
299 3544
300 3382
300 301
301 302
301 308
304 3536
304 3383
305 3292
306 4153
306 307
308 3381
308 358
309 2956
309 1009
309 3243
310 3471
310 3532
310 311
310 3540
311 3539
311 3531
311 3534
312 3541
312 313
312 3532
313 3570
313 3569
314 3571
314 3567
314 3568
314 3570
315 316
315 768
316 316
317 1548
317 4152
317 2301
318 3799
318 4302
319 3644
319 1117
319 2326
320 3643
320 3641
320 473
320 3648
321 3024
321 2390
321 3022
321 3023
322 629
323 1007
323 3015
323 3016
324 3467
324 874
325 3503
325 3464
325 326
325 3504
326 327
326 3504
327 3468
327 3463
328 330
328 334
328 329
329 2718
329 334
331 2688
331 3376
332 2292
332 3507
333 4069
333 3507
333 2998
334 2711
335 2720
335 2715
335 2713
336 337
338 3144
338 3143
338 3142
339 343
339 3142
339 341
340 341
340 3399
340 3398
341 3436
342 2703
342 347
342 346
343 2462
343 2466
344 2462
344 345
344 362
345 366
345 346
346 366
347 351
347 348
349 350
350 3144
350 3543
351 367
352 2641
352 918
352 2325
353 2644
353 2641
353 354
354 2611
354 4058
355 4058
356 357
356 2997
358 359
358 360
359 3293
359 361
362 363
362 365
363 369
363 364
364 369
364 371
364 370
366 369
366 372
367 3444
368 3424
368 3426
368 3422
369 3445
370 422
370 2459
370 883
373 377
373 376
373 3533
374 375
374 380
374 377
375 379
377 378
380 2521
381 383
381 386
382 3627
383 3067
383 384
385 3321
386 4078
386 3622
387 388
387 3615
387 3617
388 3616
388 3194
389 3401
389 3618
389 3615
390 394
390 3735
390 2699
390 2404
391 2379
391 844
391 4395
392 3788
392 4395
392 3786
393 2403
393 394
393 2396
394 2698
395 534
395 2698
395 2402
396 397
396 974
396 3492
397 972
397 975
398 4089
398 909
398 518
398 514
399 534
400 401
400 2915
400 515
401 2951
401 402
401 2915
402 515
402 516
402 2433
403 3493
403 507
403 846
404 2362
404 825
404 3632
405 2306
405 414
405 2358
405 406
406 2307
406 3564
406 407
407 418
408 3795
408 636
408 3797
408 3800
409 410
409 619
409 4055
410 411
410 413
411 412
411 3799
412 3797
412 2299
412 3799
414 416
414 2359
415 4067
415 4073
415 4072
416 3906
416 3565
417 3564
417 3565
417 3567
417 3566
418 3566
418 419
419 420
419 3619
421 838
421 3631
421 3632
422 884
422 883
423 882
423 3446
423 1008
424 2394
424 4327
425 2721
425 2722
426 427
426 3388
426 2722
427 428
427 4138
428 2472
428 2471
429 431
429 430
429 1011
430 2768
431 2516
431 432
432 3365
432 433
433 3367
433 3365
434 435
434 3367
435 3348
436 437
436 3348
437 1234
438 3389
438 3310
439 3474
439 440
439 443
440 704
440 443
441 444
441 704
442 3995
442 3996
442 444
443 3995
444 3994
445 2312
445 3320
445 458
446 3089
446 1099
447 1129
447 1136
447 448
447 1133
448 3649
448 527
449 527
449 451
449 452
450 1125
450 451
450 574
451 452
452 2420
453 3647
453 2421
453 2332
454 1103
454 3662
454 1105
455 3659
455 2350
455 3661
455 3660
456 1190
456 3664
456 457
457 3664
457 2312
458 2312
458 873
459 722
459 873
459 3664
460 2966
460 3344
460 461
461 972
461 3493
462 574
462 463
462 464
463 464
463 4394
464 3473
465 2399
465 3650
465 3655
465 3656
466 2700
466 469
466 471
467 2324
467 2764
467 472
468 3991
468 2700
468 3012
469 3667
469 471
470 1194
470 472
470 3669
471 2764
472 3991
473 1117
473 4393
474 523
474 4122
474 4393
475 523
475 524
475 476
476 528
476 522
476 529
477 2322
477 479
477 478
478 479
478 531
479 3658
480 4088
480 3715
480 900
481 482
481 513
481 2877
482 483
483 613
483 3248
484 705
484 2811
484 485
485 2533
485 685
486 487
486 2775
486 650
487 2728
488 1548
488 4345
489 490
489 3883
489 493
490 491
490 1149
491 500
491 492
492 846
492 494
493 507
493 846
494 2400
494 498
495 496
495 546
495 499
496 497
496 546
497 498
497 3169
498 499
499 500
500 512
501 992
501 502
501 505
502 503
502 992
503 1149
503 3884
504 3657
504 506
504 3884
505 3885
505 3886
506 3885
507 1152
508 2842
508 4327
508 4328
509 2396
510 3655
510 2394
511 2401
512 2398
513 2877
513 540
514 517
514 2422
515 2433
516 517
516 2422
517 518
517 975
518 3492
519 3662
519 2350
519 3663
520 522
520 4122
520 3663
521 4122
521 3642
521 3643
522 523
524 1194
524 528
525 4391
525 3959
525 3949
526 2331
526 4299
526 1106
526 2333
527 1128
528 1171
529 530
529 2963
530 531
531 3661
532 533
532 3349
532 535
533 2709
533 3344
534 2400
534 2916
535 539
535 538
536 540
536 917
536 539
537 538
537 540
537 2878
538 539
541 543
541 542
541 3454
542 3867
542 3868
543 970
543 907
544 1147
544 3882
544 1154
545 566
545 1143
545 1137
545 562
546 1148
546 2423
547 1150
547 1145
547 1148
548 1144
548 3172
548 1145
549 551
549 555
549 557
550 3167
550 3168
550 3248
551 561
551 552
552 553
552 560
553 3267
553 554
554 555
554 556
555 2723
556 2723
556 4310
557 1142
557 3881
558 991
558 564
558 565
559 560
559 991
559 3880
560 561
561 562
562 563
563 564
563 566
564 567
565 3879
565 4147
566 567
567 2327
568 4320
568 3266
568 1005
569 1004
569 4084
569 4177
570 2747
570 576
571 2571
572 3826
573 2692
574 575
575 2416
575 2793
576 4066
577 2289
577 2262
577 2245
578 2257
579 3744
579 580
579 584
580 581
580 745
581 582
581 743
582 3945
582 597
583 739
583 584
583 3945
584 740
585 1273
585 586
585 611
586 1268
586 611
587 1268
587 767
587 588
588 3278
588 3280
589 745
589 737
589 3275
589 3744
590 591
590 596
590 599
591 3011
591 2885
592 610
592 2884
592 2885
593 3993
593 3010
593 2884
594 595
594 3785
594 3993
595 2886
595 636
596 599
596 2886
597 751
597 3945
598 3742
598 677
598 679
599 679
600 3736
600 603
600 604
601 3963
601 3736
601 3737
602 3556
602 845
602 3963
603 604
603 845
604 2378
605 804
605 2378
605 2407
606 607
606 3753
606 2383
606 3752
607 3751
607 608
607 3753
608 609
608 3751
609 792
609 610
610 2884
611 4337
611 4338
612 4338
612 767
612 4340
613 4311
613 2517
614 622
614 3458
614 3456
614 2298
615 3478
615 673
615 668
616 639
616 1547
616 3453
617 639
617 633
617 620
618 619
618 3457
618 637
619 626
620 632
620 622
621 633
621 3145
621 632
621 623
622 637
622 632
623 624
623 629
624 3039
624 627
625 627
625 626
626 3039
628 3039
629 630
631 3625
631 2596
633 634
635 3458
636 3456
637 3456
638 1547
639 640
641 1196
642 645
642 3285
643 647
643 644
643 645
645 646
648 4187
648 2728
648 652
649 4121
650 661
650 651
651 655
651 652
652 654
653 654
653 655
653 658
654 660
655 656
657 658
658 659
661 662
661 663
662 4056
662 710
663 683
663 4056
664 667
664 714
664 715
665 717
665 715
665 667
666 717
666 718
666 3760
667 3018
668 675
668 670
669 670
669 680
671 3740
671 672
671 3742
672 675
672 673
673 738
674 675
674 677
674 676
676 677
676 682
678 682
678 680
678 681
679 681
680 3458
681 682
683 2434
683 707
684 2434
685 4049
685 706
686 3151
686 2228
686 3152
687 4128
687 2218
687 4129
688 4276
688 4130
688 4128
689 2499
689 4272
689 690
690 691
690 4272
691 4274
691 692
692 2554
692 4274
693 2592
693 841
693 3627
694 3374
694 2592
695 2538
695 840
695 3529
696 3528
696 697
696 2537
696 2777
699 700
700 701
702 3476
703 704
703 3414
703 3415
708 4152
708 709
710 714
710 711
711 713
711 712
714 2776
715 716
717 4047
719 721
719 3400
719 720
720 724
720 725
722 723
722 873
722 3271
723 726
723 724
723 2320
723 727
724 727
727 728
729 3479
729 4341
729 1273
730 732
730 734
730 731
731 733
731 734
732 735
732 733
732 736
733 1268
734 3481
735 3281
735 737
736 740
736 737
736 738
738 741
739 3738
739 741
740 741
742 4335
742 747
742 4329
742 4330
743 744
743 752
745 746
745 3744
747 749
747 748
748 752
748 1177
749 758
749 750
750 753
750 4380
751 2525
751 755
752 754
753 755
753 754
754 755
756 757
756 3988
756 3746
757 758
757 762
758 761
759 4314
759 4315
759 790
760 3749
760 2410
760 4316
761 4314
761 2411
762 2413
762 2414
763 766
763 3395
763 3749
764 2413
764 765
764 2409
764 3747
765 3748
765 796
766 3747
766 3748
766 2691
767 4336
768 2591
769 988
769 985
769 989
770 771
770 990
770 772
771 3199
771 1474
772 1529
772 3671
773 982
773 774
773 3070
774 3070
774 980
775 3069
775 3149
775 3148
776 2379
776 2373
776 805
777 3737
777 3736
778 784
778 2403
778 779
779 780
779 3733
780 3733
780 781
781 782
781 3075
782 3075
782 3734
783 3734
783 3735
783 784
784 2403
785 790
785 2842
785 2843
786 2407
786 801
787 791
787 790
787 788
788 799
788 793
788 789
791 793
791 794
792 797
792 796
793 795
793 798
794 2691
794 795
795 796
797 798
797 3750
798 799
798 802
799 2408
800 2406
800 2408
801 802
801 2408
802 803
803 2407
803 804
804 2383
805 806
805 3753
806 3010
806 807
807 2305
807 832
808 831
808 809
808 2370
809 810
809 2370
810 2375
810 3784
811 812
811 815
811 4270
812 2364
812 814
813 3559
813 3557
813 2367
813 3558
814 815
814 2307
815 4271
816 4270
816 3558
816 825
817 818
817 824
817 820
818 828
818 3021
818 836
819 822
819 820
819 826
820 827
821 823
821 3786
822 3559
822 823
823 824
824 3064
825 826
826 827
827 2362
828 2362
828 838
829 830
829 3026
829 831
829 2374
830 833
830 831
830 3025
831 2371
832 2372
832 3783
833 834
833 3025
834 2370
834 835
835 3557
835 2370
836 3555
836 2384
837 3562
837 3561
837 3064
837 3555
838 3630
839 3631
839 2361
839 4270
840 1265
840 2538
841 3626
841 2593
842 908
842 3866
843 2205
843 4157
843 2435
844 2378
845 3560
848 2996
848 3062
849 850
849 853
849 3074
850 851
851 854
852 3497
852 2640
853 3498
853 2640
855 1307
855 3614
856 2293
857 3369
857 861
857 937
858 2716
859 2882
859 2883
860 2883
861 937
862 863
862 3496
863 3499
863 2686
864 1201
864 3461
865 866
865 3461
866 2291
867 1066
867 3612
869 3757
870 3768
870 3763
871 3756
871 2995
871 3754
872 3285
872 3286
872 1196
874 3465
874 3466
875 877
875 3463
876 3494
878 3450
878 879
878 3293
879 3452
879 880
880 881
880 884
881 1008
881 3451
882 883
882 3445
884 1008
885 3549
885 3547
885 3548
886 3545
886 3544
887 3544
887 3546
887 3965
888 889
888 2599
889 2599
890 891
891 897
891 3028
892 1073
892 1302
892 895
893 2258
893 4244
894 2037
894 2034
894 2424
895 1070
895 1069
896 957
896 897
898 1062
898 2942
898 900
899 900
899 901
899 3716
899 2944
901 903
901 902
902 1043
902 1061
902 1063
903 3864
904 906
904 2442
904 905
906 971
906 3866
907 970
908 2527
908 969
909 2876
909 4087
910 912
911 3683
911 3577
911 3679
912 914
912 2523
913 3043
913 914
913 915
914 3353
916 917
916 3043
916 2432
917 3043
918 2643
918 2882
919 920
919 2130
919 4046
920 4081
920 2933
920 2146
921 1999
921 1997
921 3848
922 923
922 1993
922 1992
923 1990
923 1989
924 1940
924 1944
924 1942
925 1828
925 3708
925 1855
926 2009
926 3839
926 2000
927 934
927 3849
927 2106
927 936
928 931
928 4024
928 930
929 1828
929 1079
929 3703
930 2084
930 931
931 3188
932 933
932 4025
932 2108
932 4023
933 2092
933 935
934 2108
934 935
935 936
936 4165
937 4351
938 2648
938 2677
938 2668
939 2555
939 2496
939 2558
939 2659
940 3802
940 3962
940 1982
941 1982
941 1981
941 1983
942 1983
942 1985
942 3962
943 1863
943 1985
943 3802
944 3693
944 3692
944 1765
944 3694
945 1757
945 1760
945 2898
946 3697
946 949
946 3695
947 948
947 2742
947 3133
948 3134
948 3060
949 2970
949 3696
950 3696
950 2838
950 3509
951 3518
951 1835
951 3713
952 1760
952 1758
952 3272
953 1759
953 1760
953 2898
954 2897
954 955
954 1759
955 1758
955 1834
956 2898
956 2812
956 2906
957 958
957 4372
958 959
958 960
961 4157
961 962
961 1790
962 964
962 963
963 2443
963 965
964 965
964 2948
965 4186
966 967
966 968
966 4390
967 3870
967 968
967 2756
968 3872
968 3871
969 3454
969 970
972 973
973 974
973 3344
974 3492
975 2433
976 1822
977 2697
977 2696
978 2762
979 1460
980 983
980 4012
981 4012
981 982
981 3069
982 3069
983 989
983 4012
984 985
984 986
984 3674
985 989
986 2805
986 987
987 988
987 990
988 990
991 4386
992 3086
993 2880
993 996
994 4313
994 997
994 2763
995 996
995 998
995 999
996 2763
997 998
997 3267
998 999
999 1350
1000 1004
1004 3266
1006 3994
1006 1007
1007 4343
1009 3451
1009 3450
1010 2442
1010 2760
1010 3869
1011 2516
1011 2767
1012 4006
1012 2507
1013 2217
1013 2782
1013 2221
1014 2503
1014 2504
1014 4009
1015 2265
1015 2505
1015 2504
1016 2267
1016 4000
1016 2265
1016 4003
1017 4004
1017 2269
1017 2267
1018 2752
1018 4001
1019 3105
1019 2515
1019 3981
1020 2733
1020 2983
1020 3983
1021 1025
1021 1038
1021 1515
1022 3097
1022 1023
1022 4013
1023 1518
1023 3095
1024 1909
1024 1026
1024 1908
1025 3096
1025 3105
1026 2180
1026 2200
1027 1920
1027 1908
1027 1909
1028 3460
1028 3518
1028 2825
1029 1863
1029 1030
1029 1031
1029 3460
1030 2839
1030 1031
1031 3138
1032 1033
1032 2904
1032 2902
1033 1034
1033 1036
1034 2838
1034 1035
1035 1036
1035 2838
1036 3138
1037 4282
1037 2964
1037 1905
1038 4013
1038 3096
1039 1041
1039 1515
1039 3098
1040 4289
1040 1514
1040 1041
1041 4289
1042 1043
1042 1802
1043 1044
1044 2440
1044 2438
1045 3088
1045 4253
1045 3729
1046 3727
1046 3730
1046 3728
1047 1048
1047 4254
1047 1051
1047 1052
1048 1049
1048 4254
1049 1071
1049 1072
1050 1051
1050 1072
1050 4255
1051 1052
1052 2448
1053 2448
1053 1057
1053 1058
1054 1055
1054 1059
1054 1060
1055 1056
1055 4253
1056 1057
1056 4253
1057 1058
1058 1059
1058 2448
1059 1060
1060 1062
1061 1064
1061 1062
1063 1064
1063 3088
1064 1065
1066 2532
1067 4252
1067 1068
1067 1070
1068 1069
1068 1075
1069 4256
1070 1071
1071 1072
1072 4255
1073 4255
1073 1074
1075 1076
1075 1084
1076 1081
1076 1080
1077 1078
1077 3704
1077 1083
1078 3961
1078 3704
1079 1080
1079 3961
1080 1081
1081 1082
1082 1083
1082 3702
1083 3702
1084 1085
1084 1090
1085 1086
1085 1089
1086 3731
1086 1088
1087 3730
1087 1091
1087 3731
1091 1809
1091 1092
1092 1096
1092 1093
1093 1095
1093 3732
1094 3719
1094 2439
1094 3732
1097 4250
1097 3726
1097 4252
1098 3949
1098 1099
1100 1114
1100 3519
1100 3902
1101 1114
1101 2344
1101 1110
1101 1109
1102 1103
1102 2345
1102 2351
1103 2351
1104 4392
1104 1108
1104 2337
1105 1108
1105 3642
1106 2336
1106 1112
1106 2337
1107 2336
1107 1108
1107 3648
1109 2352
1109 2343
1110 1112
1110 1115
1111 4151
1111 1115
1111 4111
1112 4110
1113 1114
1114 1115
1116 3659
1117 1121
1118 3987
1118 2300
1118 3992
1119 3992
1119 1120
1119 3668
1120 3668
1120 3986
1121 3986
1121 3989
1122 1123
1122 3986
1122 2334
1123 1124
1123 1130
1124 1125
1124 3640
1125 1126
1126 1181
1126 3668
1127 1129
1127 1131
1127 1128
1128 1131
1129 2421
1129 1130
1130 3647
1130 3640
1131 1132
1132 3640
1132 2420
1133 1135
1133 2330
1134 1138
1134 1144
1134 1140
1135 1137
1135 1136
1135 2328
1136 1138
1137 1138
1138 1139
1139 1141
1139 1140
1140 1147
1141 3886
1141 3651
1142 3172
1142 1143
1143 1144
1145 1146
1147 1150
1148 1151
1149 3883
1149 1151
1150 1151
1152 3877
1152 3657
1153 1154
1154 3882
1154 3086
1155 3652
1155 2416
1155 3473
1156 3656
1156 3653
1156 3654
1157 2800
1157 2417
1157 1185
1158 2300
1158 1180
1158 2418
1159 3013
1159 1178
1159 1175
1159 2300
1160 1163
1160 1161
1160 1165
1161 1171
1161 1192
1161 1186
1162 1163
1163 1164
1165 1166
1165 1172
1167 1168
1167 1172
1167 1169
1169 1170
1169 1174
1171 1173
1172 1173
1173 1174
1174 1175
1175 1176
1177 3408
1177 3409
1178 1179
1178 4119
1181 2793
1181 2797
1182 2796
1183 1185
1183 2417
1183 3654
1184 2417
1184 4048
1184 2415
1185 2416
1186 1188
1186 1187
1188 1190
1188 1189
1190 1191
1192 2321
1192 4364
1193 1194
1195 1233
1196 4189
1197 3495
1197 1198
1198 1199
1199 1200
1200 2291
1200 3774
1201 1202
1201 2588
1201 2586
1203 1204
1203 1205
1206 4041
1206 4039
1206 3203
1207 2617
1207 1208
1208 1210
1209 1210
1210 2618
1211 3529
1211 2600
1211 3374
1212 3020
1212 2451
1212 1225
1213 1214
1214 1215
1214 1216
1216 1217
1216 3334
1218 1219
1219 3332
1219 1229
1220 3396
1220 1223
1220 1221
1221 1223
1221 1222
1223 1224
1225 1226
1225 1227
1227 1228
1227 3396
1229 3396
1229 4383
1230 4383
1231 2789
1231 4093
1232 2457
1234 3363
1234 1235
1236 3308
1236 3394
1236 3304
1237 2593
1237 1265
1238 2447
1239 1317
1239 4146
1239 4386
1240 1305
1241 3073
1241 3773
1241 1303
1242 3377
1242 1246
1242 1243
1244 4092
1244 1245
1244 3074
1246 3073
1246 3378
1249 2623
1250 2628
1250 2629
1250 2621
1251 2788
1252 4031
1252 4201
1253 4220
1255 4210
1255 4212
1255 4213
1256 1257
1256 4199
1258 1259
1258 1260
1260 1261
1260 1264
1261 1262
1261 3387
1262 3755
1262 2774
1265 3193
1265 2593
1266 2535
1266 2536
1266 1267
1267 2538
1269 2990
1269 2989
1269 1282
1270 1750
1270 1544
1270 1751
1271 1272
1271 3368
1271 3380
1273 4341
1274 1282
1274 1275
1274 3818
1275 1276
1275 3818
1275 1282
1276 1732
1276 1277
1277 1744
1277 1745
1278 1816
1278 3828
1278 1279
1278 3826
1279 3828
1279 1281
1280 1281
1280 3345
1280 3826
1281 3818
1283 3140
1283 4284
1283 4285
1284 1291
1284 1855
1284 1288
1285 1290
1285 1286
1285 3701
1286 3701
1286 1287
1287 1288
1287 3708
1288 1289
1289 1290
1289 3707
1290 3706
1291 1292
1291 1293
1293 1299
1293 1294
1295 4137
1295 1298
1295 1296
1296 1297
1296 4381
1297 1300
1297 1298
1298 1299
1299 1300
1300 1301
1302 1931
1302 1926
1303 3074
1303 3498
1306 3779
1307 2578
1307 4379
1308 1309
1309 3204
1309 3613
1310 1311
1312 3310
1312 3289
1313 1321
1313 1315
1313 1314
1314 1325
1314 1319
1315 1317
1315 1316
1316 1319
1316 4151
1317 1318
1319 4111
1320 1323
1320 1321
1320 1325
1321 1322
1322 1328
1322 1323
1323 1324
1324 2353
1324 3118
1325 1326
1326 3902
1326 4111
1327 3108
1327 3109
1327 3113
1328 3107
1328 3106
1329 1333
1329 3115
1329 3117
1330 1339
1330 1336
1330 1337
1331 1332
1331 1339
1331 1333
1332 1336
1332 1334
1333 1334
1334 1335
1336 3897
1337 2731
1337 1376
1338 1339
1338 2731
1338 3109
1340 2339
1340 3900
1340 3093
1340 1378
1341 3898
1341 3900
1341 3899
1341 1343
1342 1344
1342 1343
1342 3520
1343 1344
1344 2353
1345 1346
1345 1363
1345 1351
1346 1347
1346 1349
1346 1348
1347 4387
1347 1399
1348 1363
1348 3876
1349 1354
1349 1352
1349 1351
1350 2769
1350 1357
1351 1353
1352 1355
1352 4387
1353 1356
1353 1354
1353 1374
1354 1357
1354 1355
1355 1358
1356 1357
1356 1364
1357 1358
1358 1398
1359 1365
1359 1360
1359 1364
1360 2808
1360 1361
1361 2809
1361 2808
1362 1364
1362 2769
1362 2809
1363 3106
1363 2732
1363 3588
1365 3587
1365 1374
1366 1367
1366 1373
1366 3585
1367 3587
1367 1368
1368 1369
1368 3587
1369 3589
1369 1370
1370 1371
1370 2732
1371 1372
1371 1377
1372 1373
1372 1377
1373 2541
1374 3588
1375 3455
1375 2731
1375 2732
1376 3455
1376 1377
1378 2342
1379 1381
1379 1384
1379 1380
1379 3584
1380 1382
1380 3584
1381 1388
1381 3580
1382 3583
1382 3581
1383 3402
1383 3581
1383 1384
1384 3402
1385 1388
1385 1389
1385 3402
1386 3092
1386 3957
1386 1394
1387 1429
1387 3952
1387 3957
1388 1400
1389 1390
1389 3582
1390 1391
1390 1392
1392 3956
1392 3092
1393 1406
1393 1428
1393 2726
1394 3958
1394 3091
1395 1414
1395 1415
1395 1410
1396 2727
1396 1402
1396 2806
1397 4387
1399 3119
1399 3880
1399 3876
1401 1410
1401 3092
1401 1402
1402 1403
1403 1405
1403 1406
1404 1404
1404 1405
1405 1418
1406 1413
1407 1438
1407 1416
1407 1418
1408 1428
1408 1426
1408 1427
1409 1415
1409 1410
1409 1412
1409 1413
1411 3090
1411 1412
1411 1414
1412 1413
1412 1415
1414 1415
1416 1425
1416 1417
1417 1418
1419 1422
1419 1425
1419 1423
1420 3371
1420 3688
1420 3687
1421 1430
1421 1424
1421 1426
1422 1427
1422 1425
1423 3154
1423 1424
1424 1430
1426 1427
1428 1429
1429 3950
1430 3950
1431 1432
1432 3071
1434 1435
1436 1437
1438 1453
1438 3372
1439 1443
1439 1453
1439 1452
1440 1441
1440 3154
1440 1523
1441 4018
1441 1523
1442 3007
1442 3966
1442 3005
1443 3154
1443 1444
1444 4369
1444 1446
1445 1524
1445 1455
1445 1447
1446 4369
1446 1448
1446 1450
1447 1448
1447 4369
1448 1450
1449 1450
1450 1451
1452 2802
1452 1453
1452 1528
1454 1455
1455 1528
1456 3972
1456 1528
1456 1465
1457 3147
1457 3149
1457 1458
1458 1464
1458 1463
1459 1460
1459 3972
1460 2695
1461 1462
1461 2695
1461 3973
1462 1466
1462 1463
1463 1464
1464 1465
1465 3972
1466 1467
1466 1472
1467 1468
1467 1471
1469 1471
1470 1471
1473 1474
1474 3146
1475 3973
1475 1481
1475 2563
1476 1481
1476 3969
1476 2564
1477 3971
1477 1478
1477 3967
1477 3969
1478 2568
1478 3313
1479 3314
1479 4232
1479 3968
1480 2566
1480 2564
1480 3970
1481 2563
1482 1485
1482 1486
1482 4232
1483 1544
1483 4232
1483 3822
1484 4228
1485 4228
1485 4230
1486 1487
1486 4226
1487 3822
1487 1491
1488 4228
1489 1490
1489 4228
1489 1494
1490 4233
1490 4231
1491 2989
1491 4225
1492 2565
1492 2569
1492 4223
1492 1493
1493 1494
1493 2569
1494 1495
1495 4223
1495 4234
1496 1502
1496 3984
1496 1497
1497 3984
1497 1506
1498 1499
1498 1503
1498 1504
1499 4290
1499 1520
1500 4290
1500 1521
1501 2993
1501 3008
1501 4296
1501 3009
1502 3004
1502 3006
1503 1504
1503 1510
1503 3984
1504 1505
1505 1506
1505 3985
1506 3985
1507 1508
1507 1510
1507 4294
1508 4293
1508 1509
1510 1511
1512 3985
1512 3103
1512 3104
1513 1514
1513 3099
1513 3100
1514 1516
1515 4289
1517 3102
1517 2965
1517 3101
1518 1910
1518 2200
1519 4062
1519 4292
1519 2981
1520 1521
1520 4062
1521 4290
1522 4292
1523 1524
1523 4368
1524 1525
1525 1526
1525 1527
1526 1526
1530 3671
1531 1532
1532 1533
1532 1536
1533 3671
1533 4376
1534 1535
1534 1536
1535 1538
1535 3175
1537 1538
1537 1542
1537 3673
1539 3672
1539 1542
1539 3673
1541 1798
1541 3680
1542 1543
1542 3682
1544 3823
1545 2310
1545 2311
1546 2311
1546 2956
1546 3633
1548 4340
1549 1586
1549 1550
1549 1584
1550 1652
1550 2870
1551 3597
1551 3592
1551 3602
1552 3601
1552 1554
1552 1636
1553 1672
1553 1558
1553 1554
1554 3599
1555 3594
1555 1636
1555 1556
1556 1557
1556 1719
1557 3948
1557 1558
1558 1672
1559 3946
1559 2986
1559 3120
1560 2986
1560 1648
1560 2985
1561 1563
1561 3946
1561 3947
1562 2985
1562 1563
1562 3948
1563 1719
1564 4366
1564 1647
1564 1565
1565 3947
1565 4365
1566 1714
1566 3933
1566 3940
1567 3216
1567 3931
1567 3932
1568 4269
1568 3302
1568 3301
1569 1575
1569 3890
1569 1571
1570 1572
1570 3888
1570 3889
1571 3890
1571 1573
1572 1573
1572 4247
1573 4247
1574 3889
1574 3891
1574 1575
1575 1576
1576 1577
1576 3303
1578 3922
1578 1660
1578 1580
1579 4263
1579 1580
1579 3921
1580 4265
1581 3925
1581 4183
1581 4260
1582 4269
1582 1583
1582 3416
1583 1583
1584 4269
1584 1585
1584 1586
1586 3583
1586 1587
1587 1591
1587 1592
1588 1617
1588 1589
1588 1623
1589 1590
1590 1591
1590 1618
1591 4238
1592 4238
1592 1593
1593 1600
1593 1601
1594 1621
1594 4240
1594 1628
1594 1629
1595 1596
1595 4240
1595 1627
1596 1597
1596 3254
1597 2858
1597 2857
1598 1616
1598 1605
1598 1612
1599 1612
1599 1620
1599 1610
1599 1600
1600 1611
1601 4235
1601 1602
1602 1603
1602 4235
1603 1611
1603 1604
1604 2862
1604 2869
1604 2873
1605 1614
1605 1606
1605 2857
1606 1609
1606 4045
1607 1608
1607 4045
1607 1625
1608 3590
1608 4045
1609 1610
1609 1612
1610 1611
1613 1620
1613 1618
1613 4236
1613 1616
1614 1615
1614 1616
1615 1617
1615 1624
1617 1618
1619 1620
1621 3255
1621 1622
1622 3253
1622 1623
1623 1624
1624 3256
1625 1626
1625 2858
1626 3603
1626 4243
1627 4243
1627 1631
1629 2859
1629 1639
1630 1640
1630 1632
1630 1634
1631 4243
1631 4298
1632 1637
1632 3593
1633 3084
1633 3594
1633 3593
1634 1635
1634 3066
1635 3066
1635 1642
1636 3084
1637 3083
1637 3593
1638 4241
1639 1641
1639 1640
1640 2856
1641 4303
1641 4118
1642 1643
1642 3594
1643 1644
1643 3252
1645 4365
1646 4366
1648 1721
1648 2985
1649 1716
1649 1650
1649 1720
1650 3941
1650 1674
1650 1676
1651 3085
1651 1661
1651 1659
1652 2864
1652 2875
1653 1654
1653 3921
1653 3923
1654 2860
1654 2864
1655 1656
1655 2872
1655 2869
1655 2873
1656 2872
1656 3913
1657 1658
1657 3196
1657 3913
1658 1659
1658 1663
1659 1660
1660 3922
1661 4360
1661 1664
1662 1663
1662 1673
1662 3592
1663 3916
1664 3915
1665 1667
1665 3915
1665 3085
1665 3919
1666 3918
1666 3916
1666 3914
1667 3917
1667 3915
1668 1669
1668 1670
1668 3937
1669 4362
1669 1684
1670 3937
1670 4361
1671 3941
1671 1673
1671 1672
1672 3176
1673 3597
1674 3942
1674 3920
1675 4360
1676 4359
1676 3930
1677 3939
1677 3216
1677 4360
1678 1679
1678 1680
1678 3082
1680 3927
1680 1681
1681 1716
1681 1697
1682 1683
1682 3944
1682 1684
1684 1693
1685 1701
1685 1686
1685 1694
1686 1687
1686 1705
1687 4304
1687 4305
1688 1689
1688 3934
1688 3935
1689 2730
1689 3936
1690 3934
1690 1691
1690 4306
1691 4305
1691 1692
1692 2574
1692 2730
1693 3928
1693 3929
1694 1698
1694 1696
1695 1712
1695 4363
1696 3928
1696 1697
1697 1698
1698 1712
1699 1701
1699 3938
1699 1700
1701 4307
1702 4307
1702 1704
1702 1703
1705 1706
1705 1707
1706 1707
1706 1708
1707 1708
1708 1709
1708 3926
1710 3935
1710 1711
1710 3934
1711 2575
1711 3935
1712 1713
1714 1718
1714 1717
1715 1716
1715 1718
1715 4367
1718 2437
1719 3948
1720 1721
1720 3948
1721 1722
1722 1722
1723 3072
1723 3686
1724 1725
1724 3691
1724 1728
1725 1726
1725 3691
1726 3690
1726 4014
1727 1728
1727 2994
1727 4014
1728 2994
1729 1731
1729 1730
1729 2994
1730 4375
1730 3187
1732 1734
1732 1733
1733 1735
1733 1741
1733 3825
1734 1744
1734 1742
1735 2914
1735 1737
1736 1737
1737 1738
1738 1739
1738 1740
1741 1742
1742 1747
1743 1762
1743 3379
1743 1747
1744 1745
1745 1746
1746 1761
1746 3828
1747 2910
1748 1755
1748 1749
1748 4301
1749 4301
1749 1750
1750 1751
1751 1752
1752 1753
1752 3079
1753 3079
1753 1754
1754 1755
1754 3819
1755 1903
1756 3079
1756 3805
1756 3808
1757 3076
1757 3077
1758 1835
1759 3058
1761 2897
1761 3274
1763 3693
1763 2900
1763 2899
1764 1784
1764 3186
1764 1779
1765 2906
1765 1766
1766 1779
1766 1777
1767 1777
1767 1771
1767 1768
1768 3511
1768 1769
1769 1772
1769 1770
1771 1772
1771 1775
1772 1774
1773 1774
1773 1913
1773 1915
1774 1775
1775 1776
1777 1778
1779 2814
1780 1899
1780 1904
1780 1900
1781 1782
1781 1911
1781 1905
1782 1784
1782 1783
1784 1785
1785 1786
1785 1787
1786 1786
1788 1790
1789 2441
1789 2945
1790 2258
1791 4291
1791 1794
1792 4184
1792 4245
1792 4291
1793 1794
1794 1795
1795 3873
1796 3029
1796 3030
1797 4388
1798 1800
1798 3242
1799 1800
1800 4120
1800 1801
1802 4300
1802 2439
1803 3234
1803 1808
1803 1804
1804 1808
1804 3718
1805 3724
1805 3723
1805 1806
1806 1807
1806 3725
1807 3725
1807 1808
1809 3721
1809 3722
1810 1815
1810 1811
1810 3672
1812 4376
1812 1813
1813 1815
1814 4376
1815 2522
1816 3827
1816 1817
1816 3518
1817 2957
1817 3827
1818 3804
1818 1819
1818 3809
1819 3515
1819 1820
1821 3725
1821 2957
1821 3340
1822 3827
1823 2961
1823 3704
1823 1826
1824 1831
1824 3162
1824 3165
1825 1831
1827 3158
1827 3159
1827 3161
1828 1829
1829 3157
1829 1830
1831 3711
1832 3713
1832 3714
1832 1833
1833 2815
1833 1834
1834 1835
1836 3714
1836 3057
1836 3712
1837 1843
1837 1838
1837 3712
1838 3712
1838 1839
1839 1840
1839 3710
1840 3709
1840 1841
1841 1842
1841 1844
1842 1844
1842 1843
1843 1851
1844 1845
1845 1871
1845 1854
1845 1853
1846 1849
1846 3709
1846 1848
1847 1848
1848 1849
1849 1850
1851 1861
1851 3057
1851 1856
1852 1881
1852 1853
1852 1856
1853 1870
1854 1872
1854 1874
1855 3708
1856 1857
1857 1861
1857 1858
1859 1864
1859 2825
1859 1863
1860 1869
1860 2894
1860 1866
1861 1862
1863 3812
1864 1865
1864 2817
1866 1867
1866 3811
1868 1875
1868 3700
1868 1921
1869 1881
1869 1879
1869 1875
1870 3700
1870 3705
1871 3701
1871 3136
1872 1882
1872 1873
1875 1876
1876 2888
1876 1877
1877 1878
1877 1933
1878 1923
1878 1921
1879 2888
1879 2894
1880 1881
1882 3708
1882 1883
1884 4283
1884 1885
1884 1892
1885 2964
1885 4284
1886 1894
1886 1895
1887 4285
1887 4288
1887 4286
1888 1892
1888 1890
1888 1894
1889 1895
1889 1890
1889 1893
1890 1891
1892 1893
1893 4286
1895 1896
1896 4288
1896 1897
1897 1898
1897 3820
1898 1899
1898 1901
1899 1900
1900 3819
1901 4144
1901 1902
1903 3820
1903 3819
1904 3186
1904 2912
1905 4281
1905 4282
1906 4035
1906 1907
1907 1908
1909 2179
1911 1913
1911 1912
1913 1914
1915 1917
1915 1916
1916 1918
1916 1917
1917 4035
1918 1919
1918 3699
1919 3698
1919 3061
1920 3061
1920 2179
1921 1922
1923 1924
1923 1926
1924 1925
1924 3358
1926 1927
1927 1930
1927 1928
1928 2755
1928 1929
1931 1932
1931 1934
1932 1933
1934 1935
1934 1938
1935 1936
1935 1937
1938 1939
1938 1940
1940 1941
1942 3337
1942 1943
1944 3337
1944 4154
1945 1946
1945 1947
1945 4101
1947 4154
1947 1990
1948 1952
1948 1954
1948 4101
1949 1954
1949 1950
1949 1958
1950 1957
1950 1951
1951 1961
1951 3840
1952 1953
1952 2896
1954 1956
1955 1956
1956 1958
1957 1959
1957 1958
1960 1963
1960 1978
1960 1979
1961 3850
1961 1962
1963 3863
1963 3858
1964 3190
1964 1965
1964 3845
1966 4107
1966 4103
1966 1971
1967 1968
1967 4107
1967 3056
1968 1969
1968 1973
1969 1976
1969 1975
1970 1973
1970 3049
1970 3056
1972 4103
1972 3854
1972 3055
1973 1974
1975 3861
1975 3862
1976 2738
1976 2737
1977 1984
1977 2741
1977 2739
1978 1981
1978 1980
1981 1983
1982 2828
1984 1985
1986 1987
1986 2839
1987 1988
1988 3962
1988 3802
1990 1991
1993 1997
1993 1995
1994 1995
1995 1996
1997 1998
2000 3839
2000 2001
2001 2002
2001 3848
2002 3904
2002 3846
2003 3847
2003 3846
2003 3960
2004 3960
2004 3837
2004 3839
2005 2429
2005 2007
2005 2006
2006 2429
2006 2026
2006 2427
2007 3847
2007 2008
2009 3842
2009 2015
2009 2010
2010 2012
2010 2011
2011 2013
2011 2012
2012 2014
2015 2015
2016 3838
2016 3840
2016 3841
2017 3844
2017 3849
2017 3838
2018 2062
2018 2087
2018 2084
2018 2067
2019 2849
2019 2020
2019 3001
2020 2021
2020 2024
2021 2041
2021 2022
2022 2427
2022 2430
2023 2024
2024 2025
2026 2426
2026 2428
2026 2427
2027 2426
2027 2028
2027 2039
2029 2033
2030 2031
2030 2040
2030 2039
2031 2425
2031 2032
2032 2033
2032 2034
2033 2039
2034 2035
2036 2037
2037 2038
2041 2042
2041 2043
2042 2047
2042 2043
2043 2048
2044 2048
2044 3836
2044 3829
2045 3829
2045 3834
2045 2046
2046 2047
2046 3833
2047 3833
2048 3835
2049 2051
2050 3836
2051 3835
2051 2052
2053 3128
2053 3834
2053 2055
2054 2097
2054 3832
2054 4085
2056 2057
2056 2058
2056 3831
2057 2076
2057 4170
2058 2070
2058 4028
2059 3833
2059 2070
2059 3247
2060 2076
2060 2082
2060 2065
2061 2062
2061 2082
2061 2078
2062 2063
2063 2079
2063 2081
2064 2079
2064 2066
2064 2068
2065 2066
2067 4165
2067 2074
2067 2086
2068 3354
2068 2074
2069 2072
2069 2071
2069 3354
2070 2071
2071 2072
2072 2073
2074 2075
2076 4030
2077 2078
2078 3182
2079 2080
2082 2083
2084 2085
2086 2090
2086 4026
2087 2088
2087 3530
2088 2089
2088 2090
2090 2091
2092 2093
2092 2852
2094 2099
2094 3124
2094 2104
2095 2102
2095 2104
2095 2096
2097 3181
2098 4167
2098 4168
2099 2100
2099 2101
2102 4169
2102 4167
2103 4085
2103 4169
2104 2105
2106 2108
2106 2111
2107 2115
2109 2110
2109 2113
2109 2111
2110 2110
2111 2115
2112 2126
2112 2113
2113 2114
2115 2116
2117 2118
2117 2736
2118 2119
2119 2121
2119 3514
2120 2121
2121 2122
2122 2123
2122 2124
2125 2126
2127 2165
2127 3188
2127 2163
2128 2129
2128 2131
2128 2130
2130 2165
2131 2132
2132 2133
2134 2136
2134 2135
2134 4046
2135 2851
2135 2137
2138 2149
2138 2518
2138 2519
2139 4081
2139 4082
2140 2146
2141 2933
2141 2142
2141 2162
2142 2152
2142 2160
2143 2152
2143 4163
2143 4162
2144 2931
2144 2924
2144 3329
2145 3269
2145 2147
2145 2934
2146 3129
2146 2147
2147 2148
2149 4080
2149 2992
2150 2937
2150 2935
2150 2992
2151 2937
2152 2153
2153 2154
2153 2155
2155 3490
2156 3490
2156 3482
2156 3486
2157 3486
2158 3488
2158 2159
2158 4163
2159 2786
2161 2933
2163 2164
2163 2166
2164 2165
2167 2962
2167 2179
2167 2172
2168 2178
2168 3183
2169 2172
2169 2173
2169 2178
2170 2171
2171 3191
2171 2172
2172 2173
2173 2174
2175 2962
2176 2177
2177 2178
2177 2988
2181 2182
2181 2195
2181 3982
2183 2198
2183 2184
2183 2195
2184 2185
2185 2187
2185 2186
2187 2188
2187 4371
2188 2189
2188 4370
2189 2192
2189 2962
2190 2198
2190 2193
2190 2196
2191 2192
2192 2196
2193 2194
2193 2200
2194 2195
2194 2201
2196 2197
2198 2199
2202 3975
2203 3974
2203 3975
2203 3262
2203 3976
2204 3048
2204 3046
2204 3044
2204 3045
2204 3047
2205 2260
2205 2206
2207 2209
2208 4010
2209 4010
2209 2210
2210 2211
2210 2212
2211 2211
2212 4275
2213 2214
2213 2215
2213 2724
2215 2216
2215 2217
2217 2218
2218 2219
2219 2220
2219 2221
2221 2224
2222 2226
2223 2224
2224 2226
2224 2780
2225 2780
2225 2782
2225 2781
2226 2227
2228 2725
2228 3231
2228 2781
2229 2230
2229 3459
2229 3153
2230 2231
2230 3259
2231 2235
2231 2511
2232 2239
2232 2511
2232 2240
2233 2234
2233 4123
2233 2235
2235 2236
2235 3259
2236 2238
2236 2237
2237 2279
2237 2278
2239 2276
2239 2274
2240 2510
2240 2511
2241 2510
2242 2254
2242 2243
2242 2256
2243 2251
2243 2250
2244 4083
2244 4326
2245 2262
2246 3412
2247 2272
2247 4324
2248 2251
2248 4325
2248 2272
2249 4324
2249 4325
2249 4326
2250 2266
2250 2251
2252 2253
2252 2783
2252 2254
2254 2255
2256 2263
2256 2257
2257 3341
2258 2259
2260 4171
2260 2261
2263 2264
2263 2729
2265 2268
2265 2266
2265 4003
2266 2270
2267 3999
2267 4000
2268 3998
2268 4004
2269 2751
2269 3997
2269 4005
2270 4000
2270 2271
2271 4016
2271 4002
2272 4017
2273 2286
2273 4001
2273 2288
2274 2283
2274 2275
2275 2277
2275 2276
2276 2512
2277 2286
2277 2513
2278 2287
2278 2288
2279 2514
2279 2280
2281 2282
2281 2283
2281 2285
2283 2284
2285 3257
2285 2286
2287 3258
2287 2288
2289 3228
2290 4016
2290 4017
2293 2612
2293 2997
2294 2939
2294 2296
2294 4100
2295 2296
2295 4100
2295 4351
2296 2768
2297 2939
2297 4100
2297 2516
2298 2886
2299 3457
2299 3797
2301 2319
2301 3665
2302 3801
2302 3798
2302 3785
2302 3795
2302 3796
2303 2304
2303 3801
2304 2305
2304 3792
2304 3794
2305 2306
2306 3784
2306 2307
2307 4271
2308 3141
2308 2309
2308 4271
2309 2361
2309 3141
2310 2310
2311 2360
2313 4157
2314 2317
2314 3666
2314 2316
2315 2316
2315 3271
2315 2779
2317 2779
2317 3666
2318 3412
2318 3341
2318 3219
2319 2779
2321 3320
2321 3295
2322 2323
2322 2963
2324 2764
2324 4393
2325 2689
2326 2410
2326 2334
2327 2328
2327 3879
2328 2329
2329 2335
2329 2330
2330 2335
2330 2331
2330 4299
2331 2332
2331 2421
2332 3645
2332 2333
2333 3644
2333 3646
2334 3645
2335 4147
2335 4110
2335 4299
2337 2338
2339 4358
2339 2340
2340 4117
2340 2341
2342 2343
2342 3959
2343 3959
2344 2346
2344 2349
2345 2348
2345 2347
2346 2347
2346 4392
2347 4392
2348 2349
2348 4391
2349 4391
2350 2351
2352 3094
2352 3519
2353 3519
2354 2356
2354 3794
2354 2358
2355 2356
2356 2357
2357 2359
2357 2358
2359 3051
2360 3633
2360 3637
2361 3638
2363 2369
2363 3784
2363 2365
2364 2365
2364 2367
2365 2366
2366 2368
2366 2367
2371 3783
2372 2373
2372 3783
2373 2385
2374 3026
2376 2921
2376 2917
2377 2927
2377 2921
2379 2381
2380 2381
2381 2382
2383 3752
2384 3563
2386 3573
2386 2389
2386 2392
2386 3572
2387 3573
2388 2699
2389 2916
2389 3628
2390 2699
2391 3023
2391 3022
2391 3021
2392 2698
2393 3868
2393 3629
2393 3628
2394 2415
2395 4328
2395 2397
2396 2397
2398 2399
2399 3655
2399 3650
2400 2401
2401 2402
2404 2405
2404 3963
2406 2841
2406 2840
2409 3011
2409 2413
2410 2411
2411 2412
2412 2414
2412 3395
2413 3395
2414 3395
2418 2798
2418 3992
2419 2420
2422 2951
2425 3338
2425 3339
2426 2887
2427 2430
2429 2430
2431 3881
2434 2533
2436 2526
2436 3717
2439 2440
2440 3088
2441 3027
2441 3028
2443 4115
2443 2444
2445 2446
2446 2600
2446 3205
2447 3496
2449 2450
2449 3782
2451 2456
2452 2455
2453 2455
2454 2455
2457 2458
2459 2464
2459 2460
2460 3472
2461 2462
2463 2464
2464 2465
2466 2466
2468 2470
2469 3417
2471 2472
2471 4143
2472 4142
2473 2478
2473 2480
2473 2474
2474 3245
2474 4033
2474 2485
2475 2476
2475 2478
2477 2478
2479 2480
2479 2492
2481 2984
2481 4050
2481 2482
2482 2483
2483 4060
2483 3220
2484 2495
2484 3214
2484 2657
2485 2987
2485 4060
2486 4159
2486 2487
2487 2488
2487 4159
2488 2489
2488 4158
2489 2490
2489 3223
2490 3220
2490 3222
2491 2654
2491 2493
2491 2492
2492 3212
2493 2672
2493 3210
2494 2496
2494 2497
2494 4277
2495 2650
2495 4034
2496 2679
2496 2669
2497 2562
2497 4276
2498 2499
2498 2498
2499 3217
2500 2501
2500 3217
2500 3208
2501 2659
2501 2675
2502 3045
2503 4009
2503 4008
2503 2505
2505 4008
2506 2510
2506 2507
2506 2508
2507 4007
2508 4007
2508 2509
2515 3979
2515 3105
2517 3878
2518 2520
2521 3381
2521 3195
2523 3679
2523 2524
2524 3065
2524 3575
2525 3743
2525 3990
2526 3715
2527 3868
2527 3867
2528 2529
2528 2716
2529 2530
2529 2531
2532 3612
2532 3040
2532 3611
2533 2775
2535 2539
2535 2536
2535 2540
2537 3528
2537 2539
2539 2540
2541 3585
2541 2949
2541 3586
2542 2544
2542 3893
2542 2545
2543 2545
2543 3892
2543 2544
2544 3893
2545 3892
2546 3223
2547 2560
2547 4278
2547 2561
2548 4277
2549 4278
2549 4273
2549 4280
2550 2560
2551 4280
2552 2560
2553 2561
2553 2559
2554 2558
2554 2557
2555 2562
2555 2557
2556 2559
2557 2561
2558 3206
2560 4274
2562 4273
2563 4323
2564 2566
2564 3969
2565 3970
2565 3967
2567 3691
2567 2571
2567 2570
2568 3971
2568 2569
2569 3971
2570 2571
2572 2773
2573 2694
2573 3951
2573 3954
2576 2577
2578 2579
2578 3613
2579 3613
2580 2683
2581 2583
2582 2585
2583 2584
2586 2685
2586 2587
2589 3041
2590 2591
2594 2597
2594 2595
2595 2596
2597 2598
2598 3145
2599 2600
2601 2603
2601 2606
2601 3538
2602 2606
2602 2605
2602 3542
2603 2604
2603 3384
2604 4153
2604 3384
2605 3542
2605 4153
2606 3538
2607 2609
2607 2773
2608 3506
2608 2610
2611 4222
2611 2615
2612 2997
2613 2615
2613 2614
2615 3373
2616 2617
2617 2618
2620 2621
2620 2625
2620 2622
2621 3772
2621 3771
2622 2636
2622 2632
2623 2634
2623 2624
2625 2632
2625 3773
2626 2628
2627 2628
2629 2996
2629 2630
2631 2639
2631 2635
2632 2633
2634 2638
2636 2637
2640 3497
2641 2642
2645 3264
2645 3512
2646 2649
2646 4034
2646 2675
2647 2658
2648 2679
2648 2666
2649 2656
2649 2667
2650 2681
2650 2651
2652 2680
2653 2663
2655 2671
2655 3264
2655 3207
2656 2662
2656 2664
2657 2680
2657 2672
2658 2662
2658 2676
2659 2665
2660 2668
2661 2670
2661 2673
2661 2668
2662 3209
2663 2671
2664 3260
2664 3268
2665 2669
2665 2675
2667 2680
2667 2674
2669 4034
2672 2678
2677 3512
2677 3263
2679 4377
2682 4377
2684 2685
2686 3499
2686 3465
2687 4140
2690 3369
2691 3749
2692 4323
2693 4066
2693 4319
2694 3955
2694 3953
2695 3973
2696 3233
2696 2697
2698 2699
2700 3012
2701 3505
2701 2765
2701 2702
2702 3505
2702 3506
2704 3575
2704 2705
2704 2709
2705 2706
2705 3575
2706 3577
2706 2708
2707 3576
2707 3578
2707 2708
2708 3577
2709 2710
2710 2876
2710 3578
2711 2720
2711 2717
2712 2718
2714 2720
2715 2998
2715 2719
2722 3331
2723 3881
2726 3090
2726 3958
2727 3674
2727 2806
2728 4347
2730 3936
2732 3589
2733 2952
2733 2980
2734 2735
2734 4055
2734 3052
2737 2738
2737 2844
2738 2739
2739 2741
2740 2844
2740 3855
2741 3856
2742 3855
2742 3856
2743 2744
2743 2748
2745 2747
2746 2748
2749 2750
2749 4002
2750 4002
2750 2751
2751 2753
2752 2753
2752 4001
2753 3997
2756 2757
2756 2761
2757 2758
2757 3870
2758 2759
2759 2760
2760 2761
2761 3869
2765 2766
2767 4352
2767 2768
2769 2809
2770 3419
2770 3422
2770 3420
2771 2772
2772 3178
2775 4156
2777 3527
2777 3528
2778 3389
2778 4091
2780 3459
2781 2782
2783 2784
2784 2785
2785 3080
2787 2927
2788 2791
2788 2789
2789 2790
2789 4097
2792 2801
2792 2794
2792 2793
2792 2795
2794 2794
2795 2796
2795 2797
2796 2798
2797 2798
2799 2801
2800 2801
2803 4125
2803 4011
2805 4015
2805 3674
2806 2807
2807 3675
2807 4015
2808 3675
2810 2811
2811 3996
2812 2906
2812 2813
2813 2814
2813 2905
2814 2905
2815 2824
2815 2823
2816 2826
2816 2817
2816 2847
2817 2827
2817 2820
2818 2819
2818 2855
2818 3812
2819 3811
2819 2853
2820 2826
2820 2845
2821 2822
2821 2847
2821 2848
2822 2823
2822 2846
2823 2824
2824 2848
2825 2848
2826 2846
2827 3812
2827 2845
2828 2832
2828 3477
2829 2833
2829 2831
2829 2837
2830 2831
2830 2833
2830 2832
2831 3477
2832 3477
2833 2834
2834 2835
2834 2854
2835 2836
2835 2853
2836 2837
2836 2855
2837 2855
2838 2839
2840 2841
2840 4328
2841 2843
2842 2843
2845 3811
2846 2847
2849 4166
2849 2850
2850 2850
2853 2854
2854 4116
2856 2859
2856 4298
2857 2858
2859 4298
2860 2871
2860 2861
2861 3607
2861 2871
2861 2875
2862 3607
2862 2870
2863 2865
2863 2866
2863 2874
2864 2875
2865 3197
2865 2867
2866 2873
2866 2867
2867 2872
2868 2874
2868 3606
2868 3197
2869 2871
2870 3607
2874 3590
2875 3607
2876 3578
2877 2880
2877 2878
2878 3352
2879 2881
2879 3352
2879 3353
2880 3353
2881 3352
2881 3574
2882 3177
2883 3177
2885 3011
2888 2889
2889 2893
2889 2890
2890 2891
2891 2892
2894 2895
2897 3460
2899 2899
2900 2902
2900 2901
2901 2901
2902 2940
2903 2904
2904 3694
2905 3076
2907 2910
2907 2909
2907 3815
2908 3076
2908 3077
2908 3184
2909 3078
2909 3817
2910 3816
2911 3807
2911 2913
2911 3816
2912 3817
2912 2913
2913 3806
2914 3808
2914 3807
2915 2916
2917 2919
2917 2925
2918 2920
2919 2920
2919 2924
2920 3329
2921 2922
2923 3330
2924 2925
2925 2926
2926 3130
2927 2928
2928 2932
2928 3130
2929 2931
2930 2932
2931 4164
2934 4378
2934 2935
2935 3269
2935 2936
2937 2938
2939 4351
2940 3510
2940 2941
2942 2945
2942 2943
2943 2944
2943 2946
2945 2946
2949 4248
2949 2950
2951 3244
2952 2953
2952 2980
2953 2954
2953 3261
2954 2983
2954 3261
2955 2982
2955 2979
2955 3978
2957 2958
2958 2960
2958 2959
2959 2960
2959 3810
2960 3803
2961 3163
2961 4022
2963 4364
2964 2965
2965 4284
2966 2968
2966 2967
2967 3349
2967 3351
2968 3350
2968 2969
2969 3493
2969 3350
2971 3134
2971 2972
2971 3697
2972 2973
2972 2974
2974 2976
2974 2975
2977 3121
2977 2977
2978 4377
2979 2982
2979 2981
2982 3976
2983 3983
2984 2984
2986 3121
2987 4160
2989 2990
2990 2991
2992 4080
2993 4297
2993 3685
2995 3754
2996 3062
2998 4069
2999 4023
2999 4026
2999 4024
3000 3001
3001 3002
3003 3098
3003 4281
3003 4282
3004 3005
3004 3006
3005 3007
3006 3008
3007 3009
3008 3009
3010 3993
3012 3013
3013 3669
3014 4346
3014 3015
3014 4350
3015 3016
3015 4344
3016 3017
3017 4347
3017 4348
3019 3781
3023 3024
3027 3028
3029 3030
3030 4186
3031 3621
3031 3624
3031 3032
3032 3621
3033 3034
3034 3035
3034 3537
3035 3037
3035 3535
3036 3537
3036 3536
3036 3038
3037 3038
3037 3535
3038 3201
3044 3048
3045 3046
3046 3047
3048 3049
3049 3050
3051 3054
3051 4075
3052 3053
3052 4074
3053 4075
3053 4068
3054 4074
3054 4067
3055 4104
3055 4106
3056 4104
3059 4046
3061 3137
3063 4069
3063 3502
3063 3500
3064 3555
3065 3574
3067 3624
3068 3568
3068 3623
3070 3371
3071 3954
3073 3074
3073 3774
3074 3498
3075 3737
3077 3814
3078 3813
3078 3815
3081 4011
3081 3910
3081 3907
3082 3940
3082 3931
3083 3084
3083 4241
3085 3919
3086 3882
3087 3892
3087 3891
3089 3660
3089 3659
3090 3091
3091 3958
3092 3956
3093 3520
3093 3094
3094 3520
3095 3096
3095 4013
3097 4281
3097 3098
3099 3101
3099 3100
3100 3103
3101 3102
3102 3104
3103 3104
3106 3107
3106 3110
3107 3112
3108 3111
3108 3109
3110 3112
3110 3111
3111 3113
3112 3114
3113 3115
3114 3118
3114 3116
3115 3117
3116 3117
3116 3118
3119 3876
3119 4386
3120 3121
3122 3123
3122 3832
3122 3125
3123 3124
3123 3832
3124 3126
3125 3831
3125 3830
3126 3127
3126 3128
3127 3830
3127 3128
3129 4162
3129 4164
3131 3132
3134 3135
3138 3139
3141 3634
3142 3143
3143 3144
3146 3148
3146 3147
3147 3149
3148 3149
3150 3152
3150 3153
3150 3151
3152 3153
3155 3157
3156 3157
3159 3160
3159 3161
3160 3164
3160 3163
3161 3162
3162 3165
3163 3164
3164 3165
3166 3167
3167 3169
3169 3170
3171 3172
3173 3658
3173 3320
3173 3174
3176 3591
3179 4044
3179 3204
3179 4042
3180 3181
3181 4168
3184 3185
3184 3813
3186 4267
3187 4375
3188 3189
3192 3193
3194 3243
3195 3538
3195 3381
3196 3197
3196 3605
3198 3495
3199 3199
3200 3865
3200 3497
3201 3202
3203 3204
3203 4041
3211 3212
3212 3213
3214 4161
3214 3215
3217 3218
3219 3474
3219 3412
3220 3221
3223 3224
3225 3683
3225 3677
3225 3670
3226 3228
3227 3229
3228 3229
3229 3230
3232 3242
3232 3240
3232 3239
3233 3516
3233 3235
3234 3517
3234 3241
3235 3236
3235 3240
3236 3237
3236 3516
3237 3515
3237 3241
3238 3239
3238 3241
3238 3517
3239 3240
3242 3517
3245 4050
3245 3246
3249 3250
3250 3251
3250 3585
3253 3256
3253 3255
3254 3255
3254 3256
3259 3459
3262 3980
3262 3976
3264 3265
3266 4323
3267 4313
3270 3307
3270 4091
3270 3309
3272 3273
3273 3379
3273 3274
3274 3379
3275 3277
3275 3276
3276 3277
3276 3278
3277 3874
3278 3280
3279 3280
3279 3281
3279 3874
3281 3874
3282 3284
3282 3283
3283 3284
3283 3480
3285 3286
3286 4187
3287 3288
3288 3290
3288 3289
3290 3291
3290 3296
3292 3452
3292 3293
3293 3452
3294 4364
3295 3658
3297 3875
3297 3300
3297 3299
3298 3299
3298 3303
3298 3887
3299 3300
3300 3301
3301 3302
3302 3887
3303 3887
3304 3306
3305 3394
3305 3309
3305 3310
3306 3307
3306 3394
3307 3394
3308 3394
3309 3394
3311 3910
3311 3312
3313 3316
3313 3319
3314 3319
3314 3318
3315 3318
3315 3317
3315 3966
3316 3317
3316 3319
3317 3966
3318 3968
3321 3375
3322 3464
3322 3964
3322 3467
3323 3324
3323 3328
3323 3686
3324 3327
3324 3685
3325 3361
3325 3326
3325 3684
3326 3684
3326 3327
3327 3685
3328 3686
3328 3361
3329 3330
3330 4382
3332 3334
3332 3333
3334 3335
3336 3337
3341 3343
3342 3343
3343 3912
3346 3366
3347 3348
3349 3351
3350 3351
3354 3355
3356 3357
3357 3358
3359 3609
3360 3553
3360 3554
3360 3551
3361 3362
3363 4181
3363 3364
3365 3366
3366 3367
3371 3688
3372 3687
3372 3689
3374 3529
3376 3494
3383 3384
3385 3387
3386 3387
3391 3392
3397 3424
3403 4332
3403 4334
3403 4336
3404 4119
3404 3407
3404 4334
3405 3406
3405 3408
3405 3409
3406 3408
3406 4329
3407 4334
3407 4333
3409 4119
3410 4235
3411 3875
3413 3414
3414 3476
3417 3418
3421 3422
3423 3424
3425 3426
3426 3428
3427 3428
3428 3430
3429 3430
3430 3432
3431 3432
3432 3435
3434 3435
3438 3439
3439 3441
3439 3442
3440 3441
3441 3443
3445 3446
3446 3449
3447 3448
3447 3449
3450 3451
3454 3867
3456 3457
3459 4135
3461 3462
3464 3503
3465 3466
3466 3964
3467 3964
3468 3504
3468 3503
3469 3470
3469 3501
3471 3621
3471 3532
3473 3652
3474 3475
3475 3476
3475 3608
3478 3480
3478 3481
3479 3481
3479 3480
3482 3483
3482 3484
3484 3488
3484 3485
3486 3487
3488 3489
3490 3491
3500 3639
3501 3502
3503 3504
3505 3506
3508 4043
3509 3510
3509 3511
3510 3511
3512 3513
3515 3516
3519 3520
3521 3527
3521 3525
3522 3525
3522 3523
3523 3525
3523 3526
3524 3525
3531 3534
3531 3533
3531 3539
3532 3541
3533 3539
3534 3542
3535 3546
3536 3537
3539 3540
3540 3541
3543 3548
3543 3545
3545 3548
3546 3965
3547 3549
3549 3965
3550 3551
3550 3552
3551 3554
3556 3563
3556 3560
3557 3559
3558 3559
3560 3561
3561 3562
3562 3787
3564 3566
3564 3565
3567 3571
3568 3570
3569 3570
3569 3571
3572 3573
3576 3717
3576 3578
3579 3909
3580 3586
3580 3584
3581 3583
3585 4268
3585 3586
3588 3589
3590 3606
3590 3604
3591 3598
3591 3596
3592 3603
3592 3605
3595 3602
3595 3596
3595 3600
3596 3597
3598 3600
3598 3599
3599 3601
3600 3601
3602 3603
3603 3604
3604 3605
3605 3606
3609 3610
3611 3612
3616 3619
3616 3617
3617 3618
3618 3619
3620 3624
3620 3621
3622 3623
3623 3906
3625 3626
3626 3627
3629 3630
3631 3632
3633 3637
3634 3635
3634 3638
3635 3636
3635 3638
3636 3637
3641 3646
3641 3648
3642 3643
3644 3646
3644 3645
3645 3647
3649 3651
3649 4394
3651 4394
3652 3653
3653 3654
3655 3656
3659 3660
3659 3661
3662 3663
3665 3666
3667 3989
3667 3987
3669 3991
3670 3680
3672 3673
3675 4015
3676 3682
3676 3678
3676 3677
3678 3681
3679 3683
3681 3682
3684 4018
3687 3689
3688 3689
3690 4014
3692 3694
3692 3693
3695 3698
3695 3699
3696 3699
3697 3698
3700 3707
3702 3724
3703 3704
3703 3961
3705 3706
3705 3707
3706 3707
3707 4137
3709 3710
3709 3711
3710 3711
3713 3714
3715 3716
3718 3719
3718 3720
3719 3720
3720 3721
3721 3722
3722 3723
3723 3724
3726 3727
3726 3729
3727 3728
3728 3729
3730 3731
3734 3735
3738 3741
3738 3739
3739 3741
3739 3740
3740 3745
3741 3990
3742 3745
3743 3746
3743 3990
3745 3988
3746 3988
3747 3748
3750 3752
3750 3751
3751 3752
3754 3762
3755 3763
3755 3756
3756 3763
3758 3765
3759 3764
3759 3767
3759 3765
3760 3762
3760 3761
3761 3762
3761 3768
3764 3768
3764 3767
3769 3770
3771 3772
3771 3773
3772 3774
3773 3774
3775 3777
3775 3776
3775 3780
3776 3780
3776 3778
3776 3779
3778 3779
3781 3782
3785 3795
3786 3787
3787 3788
3788 4395
3789 3798
3789 3790
3790 3791
3790 3792
3791 3792
3791 3793
3795 3800
3796 3800
3796 3801
3796 4302
3798 3801
3799 3800
3800 4302
3803 3809
3803 3810
3804 3810
3804 3809
3805 3806
3805 3808
3806 3807
3813 3814
3814 3815
3816 3817
3819 3820
3821 3822
3821 3823
3821 3824
3823 3824
3824 3825
3826 3827
3829 3834
3830 3831
3835 3836
3837 4166
3837 3960
3838 3840
3841 3842
3841 3843
3842 3843
3843 3844
3844 3849
3845 3852
3845 3850
3846 3847
3848 3904
3850 3853
3851 3857
3851 3854
3851 3852
3852 3853
3853 3854
3855 3856
3857 3859
3857 3860
3858 3863
3858 3859
3859 3860
3860 3861
3861 3862
3862 3863
3870 3872
3871 3872
3875 4183
3877 3884
3877 3883
3878 4312
3878 3879
3880 4386
3885 3886
3888 3889
3888 3890
3893 3894
3894 3895
3895 3901
3896 3901
3896 3898
3896 3899
3897 3899
3898 3900
3899 3901
3903 3904
3905 3906
3907 3908
3907 3911
3908 3911
3909 3912
3910 4011
3914 3917
3914 3920
3916 3918
3917 3920
3918 3919
3921 3923
3922 3923
3924 4257
3924 4261
3924 4266
3925 4262
3925 4266
3926 4306
3926 4304
3927 4361
3927 3944
3928 3929
3929 3938
3929 4362
3930 3932
3930 3933
3931 3940
3932 3933
3937 3939
3938 4362
3941 3942
3943 4385
3943 4355
3943 4354
3944 4361
3946 3947
3950 3955
3951 3954
3951 3952
3952 3953
3953 3955
3956 3957
3957 3958
3967 3970
3967 3971
3968 4301
3974 3983
3974 3975
3977 4292
3977 3978
3977 3979
3978 3979
3980 3981
3980 3982
3981 3982
3987 3989
3995 3996
3997 4005
3997 3998
3998 4005
3999 4003
3999 4004
4004 4005
4006 4007
4006 4009
4007 4008
4009 4010
4016 4017
4018 4020
4019 4020
4020 4021
4023 4026
4023 4025
4024 4025
4027 4028
4028 4029
4031 4032
4035 4036
4037 4038
4037 4116
4039 4039
4040 4041
4040 4040
4042 4044
4042 4043
4043 4044
4050 4052
4051 4052
4052 4053
4054 4055
4056 4057
4058 4059
4060 4061
4062 4063
4064 4295
4065 4179
4065 4178
4067 4074
4068 4075
4070 4072
4070 4073
4070 4071
4071 4079
4071 4072
4072 4073
4076 4078
4076 4079
4076 4077
4077 4078
4078 4079
4081 4082
4084 4178
4084 4179
4085 4086
4087 4090
4087 4088
4087 4089
4088 4090
4089 4090
4093 4094
4093 4095
4095 4096
4097 4098
4097 4099
4101 4109
4102 4103
4104 4105
4107 4108
4110 4145
4110 4151
4112 4113
4113 4184
4113 4115
4114 4115
4118 4118
4121 4347
4121 4348
4124 4126
4124 4357
4124 4385
4125 4356
4125 4126
4127 4357
4127 4130
4127 4356
4128 4129
4129 4130
4129 4356
4131 4132
4131 4135
4131 4355
4132 4133
4132 4135
4133 4134
4134 4354
4136 4137
4138 4140
4138 4139
4140 4141
4145 4149
4145 4146
4146 4150
4147 4148
4154 4155
4162 4163
4163 4164
4165 4166
4167 4168
4171 4172
4173 4178
4173 4176
4174 4175
4174 4176
4175 4177
4176 4177
4180 4181
4182 4183
4184 4291
4185 4186
4187 4188
4189 4191
4190 4193
4191 4193
4191 4192
4193 4194
4196 4203
4196 4201
4196 4197
4198 4199
4199 4200
4201 4202
4203 4218
4203 4205
4204 4205
4205 4206
4205 4207
4208 4210
4208 4218
4208 4209
4210 4211
4213 4214
4213 4215
4216 4217
4218 4219
4220 4221
4223 4224
4225 4231
4225 4229
4226 4229
4226 4233
4227 4229
4227 4231
4227 4233
4230 4232
4237 4238
4239 4240
4241 4242
4244 4244
4246 4247
4249 4254
4249 4250
4249 4251
4250 4251
4251 4252
4257 4257
4258 4388
4258 4389
4259 4265
4259 4264
4259 4261
4259 4262
4260 4263
4260 4264
4261 4265
4262 4266
4262 4264
4263 4264
4273 4280
4276 4277
4278 4279
4285 4286
4287 4288
4293 4293
4294 4294
4295 4296
4304 4306
4304 4305
4307 4308
4307 4309
4310 4311
4312 4313
4314 4315
4315 4316
4317 4318
4319 4321
4319 4353
4320 4321
4321 4322
4322 4353
4325 4326
4327 4328
4329 4333
4329 4335
4329 4331
4330 4332
4330 4335
4331 4333
4331 4332
4331 4335
4334 4336
4337 4339
4337 4338
4337 4340
4339 4343
4339 4341
4342 4345
4342 4346
4343 4350
4344 4348
4344 4350
4345 4349
4345 4346
4349 4350
4354 4355
4357 4385
4365 4366
4373 4374
4383 4384
