0 556
0 10
0 318
1 1349
1 9
1 556
2 256
2 578
2 579
3 150
3 147
3 257
4 5
4 858
4 14
5 1084
5 14
6 170
6 176
6 1085
7 8
7 258
7 451
8 452
9 553
9 1349
10 1354
10 551
11 740
11 454
11 735
12 735
12 453
12 736
13 739
13 1168
13 737
14 16
15 182
15 178
15 154
15 167
16 182
16 17
17 18
17 1087
18 1087
18 859
19 361
19 80
19 345
20 1382
20 422
20 850
21 1383
21 231
21 276
22 23
22 25
22 212
23 26
23 24
24 590
24 190
25 841
25 777
26 778
26 191
27 191
27 590
28 29
28 30
28 84
29 30
30 68
31 635
31 32
31 33
32 660
32 643
33 668
33 660
34 35
34 450
34 726
35 456
35 36
36 258
36 456
37 554
37 329
37 549
38 550
38 308
38 330
39 555
39 222
39 45
40 41
40 1373
40 702
41 1380
41 1373
42 682
42 692
42 48
43 318
43 44
43 1296
44 1155
44 318
45 316
45 228
46 47
46 316
46 216
47 225
47 1232
47 401
48 691
48 1380
49 833
49 214
49 834
50 51
50 640
50 1260
50 779
51 802
51 803
52 54
52 643
52 1222
53 54
53 1221
54 55
56 57
56 660
56 640
58 59
59 60
60 61
61 64
61 1082
62 779
62 638
62 844
63 1090
64 1090
64 633
65 571
65 964
65 575
66 761
66 572
66 571
67 68
67 1269
68 965
69 962
69 760
69 959
70 563
70 603
70 74
71 72
71 563
71 859
72 211
72 1360
73 612
73 78
73 196
73 153
74 1204
74 563
75 1365
75 76
75 200
75 1366
76 203
76 848
77 848
77 1202
77 197
78 133
78 1173
78 199
79 1173
79 105
79 851
79 580
80 176
80 180
81 137
81 135
81 178
82 1208
82 1184
82 594
82 885
82 613
83 136
83 264
83 178
84 818
84 1389
85 587
85 1001
86 208
86 1413
86 204
87 1007
87 1025
87 204
88 846
88 1025
88 1190
89 847
89 1402
89 846
90 248
90 1185
90 253
91 109
91 767
91 1183
92 884
92 93
92 1217
93 878
93 535
94 997
94 1068
94 913
95 992
95 995
95 990
95 993
96 533
96 992
96 987
97 116
97 523
97 529
98 99
98 867
98 862
99 1352
99 766
100 237
100 766
100 950
101 1131
101 1399
101 234
102 1347
102 230
102 160
102 202
103 1185
103 162
103 104
104 159
104 164
105 159
105 165
106 1049
106 1223
106 107
107 1191
107 108
107 1050
108 1051
108 1050
109 131
110 531
111 117
111 122
111 125
112 113
112 1187
112 125
113 132
113 124
114 115
114 1187
115 862
116 117
117 121
117 148
118 863
118 273
118 268
119 128
119 863
119 129
120 121
120 128
122 123
123 123
124 1396
124 125
126 127
126 129
127 129
127 128
129 138
130 1396
131 249
131 250
131 251
132 251
132 245
133 155
134 135
134 137
134 155
135 213
136 161
136 580
137 264
138 268
138 266
139 442
139 142
139 146
140 142
141 142
141 143
141 146
143 144
143 145
146 857
147 257
147 578
149 187
149 188
150 151
150 579
151 579
151 559
152 1084
152 1258
152 154
153 155
153 213
154 170
155 263
156 161
156 1271
156 157
156 174
157 160
157 185
158 163
158 165
158 159
160 164
160 175
160 202
161 171
161 178
162 202
162 164
163 164
163 185
165 1271
166 173
166 175
166 186
167 170
167 171
167 172
168 173
168 175
168 169
169 174
169 179
169 1353
171 172
172 176
173 179
174 181
174 176
174 1353
176 180
177 1161
177 227
177 201
177 230
179 181
179 186
180 1085
181 1395
181 1353
182 1087
183 695
184 218
184 702
184 703
184 232
185 1271
186 1161
186 1395
187 188
188 189
189 567
189 574
190 590
192 710
192 194
193 1265
193 194
193 195
195 257
195 858
195 295
196 211
196 619
197 199
197 851
198 246
198 237
198 244
198 1352
199 203
200 203
200 1220
200 612
201 219
201 1379
202 1347
202 244
204 208
205 1052
205 847
205 605
206 1314
206 1311
206 1312
207 1053
207 1191
208 1015
209 215
209 212
210 695
210 215
210 703
211 1360
212 839
213 1086
214 215
214 539
216 1151
216 686
217 232
217 537
217 542
218 232
218 539
219 262
219 260
220 224
220 226
220 1131
220 951
221 224
221 226
221 260
222 1107
222 228
223 230
223 1347
223 227
225 1429
225 537
225 398
226 227
227 260
228 1151
229 812
229 810
229 808
231 276
231 1382
233 845
233 236
233 238
234 239
234 1130
235 809
235 813
235 242
236 238
236 815
237 766
237 240
238 440
239 1130
239 243
241 1132
241 243
241 1399
242 1132
242 1397
243 1132
244 253
245 252
245 246
246 253
247 252
248 250
248 1185
248 767
249 1374
249 250
249 251
252 253
252 1374
254 808
254 255
254 262
256 285
256 578
258 451
259 406
259 1427
259 409
261 262
263 264
263 580
265 275
265 270
265 274
266 275
266 274
267 269
267 272
267 271
268 272
269 275
269 429
270 1109
270 807
270 477
271 272
271 273
273 866
274 806
276 812
277 306
277 298
278 311
279 1106
279 311
280 303
280 1341
281 1329
281 1340
281 1376
281 1328
282 294
282 285
282 321
283 288
283 313
283 294
284 562
284 1188
284 1258
285 294
286 305
286 1338
286 290
287 313
288 311
288 1375
289 313
289 302
289 291
290 292
290 297
291 310
291 298
292 299
292 326
293 544
293 312
293 540
295 309
295 1106
296 304
296 1188
296 300
297 1338
297 1339
298 1335
299 1340
299 1341
300 305
300 324
301 302
301 308
301 332
302 310
303 312
304 305
304 1375
304 1188
306 1339
307 1332
307 1329
307 1157
308 333
310 1333
312 1376
314 315
314 550
314 334
316 320
317 332
317 335
318 1355
319 733
319 549
319 1155
320 331
320 322
321 327
321 334
322 333
322 330
323 329
325 335
326 540
326 1160
327 1176
327 334
328 331
328 333
328 335
329 552
330 555
331 357
336 1350
336 337
336 339
337 347
337 1394
338 1394
339 377
339 381
340 359
340 347
340 366
341 341
341 349
342 355
342 364
342 362
343 352
343 351
343 355
344 363
344 1351
344 353
344 373
345 361
345 375
346 351
347 1350
347 363
348 376
349 356
349 373
350 373
350 356
350 353
351 380
352 355
352 375
353 368
353 374
354 1406
354 377
354 370
355 360
356 365
356 374
357 1405
357 1407
358 378
358 409
358 364
359 371
359 1346
361 369
362 369
362 375
363 368
364 378
366 1377
366 1346
366 544
367 380
367 367
368 371
369 849
370 1405
370 1407
370 1406
371 376
372 394
372 387
372 1179
372 416
374 380
376 1165
377 1351
378 422
379 403
381 1350
381 1351
382 414
383 405
383 387
383 398
384 388
384 404
384 397
385 1404
385 395
385 393
386 417
386 413
386 418
387 412
388 389
389 411
389 400
390 408
390 419
390 397
391 410
391 403
392 403
392 1179
392 416
394 398
394 402
395 411
395 419
396 401
396 1405
396 419
397 418
398 411
399 406
400 400
401 408
402 407
402 414
406 412
408 418
409 416
410 420
411 414
412 830
415 1429
421 1326
421 829
421 435
422 1382
423 427
423 431
423 429
424 468
424 425
424 480
425 498
425 480
426 523
426 433
426 430
427 432
427 469
428 480
429 432
430 467
430 866
432 492
432 433
433 492
434 828
434 632
434 827
435 1426
436 442
437 776
437 1290
437 1291
438 581
438 439
438 440
439 581
440 1361
441 446
441 448
441 445
442 446
443 444
443 1063
443 1065
444 445
444 1263
445 448
447 933
447 1114
447 935
449 852
450 722
450 452
451 454
452 1348
453 455
453 736
454 457
455 455
456 721
457 732
457 729
458 1146
458 468
458 497
459 467
460 489
460 493
460 464
461 462
461 520
461 1148
462 489
462 482
463 478
464 473
464 470
465 481
465 496
465 486
466 467
468 470
469 490
469 1244
470 476
471 483
471 495
471 494
472 487
472 479
472 1112
473 473
474 479
474 498
474 497
475 476
475 495
475 493
476 1146
477 496
477 1091
478 511
478 498
479 1112
480 482
481 491
481 496
482 1147
483 485
483 488
484 493
484 489
484 515
485 1244
485 1243
487 1091
487 497
488 492
490 1146
490 497
491 1092
491 1091
495 522
499 511
499 519
499 502
500 516
501 504
501 527
501 530
502 514
502 509
503 506
503 510
503 513
504 512
504 510
505 517
506 510
506 507
507 515
507 517
508 1149
508 520
508 519
511 520
512 519
512 513
513 517
514 516
514 521
515 527
516 518
522 529
522 523
524 1278
524 855
524 527
525 526
525 530
525 854
526 530
526 528
527 528
528 855
529 867
531 855
531 775
532 1397
532 1278
532 845
533 1096
533 1367
534 1194
534 1213
534 1214
535 1217
535 1218
536 1215
536 1216
536 1195
537 538
537 547
539 545
540 1342
541 542
541 541
542 546
542 548
543 1232
543 1380
543 547
544 1342
547 1373
548 548
549 558
550 552
551 553
551 1337
552 557
553 1337
554 556
554 558
555 557
557 561
558 1155
559 741
559 754
559 758
560 741
560 1337
560 1354
560 1178
562 1085
562 1258
564 604
564 595
564 601
564 617
565 610
565 573
565 980
566 1061
566 568
566 980
567 772
567 577
567 1223
568 605
568 1056
569 1322
569 576
569 570
571 572
572 575
572 574
573 1321
573 1062
574 575
576 1321
576 1318
581 1291
582 1126
582 589
582 588
582 1122
583 1121
583 719
583 588
584 1126
584 1127
584 586
584 1128
585 1133
585 1134
586 1133
586 588
586 587
587 1166
589 719
591 1268
592 1269
593 1370
593 620
593 1371
593 603
594 1184
594 598
594 1203
594 1208
594 1365
595 1204
595 622
596 601
596 626
596 1393
597 706
597 1297
597 607
598 623
598 617
598 1366
599 622
599 624
599 601
600 615
600 606
600 616
602 608
602 606
603 1267
604 610
604 621
605 979
607 620
607 1171
609 624
610 618
611 1297
611 1393
612 619
613 1182
613 1402
614 619
615 769
615 770
616 1370
616 625
617 623
617 979
620 705
622 624
623 1182
627 642
628 657
629 674
629 669
629 655
630 645
631 666
632 1369
632 642
632 651
633 661
633 664
634 653
635 637
635 643
636 641
636 664
636 673
637 644
637 654
638 647
638 653
639 1426
639 662
639 667
640 649
641 673
641 661
642 667
645 659
645 672
646 1090
647 658
648 666
649 676
649 668
650 655
650 670
650 656
652 670
652 656
653 664
654 678
654 663
655 669
656 673
657 826
657 659
658 669
659 674
661 671
661 1369
662 667
662 820
663 1261
663 1262
665 804
666 671
667 1089
668 1261
671 675
674 677
677 838
677 843
679 681
680 690
680 689
680 697
681 699
681 1241
682 699
682 693
683 685
684 690
685 687
685 694
686 691
686 701
687 700
687 696
688 703
688 688
689 699
689 698
690 692
691 694
692 702
694 704
695 697
697 1241
707 770
708 710
708 963
708 961
709 1267
709 961
709 710
711 919
711 920
711 870
712 891
712 1192
712 892
712 868
713 714
713 715
713 901
714 716
714 903
715 1216
715 875
716 906
716 905
717 906
717 881
717 875
718 884
718 1183
718 881
718 887
719 720
721 1296
721 729
722 730
722 734
723 1299
723 1298
723 1301
724 1303
724 1302
724 1299
725 733
725 728
725 730
726 732
726 734
727 1301
727 731
727 1298
728 731
728 730
729 732
731 1301
733 734
735 740
736 739
737 739
737 740
738 741
742 1141
742 1142
742 1177
743 753
743 976
743 750
744 758
744 1088
744 745
745 976
745 750
745 758
746 962
746 963
746 969
747 1294
748 751
748 763
748 759
749 753
749 749
750 755
752 756
752 757
752 763
753 1139
754 755
754 1295
755 1177
755 977
756 757
756 759
757 762
759 1237
760 761
760 764
761 764
762 970
762 976
763 765
764 964
764 966
765 1136
765 1141
766 1352
768 769
768 1171
768 1272
769 770
771 1107
772 958
772 773
774 1401
774 1164
774 953
775 776
777 778
777 780
778 781
779 783
780 781
780 782
781 786
782 783
782 787
783 789
784 790
784 785
785 793
785 786
785 1358
786 788
787 788
787 789
788 790
789 790
789 791
790 792
791 792
791 794
792 793
793 794
794 795
795 796
795 797
796 798
796 797
797 802
798 800
798 799
799 799
800 801
800 1372
801 1372
801 1257
802 803
803 1319
804 1319
804 1262
805 806
805 860
806 807
807 861
808 809
809 811
810 811
810 812
811 813
813 814
814 816
814 815
815 817
816 1225
816 817
817 1226
819 1428
819 821
819 1359
820 823
820 828
821 822
821 823
821 1359
822 825
822 824
822 1430
823 824
823 828
824 827
824 826
825 835
825 1430
826 827
829 1427
829 1327
830 1425
830 1325
830 1327
830 1427
831 1327
831 1325
831 832
831 1326
832 1325
832 1426
833 837
833 839
834 835
834 836
835 836
836 837
836 838
837 840
837 839
838 840
838 843
840 842
840 841
841 842
842 844
843 844
845 1397
846 1402
847 1051
848 1203
849 850
849 1383
850 1383
851 1173
852 854
852 853
853 854
855 856
857 1115
857 1162
858 1265
860 861
861 1398
862 867
863 864
864 865
864 866
868 922
868 924
869 923
869 921
869 870
870 1193
870 924
871 872
872 1214
872 1215
873 1195
873 1196
873 1197
874 1197
874 876
874 923
875 877
876 879
876 1201
877 878
877 879
878 880
879 880
880 885
880 882
882 1218
882 883
883 885
883 886
884 886
885 887
886 887
888 890
888 1080
888 894
889 891
890 894
890 892
891 922
892 1239
892 899
893 897
894 897
895 900
896 900
897 898
898 899
898 903
899 901
900 902
901 1192
902 903
902 904
906 907
908 910
909 1264
909 1266
909 910
910 912
911 913
911 1069
911 1205
913 1205
914 916
915 1264
915 1205
915 916
916 919
917 918
918 919
918 921
920 922
920 924
921 923
925 1117
925 927
925 1150
926 928
927 928
927 929
928 930
929 932
929 1408
931 1410
931 946
931 1163
932 941
932 1410
933 934
933 936
934 1063
934 936
935 940
935 937
936 938
937 1094
937 939
939 1117
939 942
941 942
941 943
942 943
943 1266
944 947
945 948
946 947
946 1212
947 948
948 1069
948 949
949 1070
949 1095
950 1130
950 951
951 1347
952 953
953 955
954 955
955 956
957 958
958 963
960 962
961 1401
964 965
965 967
966 970
966 968
969 1135
969 973
970 971
971 972
971 1237
973 974
973 1088
974 975
975 976
977 978
977 1356
979 1315
980 1315
981 1235
981 982
982 1145
982 988
983 984
984 986
984 988
985 989
988 989
989 1211
991 1212
991 1068
991 1073
992 1211
994 1073
994 996
994 997
995 1101
995 999
997 1101
998 999
999 1000
1001 1049
1001 1413
1002 1003
1002 1245
1002 1207
1003 1416
1003 1006
1004 1009
1005 1013
1006 1418
1006 1010
1007 1010
1007 1207
1008 1012
1009 1233
1009 1017
1010 1422
1011 1016
1012 1233
1012 1016
1013 1019
1013 1015
1014 1259
1014 1022
1014 1020
1015 1305
1016 1019
1017 1018
1017 1029
1017 1419
1018 1027
1018 1023
1019 1248
1020 1021
1021 1022
1022 1025
1023 1032
1023 1024
1024 1028
1024 1031
1026 1421
1026 1422
1026 1038
1027 1030
1027 1032
1028 1411
1028 1248
1029 1419
1029 1035
1030 1036
1030 1419
1031 1034
1031 1033
1032 1033
1033 1189
1033 1037
1034 1411
1034 1251
1035 1040
1035 1036
1037 1251
1037 1253
1038 1040
1038 1420
1039 1044
1040 1042
1041 1253
1041 1043
1041 1104
1042 1104
1042 1103
1043 1104
1043 1306
1043 1313
1044 1045
1045 1049
1046 1100
1046 1048
1046 1190
1047 1048
1047 1314
1047 1313
1048 1050
1051 1052
1052 1054
1053 1055
1053 1056
1055 1056
1055 1058
1057 1058
1058 1060
1059 1060
1060 1061
1061 1323
1062 1317
1062 1316
1063 1064
1066 1074
1067 1070
1068 1069
1070 1072
1071 1073
1074 1076
1074 1075
1075 1264
1075 1076
1076 1077
1077 1079
1078 1079
1079 1080
1080 1081
1083 1390
1084 1258
1086 1087
1088 1137
1093 1096
1095 1098
1095 1266
1097 1100
1099 1101
1100 1103
1102 1103
1105 1105
1105 1106
1107 1108
1109 1110
1111 1113
1111 1424
1112 1113
1112 1424
1115 1117
1115 1116
1118 1119
1119 1121
1119 1120
1121 1134
1123 1124
1124 1125
1124 1126
1128 1129
1129 1170
1131 1399
1133 1134
1138 1140
1140 1142
1140 1141
1142 1143
1144 1235
1151 1152
1152 1153
1153 1154
1156 1159
1156 1335
1156 1336
1157 1332
1157 1158
1158 1330
1158 1334
1159 1333
1159 1334
1160 1160
1161 1395
1162 1163
1167 1168
1168 1296
1169 1170
1170 1391
1171 1172
1171 1270
1174 1176
1175 1177
1176 1349
1179 1180
1181 1183
1182 1184
1186 1187
1192 1193
1193 1213
1194 1195
1194 1197
1196 1198
1196 1199
1196 1200
1202 1208
1202 1203
1204 1219
1206 1207
1209 1211
1210 1212
1213 1214
1215 1216
1217 1218
1223 1224
1226 1381
1226 1227
1227 1228
1227 1381
1229 1230
1230 1232
1230 1231
1233 1234
1235 1236
1237 1238
1240 1241
1242 1244
1245 1246
1245 1416
1247 1249
1248 1249
1249 1250
1251 1252
1253 1254
1254 1255
1254 1304
1256 1257
1257 1372
1259 1259
1260 1262
1260 1261
1267 1371
1268 1269
1272 1274
1272 1403
1273 1274
1274 1275
1276 1280
1277 1279
1278 1280
1279 1281
1279 1282
1280 1283
1280 1289
1281 1282
1281 1283
1282 1287
1283 1285
1284 1288
1285 1289
1285 1287
1286 1289
1287 1288
1288 1289
1290 1361
1290 1291
1292 1294
1293 1295
1294 1295
1296 1355
1298 1300
1299 1300
1300 1302
1302 1303
1305 1309
1305 1307
1306 1308
1306 1310
1307 1309
1307 1308
1308 1310
1309 1312
1310 1311
1311 1312
1313 1314
1316 1317
1318 1323
1319 1320
1321 1324
1325 1425
1326 1327
1328 1331
1328 1329
1330 1331
1331 1394
1332 1336
1333 1334
1335 1336
1338 1339
1340 1341
1343 1345
1344 1345
1345 1346
1354 1355
1357 1358
1359 1425
1361 1362
1362 1363
1362 1364
1365 1366
1368 1368
1368 1369
1370 1371
1376 1377
1378 1388
1378 1387
1378 1391
1384 1387
1384 1386
1384 1389
1385 1386
1385 1388
1385 1390
1386 1389
1387 1391
1388 1390
1392 1393
1400 1400
1400 1401
1406 1407
1409 1410
1411 1414
1412 1413
1415 1416
1417 1418
1418 1421
1421 1422
1423 1424
1428 1429
1428 1430
