0 1018
1 1734
1 1018
1 1632
2 3
3 4
3 1637
4 1638
5 1431
5 1521
6 186
6 1273
6 111
7 8
7 112
7 1275
8 1253
8 1254
9 610
9 114
9 113
10 11
10 768
10 443
11 444
11 333
12 13
12 334
12 448
13 456
13 454
13 450
14 456
14 18
15 592
15 588
15 1417
16 17
16 791
16 1603
17 332
17 121
18 50
19 20
20 1831
21 22
21 70
22 57
22 232
23 1744
23 1096
24 1066
24 26
24 1247
25 1129
25 1712
25 1070
26 1281
27 98
27 1701
27 404
28 1443
28 1038
28 1012
29 413
29 1044
29 409
30 472
30 410
30 31
31 1695
31 1696
32 762
32 719
32 721
33 749
33 1413
33 191
34 35
34 53
34 52
35 43
35 171
36 172
36 806
36 58
36 43
37 55
37 38
37 215
38 214
38 86
39 212
39 86
39 232
40 296
40 1574
40 295
41 1869
41 1549
41 442
42 76
42 1549
42 1298
43 59
43 171
44 459
44 465
44 1315
45 180
45 1601
45 1471
46 601
46 190
46 1415
47 1414
47 191
47 190
47 1283
48 1765
48 98
48 1768
49 1766
49 1460
49 1765
50 1595
50 1329
51 1329
52 212
52 1581
53 171
53 54
53 213
54 342
54 215
54 806
55 646
55 56
56 235
56 225
57 1582
57 231
58 59
58 1235
59 60
60 652
60 651
61 1312
61 687
61 62
62 1312
62 693
63 154
63 120
63 64
64 492
64 1311
65 621
65 495
65 492
66 701
66 491
66 498
66 499
66 704
67 702
67 1427
67 1429
68 1796
68 487
68 1427
69 1627
69 1392
69 1428
70 283
70 225
71 74
71 72
71 1385
72 381
72 1455
73 1455
73 310
73 374
73 373
74 1234
74 820
75 1234
75 1581
75 820
76 1298
76 1233
77 133
77 1662
77 1663
78 1576
78 85
78 1577
79 1063
79 1075
79 1147
80 656
80 1402
80 1530
81 82
81 1576
81 1578
82 83
82 1361
83 84
83 802
84 793
84 122
85 793
85 1708
86 213
87 88
87 224
87 235
88 1588
88 336
89 755
89 93
89 1292
90 1451
90 755
90 1452
91 1412
91 990
91 1451
92 93
92 1412
92 1725
93 759
94 97
94 305
94 303
95 1354
95 388
95 386
96 1309
96 386
96 304
97 311
97 376
97 1334
98 417
99 100
99 1456
99 1459
100 1459
100 101
101 102
101 103
102 514
102 103
103 1043
104 105
104 333
104 334
105 330
105 1394
106 1395
106 597
106 1464
107 108
107 158
107 156
108 158
108 159
109 1462
109 1461
110 115
110 111
110 1408
111 114
112 113
112 116
113 114
115 613
115 116
116 117
117 1545
117 1544
118 687
118 144
118 160
119 160
119 539
119 120
120 154
121 768
121 1416
122 612
122 570
123 596
123 126
123 1418
124 181
124 590
124 592
125 128
125 590
125 126
126 127
127 128
127 593
128 143
129 1370
129 1372
129 188
130 341
130 132
130 131
130 183
131 1315
131 436
132 323
132 182
133 1463
133 439
134 500
134 1773
134 175
135 275
135 1620
135 648
136 137
136 639
136 1401
137 1469
137 1827
138 1470
138 139
138 1469
139 1321
139 792
140 1237
140 1322
140 1602
141 591
141 143
141 142
142 325
142 143
144 145
144 687
145 146
145 205
146 493
146 147
147 1597
147 1824
148 1597
148 149
148 1487
149 587
149 1487
150 531
150 151
150 1375
151 152
151 1374
152 530
152 520
153 685
153 211
153 538
153 534
154 685
154 620
155 156
155 598
155 1594
156 1680
157 1329
157 158
157 159
158 1595
160 161
161 1565
161 539
162 1314
162 321
162 441
163 1314
163 1357
163 315
164 471
164 320
164 1357
165 471
165 593
165 470
166 694
166 882
166 696
167 1777
167 788
167 785
168 169
168 330
168 1592
169 326
169 170
170 327
170 332
171 806
172 342
172 806
173 1619
173 175
173 174
174 176
174 1773
175 649
176 1515
176 1516
177 1514
177 1319
177 1515
178 1514
178 1658
178 1659
179 1392
179 1487
179 1468
180 1236
180 1468
180 587
181 1418
182 441
182 183
182 321
183 458
184 185
184 1460
184 1727
185 1019
185 1274
186 571
186 1519
186 1019
186 1273
187 188
188 189
189 1556
190 603
191 1177
192 193
192 504
192 773
193 194
193 774
194 503
194 507
194 778
195 836
195 197
196 1432
196 846
196 838
196 1270
196 1433
197 834
198 1707
198 1709
198 793
199 200
199 1617
199 1618
200 1609
200 675
201 1303
201 202
201 1221
202 1221
202 619
202 515
203 549
203 1221
203 1223
203 566
204 1615
204 1410
204 1616
205 1311
205 1824
206 592
206 207
207 1775
207 1774
208 1592
208 1396
208 1397
209 501
209 1392
209 1318
210 1587
210 678
210 677
211 1742
211 1304
211 524
212 231
212 213
213 214
214 215
215 216
217 336
217 218
217 1588
218 219
218 227
219 220
219 250
220 240
220 221
221 259
221 255
221 251
222 812
222 313
222 282
223 312
223 267
223 812
224 225
224 248
226 228
226 227
226 284
227 249
227 250
228 230
228 284
229 1642
229 283
229 230
230 283
231 232
233 1378
233 234
233 1869
234 266
234 335
235 236
236 238
237 270
237 239
237 241
238 239
239 1588
240 241
240 252
241 253
242 256
242 253
242 264
243 244
244 247
244 245
245 277
245 266
246 247
247 274
248 249
248 284
249 336
250 251
251 1643
252 253
252 254
254 258
254 255
255 260
256 814
256 258
257 813
257 260
257 261
258 813
259 282
259 260
261 338
261 1722
262 1722
262 267
262 265
263 814
263 264
263 1722
264 265
265 268
266 278
266 277
266 279
267 338
268 278
268 1583
269 1583
269 280
269 270
270 272
271 272
271 1583
271 278
271 1741
272 273
273 1741
273 274
274 279
275 339
275 648
276 645
276 277
276 1358
279 1741
281 1297
281 282
281 313
285 769
286 287
286 298
286 290
287 433
287 1874
288 1551
288 298
288 291
288 1552
289 291
290 291
290 298
291 294
292 294
293 294
294 295
295 1552
296 297
296 1682
297 1551
299 434
299 300
299 433
300 964
300 422
301 474
301 984
301 476
302 1051
302 1715
302 1716
303 306
303 1578
304 343
304 306
304 384
305 1309
305 306
306 307
308 362
308 309
308 1225
309 1581
309 1234
310 379
310 364
310 1455
311 379
311 371
312 313
312 1297
314 1518
314 1556
314 320
315 604
315 441
315 463
316 460
316 319
316 466
317 318
317 466
317 1517
318 1518
318 319
319 320
320 604
321 322
322 323
322 1473
323 341
323 440
324 649
324 1652
324 805
325 1604
325 1603
326 327
326 1592
327 329
328 791
328 329
328 643
329 779
330 331
331 1397
331 1394
332 767
333 767
334 445
335 1516
335 1514
337 1612
337 1235
337 1613
338 812
339 647
339 1358
340 628
340 849
340 1483
341 439
342 1610
343 398
343 386
344 366
344 345
344 368
345 363
345 361
346 1373
346 1227
346 347
347 353
347 360
348 354
348 356
348 361
348 349
349 607
349 350
350 375
350 352
351 1641
351 356
351 359
352 607
352 353
353 1641
354 355
354 1870
355 357
355 356
356 606
357 358
357 395
358 390
358 389
359 1690
359 360
360 1689
361 804
362 804
362 375
363 372
363 804
364 365
364 369
365 1308
365 371
365 366
366 367
368 372
368 374
369 1307
369 370
371 1308
372 373
373 374
375 1225
376 377
376 378
377 380
377 1711
378 379
378 381
380 1091
380 1089
381 382
383 384
384 385
387 398
387 1354
387 397
387 1363
388 1731
388 391
389 1870
389 1308
390 391
390 1554
391 393
392 393
392 1817
392 1814
393 394
394 1817
394 1355
395 1785
395 1553
396 397
397 1365
398 399
400 416
400 401
400 1691
401 404
401 1353
401 1728
402 414
402 1441
402 1025
403 1036
403 1513
403 1008
404 1767
405 818
405 1350
405 1352
406 1813
406 407
406 1693
407 816
407 818
408 420
408 424
408 412
408 414
409 473
409 410
410 411
411 1447
411 412
412 413
413 1038
414 1182
414 1443
415 1352
415 1351
415 420
417 418
417 1458
418 419
418 508
419 1219
419 510
420 1808
421 1808
421 426
421 1819
422 423
422 426
423 474
423 425
424 425
424 1446
425 426
427 429
427 428
427 1687
428 1784
428 1874
429 431
429 432
430 431
431 1874
432 435
432 434
433 434
436 437
436 438
437 438
437 1348
438 1298
439 440
440 1655
442 1574
442 1479
443 1845
443 1416
443 1828
444 445
444 1845
445 447
446 447
447 449
448 449
448 453
449 1839
450 451
451 1179
452 453
452 1833
452 1832
452 1179
453 1844
454 1394
454 455
455 455
456 457
458 1313
458 459
459 461
459 1315
460 461
460 463
461 462
462 463
462 464
465 466
465 467
467 468
467 1415
468 1517
468 601
469 602
470 1718
470 471
472 473
472 474
473 475
475 476
475 1030
476 1389
477 478
478 944
478 482
479 943
479 957
479 482
480 1448
480 957
480 971
481 1005
481 959
481 974
482 992
482 483
483 483
484 485
484 492
484 1825
485 495
485 488
486 498
486 703
486 487
487 488
488 686
489 491
489 496
489 494
490 496
491 686
493 771
493 1377
494 497
494 621
495 497
496 497
498 499
499 686
500 1628
500 501
501 1773
502 1411
502 1489
502 503
502 506
503 504
504 771
504 772
505 506
505 1621
505 1411
505 1622
506 1488
507 640
507 1411
508 509
508 510
509 1772
509 1757
510 511
511 512
511 513
514 1218
514 1219
515 1223
515 1589
516 683
516 704
516 620
517 1426
517 529
517 1300
518 537
518 527
518 519
519 526
519 521
520 526
520 522
520 1162
521 525
521 535
522 525
522 1305
523 535
523 524
523 538
524 1305
525 526
526 527
527 530
527 528
528 531
528 537
528 529
529 532
529 1175
530 531
531 532
532 1382
533 534
533 619
533 1304
534 683
535 536
536 540
536 538
537 1300
537 1873
539 540
539 542
540 1873
541 690
541 1565
541 542
542 543
543 1572
543 544
544 547
544 548
545 690
545 692
545 1570
546 692
546 1170
546 547
547 548
548 1570
549 567
549 550
550 551
550 1221
551 552
552 554
552 562
553 567
553 559
553 554
554 555
555 563
555 556
556 557
556 564
557 565
557 558
558 1529
558 560
559 1529
559 1586
560 1522
560 1524
561 840
561 839
561 1524
562 563
562 1497
563 1143
566 832
566 567
566 1410
568 1586
569 659
569 1528
569 1526
570 1577
570 1063
571 1299
571 1274
572 581
572 1649
572 1648
573 578
573 577
573 1651
574 575
574 1547
574 1650
574 580
575 579
575 576
576 1859
576 577
577 579
579 580
580 1651
581 584
581 1330
582 583
583 1331
583 584
584 611
585 1085
585 1678
585 1677
586 1388
586 1310
586 1146
587 1471
587 1485
588 1603
588 591
589 1111
589 1149
590 591
593 1720
594 595
595 923
595 744
596 600
597 1594
597 1680
598 896
598 599
598 1594
599 1396
599 1395
600 1721
601 602
602 603
604 605
606 607
606 1641
608 612
608 1333
608 609
609 622
609 610
610 611
611 612
613 613
614 1714
615 757
615 616
616 754
616 753
617 1236
617 1231
617 618
619 1589
620 621
622 623
622 1338
623 637
623 1338
624 1342
624 1344
624 1343
625 1134
625 626
625 628
626 1336
626 627
627 1342
627 629
628 1070
629 630
629 631
630 631
630 1732
631 849
632 1336
633 1804
633 634
633 635
634 1252
634 635
635 636
636 1248
636 637
637 1262
638 1083
638 1137
638 1132
639 640
639 642
640 641
641 644
641 642
642 1327
643 1826
643 1326
644 778
644 777
644 775
646 648
646 647
647 1358
649 650
651 821
651 1454
651 1120
652 669
652 1235
653 654
653 1102
653 1710
654 1710
654 659
654 661
655 1120
655 658
655 667
656 1147
656 666
657 670
657 1778
657 658
658 671
659 1124
660 1525
660 1530
660 661
661 1530
662 1526
662 1525
662 1527
663 1527
663 1587
663 664
664 666
664 665
665 676
665 1402
666 1778
667 671
667 669
668 669
668 672
668 675
670 672
670 671
672 673
673 674
673 1855
674 681
674 675
676 1403
676 1855
677 678
677 680
678 679
679 680
679 682
680 682
682 1410
683 684
683 698
684 685
688 695
688 689
688 1312
689 690
689 1566
691 1566
691 692
691 1561
693 695
693 786
693 1420
694 1419
694 1424
695 696
696 1561
697 1393
697 1422
697 789
697 1713
698 1590
698 704
699 700
699 1226
699 1223
700 1590
700 701
701 703
702 1230
702 703
705 920
705 707
705 713
706 714
706 796
706 797
707 708
707 931
708 766
708 729
709 712
709 751
709 710
710 712
710 763
711 712
713 730
713 714
714 715
715 718
716 914
716 717
716 937
717 718
717 732
717 722
719 728
719 721
720 720
720 722
721 726
722 723
723 737
723 724
723 1291
724 725
724 740
725 727
725 1293
726 1293
726 728
727 739
727 1284
728 1284
729 730
729 922
730 734
731 1786
731 742
731 733
732 734
732 904
733 1630
733 1629
734 1630
735 1290
735 1786
735 744
736 924
736 917
736 904
736 825
737 917
737 738
738 738
739 936
739 1287
741 827
741 933
741 743
742 827
742 826
743 1286
743 1288
744 751
745 933
745 923
745 747
746 747
746 750
746 1285
747 748
748 1413
748 749
749 750
751 1807
752 1699
752 831
752 1451
753 1699
754 756
754 758
755 1452
756 1452
756 758
757 758
759 761
759 1292
760 1292
760 1694
760 762
761 914
761 1296
762 1296
763 810
763 822
764 920
764 1868
764 915
765 1868
765 1480
765 930
766 810
766 809
767 768
769 899
769 1823
770 899
770 1694
770 910
771 772
772 1377
772 775
773 774
773 775
774 778
775 776
776 784
776 786
777 779
777 1220
779 781
780 786
780 781
780 1593
781 782
782 1493
782 783
783 1591
783 1477
785 787
785 1422
787 1862
787 1421
788 1422
788 789
789 790
789 1424
790 896
790 1423
791 1828
791 1604
792 1349
792 1600
794 795
794 829
794 865
795 796
795 797
796 1726
797 915
798 801
799 803
799 1585
799 1709
800 802
800 801
800 1360
801 802
805 1580
805 1729
807 808
808 1866
808 823
808 1380
809 1866
809 1867
810 823
811 1481
811 1480
811 1478
813 814
815 1238
815 1114
817 818
819 821
820 821
822 823
824 826
824 825
824 830
825 936
826 827
828 1698
829 1478
831 1698
831 1003
833 1438
833 840
833 835
834 838
834 837
836 841
839 1438
839 861
842 844
842 852
842 848
843 1542
843 1345
843 1346
844 1433
844 1434
845 1438
845 858
845 856
846 850
846 847
848 858
848 1435
849 1484
851 862
851 1437
851 863
852 1539
852 1776
853 863
853 1762
854 1846
854 863
854 1542
855 862
855 864
856 858
856 861
857 857
857 860
859 864
860 862
861 1277
866 889
866 870
866 876
867 897
867 898
867 886
868 897
868 881
868 886
868 869
871 894
871 1282
871 880
872 892
872 1172
872 884
873 885
873 1858
873 890
874 874
874 876
875 1172
875 1562
875 878
876 894
877 893
877 880
877 1169
878 888
878 879
879 888
879 1568
880 894
881 889
881 891
882 1568
882 887
883 890
884 888
884 890
885 886
885 895
886 893
887 1423
887 895
889 891
891 893
892 1169
892 1858
892 1474
895 898
896 1183
896 1393
897 1183
898 1183
899 926
900 934
901 921
902 906
902 1289
902 925
903 907
903 1317
904 905
905 913
907 919
907 910
908 914
908 1725
908 937
909 913
910 919
911 916
912 921
912 928
912 933
915 920
916 934
916 922
917 929
918 934
919 927
921 925
922 1629
923 932
926 1694
930 1866
930 1867
935 936
937 1723
937 1726
938 956
939 945
940 968
941 952
941 1450
941 1003
942 950
942 1007
942 986
943 974
943 1005
944 960
944 957
945 985
945 1793
945 986
946 1000
946 984
946 1794
947 997
948 981
948 976
948 998
949 980
950 973
950 977
951 1007
951 961
951 963
952 974
952 1697
953 1004
953 975
953 962
953 997
954 988
954 980
954 983
955 1696
956 982
956 1004
958 978
960 960
961 986
961 995
962 1027
962 994
963 1389
963 1024
964 1449
964 1447
965 978
965 998
965 979
966 967
967 1004
967 979
968 996
968 987
968 1005
969 980
970 1006
971 1449
971 1450
972 990
972 1449
972 1450
973 1794
973 981
976 983
976 1007
978 983
979 994
981 987
982 1006
982 1002
984 993
987 998
989 999
990 1003
991 1010
991 999
991 1011
994 1024
997 1001
999 1006
1008 1739
1008 1035
1009 1457
1009 1456
1009 1458
1010 1047
1010 1758
1011 1020
1011 1027
1012 1049
1012 1442
1013 1465
1013 1639
1013 1467
1014 1033
1014 1026
1014 1046
1015 1029
1015 1445
1016 1704
1016 1020
1016 1035
1017 1466
1017 1465
1017 1760
1018 1631
1019 1359
1020 1811
1021 1044
1021 1030
1021 1033
1022 1034
1022 1022
1023 1703
1023 1508
1023 1507
1024 1045
1025 1700
1025 1728
1026 1036
1026 1031
1027 1761
1028 1407
1028 1860
1029 1049
1029 1444
1030 1037
1031 1034
1031 1217
1032 1043
1033 1445
1034 1043
1035 1761
1036 1046
1037 1739
1037 1847
1038 1444
1039 1640
1039 1636
1039 1637
1040 1757
1040 1439
1040 1770
1041 1738
1041 1509
1041 1705
1042 1045
1042 1761
1043 1737
1044 1444
1045 1847
1046 1739
1048 1476
1048 1634
1048 1759
1049 1440
1050 1055
1050 1054
1050 1060
1051 1810
1051 1185
1052 1059
1052 1503
1052 1057
1052 1058
1053 1505
1053 1499
1053 1506
1055 1060
1055 1668
1056 1501
1056 1669
1056 1548
1056 1703
1057 1502
1057 1715
1058 1716
1058 1466
1059 1061
1059 1501
1060 1505
1060 1502
1062 1089
1062 1679
1062 1075
1063 1075
1064 1747
1064 1132
1064 1251
1065 1068
1065 1077
1066 1128
1066 1247
1067 1137
1067 1803
1067 1103
1068 1080
1068 1755
1069 1134
1070 1095
1071 1090
1071 1145
1071 1150
1072 1132
1073 1121
1073 1138
1073 1112
1073 1346
1074 1733
1074 1732
1074 1081
1076 1083
1077 1755
1077 1243
1077 1094
1078 1091
1079 1110
1080 1112
1081 1754
1081 1753
1082 1496
1082 1140
1082 1100
1083 1110
1084 1150
1084 1090
1084 1160
1086 1247
1086 1242
1086 1751
1087 1102
1087 1125
1087 1310
1088 1496
1088 1109
1088 1136
1089 1117
1090 1139
1091 1453
1092 1092
1092 1750
1093 1157
1094 1158
1094 1113
1095 1107
1095 1144
1096 1114
1096 1752
1097 1103
1097 1135
1097 1404
1098 1147
1098 1146
1098 1161
1099 1121
1099 1116
1099 1104
1100 1801
1100 1153
1101 1558
1101 1559
1102 1146
1103 1151
1104 1484
1104 1122
1105 1303
1105 1131
1105 1153
1105 1498
1106 1345
1107 1483
1107 1138
1108 1558
1108 1800
1109 1127
1110 1137
1111 1559
1113 1130
1114 1119
1115 1142
1118 1384
1118 1375
1118 1376
1120 1148
1121 1123
1122 1755
1122 1484
1125 1141
1125 1388
1126 1133
1128 1404
1128 1135
1130 1158
1131 1142
1131 1140
1133 1159
1134 1160
1135 1244
1138 1347
1140 1153
1141 1156
1141 1387
1142 1802
1143 1498
1143 1163
1143 1497
1147 1161
1149 1383
1150 1160
1151 1482
1152 1802
1154 1155
1154 1676
1154 1398
1157 1524
1157 1522
1158 1240
1159 1163
1161 1386
1162 1374
1162 1302
1163 1557
1164 1165
1164 1170
1165 1167
1165 1166
1167 1168
1167 1174
1168 1425
1168 1173
1170 1562
1171 1282
1172 1174
1173 1572
1174 1425
1175 1756
1176 1177
1177 1414
1178 1830
1178 1180
1179 1181
1184 1192
1185 1187
1185 1636
1186 1187
1187 1199
1188 1190
1188 1189
1188 1550
1189 1191
1189 1195
1190 1194
1190 1192
1192 1193
1193 1194
1193 1197
1194 1198
1195 1196
1195 1200
1196 1202
1196 1198
1197 1203
1197 1198
1199 1200
1199 1206
1200 1201
1201 1202
1201 1212
1202 1203
1203 1208
1204 1211
1205 1212
1207 1208
1208 1209
1209 1211
1209 1210
1210 1213
1210 1214
1211 1213
1212 1214
1213 1215
1214 1215
1215 1216
1217 1439
1217 1218
1218 1219
1222 1610
1222 1611
1222 1608
1222 1612
1224 1391
1224 1653
1224 1614
1225 1227
1226 1230
1226 1228
1227 1642
1228 1230
1228 1229
1231 1624
1231 1319
1232 1625
1232 1657
1232 1658
1233 1348
1233 1463
1236 1468
1237 1349
1237 1604
1238 1238
1239 1246
1239 1243
1239 1244
1240 1241
1240 1242
1241 1250
1241 1246
1242 1246
1243 1245
1244 1245
1245 1753
1247 1754
1248 1265
1248 1249
1249 1482
1249 1749
1251 1252
1251 1746
1252 1747
1253 1743
1254 1546
1254 1714
1255 1743
1256 1259
1256 1280
1256 1279
1257 1262
1257 1258
1257 1260
1258 1259
1260 1264
1260 1262
1261 1263
1261 1265
1261 1264
1263 1264
1263 1337
1265 1266
1265 1337
1266 1278
1267 1271
1267 1268
1268 1270
1268 1541
1269 1271
1272 1274
1272 1853
1273 1521
1273 1520
1273 1519
1273 1644
1275 1745
1276 1277
1277 1762
1278 1404
1279 1338
1279 1280
1280 1339
1281 1732
1283 1414
1285 1286
1286 1288
1287 1288
1291 1294
1291 1295
1293 1294
1294 1295
1295 1296
1297 1643
1300 1571
1301 1571
1301 1426
1301 1567
1302 1305
1302 1742
1303 1306
1304 1306
1306 1742
1308 1309
1310 1388
1311 1825
1314 1357
1316 1317
1318 1319
1320 1325
1320 1326
1321 1322
1321 1469
1322 1602
1323 1328
1324 1622
1324 1601
1324 1486
1325 1328
1326 1827
1327 1328
1327 1826
1330 1647
1330 1650
1331 1646
1331 1649
1332 1386
1332 1333
1332 1585
1333 1584
1335 1336
1337 1339
1339 1343
1340 1343
1341 1342
1345 1347
1346 1347
1348 1463
1349 1599
1350 1353
1350 1351
1350 1352
1351 1353
1354 1366
1355 1356
1355 1821
1359 1360
1359 1364
1360 1361
1361 1363
1362 1763
1362 1364
1362 1363
1364 1766
1367 1368
1367 1369
1367 1805
1368 1645
1369 1805
1369 1806
1370 1719
1370 1372
1371 1372
1373 1574
1373 1681
1374 1376
1375 1381
1376 1798
1377 1856
1378 1872
1379 1872
1380 1480
1380 1481
1381 1382
1381 1383
1381 1384
1382 1383
1383 1384
1385 1453
1385 1454
1386 1675
1388 1678
1389 1390
1391 1627
1391 1628
1393 1713
1394 1395
1396 1397
1398 1711
1398 1712
1399 1674
1400 1401
1400 1402
1400 1470
1401 1470
1405 1406
1405 1537
1405 1538
1406 1539
1406 1533
1408 1860
1408 1520
1409 1805
1412 1724
1413 1415
1416 1417
1417 1775
1419 1420
1419 1777
1420 1777
1421 1713
1423 1424
1425 1474
1427 1429
1428 1430
1428 1796
1429 1430
1430 1796
1431 1852
1432 1531
1432 1532
1433 1531
1433 1434
1434 1435
1434 1531
1435 1532
1436 1437
1437 1539
1439 1770
1440 1770
1440 1441
1441 1442
1442 1443
1447 1448
1448 1695
1453 1454
1456 1457
1457 1458
1459 1472
1460 1765
1461 1472
1461 1462
1465 1467
1466 1476
1467 1760
1471 1486
1473 1626
1473 1623
1475 1851
1475 1727
1475 1853
1476 1760
1478 1479
1479 1481
1483 1484
1485 1486
1485 1622
1488 1489
1488 1490
1489 1492
1490 1492
1490 1491
1492 1849
1493 1730
1493 1494
1495 1496
1497 1498
1499 1548
1499 1500
1500 1503
1500 1501
1502 1504
1503 1504
1504 1505
1505 1664
1506 1669
1506 1666
1507 1702
1507 1509
1507 1704
1508 1509
1508 1740
1510 1511
1511 1735
1511 1513
1512 1513
1515 1516
1517 1518
1519 1521
1520 1645
1522 1523
1523 1528
1525 1526
1526 1527
1528 1529
1530 1710
1531 1532
1534 1776
1534 1535
1534 1536
1535 1536
1535 1537
1536 1538
1537 1538
1540 1776
1542 1543
1544 1545
1545 1714
1548 1670
1549 1869
1551 1552
1553 1553
1555 1556
1558 1559
1560 1570
1561 1564
1562 1568
1563 1565
1566 1573
1567 1569
1569 1571
1569 1572
1575 1829
1576 1578
1577 1578
1579 1654
1584 1708
1584 1585
1585 1707
1586 1587
1589 1590
1591 1730
1591 1592
1593 1593
1595 1680
1596 1597
1598 1600
1598 1674
1598 1599
1599 1600
1601 1674
1602 1827
1605 1652
1605 1606
1605 1609
1606 1609
1606 1607
1607 1608
1607 1612
1608 1652
1610 1611
1611 1613
1612 1613
1614 1653
1614 1615
1615 1616
1616 1617
1617 1618
1618 1653
1619 1620
1619 1729
1620 1654
1623 1626
1623 1624
1624 1625
1625 1626
1627 1628
1629 1630
1631 1759
1631 1632
1632 1758
1633 1758
1633 1759
1633 1634
1633 1635
1634 1635
1635 1702
1636 1637
1638 1639
1638 1640
1639 1640
1642 1643
1644 1645
1646 1647
1646 1650
1646 1649
1647 1648
1648 1649
1650 1651
1654 1729
1655 1663
1655 1660
1656 1659
1656 1660
1656 1657
1657 1658
1659 1661
1660 1661
1661 1662
1662 1663
1664 1667
1664 1666
1665 1666
1665 1673
1665 1667
1667 1668
1668 1673
1669 1673
1670 1671
1670 1672
1675 1676
1675 1679
1676 1677
1677 1679
1681 1682
1681 1864
1681 1865
1682 1864
1683 1784
1683 1865
1683 1689
1684 1690
1684 1688
1684 1785
1685 1686
1685 1689
1685 1690
1686 1687
1686 1784
1687 1688
1688 1783
1691 1764
1691 1816
1691 1815
1692 1819
1692 1781
1692 1818
1693 1817
1693 1822
1695 1696
1698 1699
1700 1728
1700 1771
1701 1771
1701 1772
1702 1703
1705 1736
1705 1706
1707 1709
1707 1708
1711 1712
1715 1716
1717 1721
1718 1720
1718 1719
1720 1721
1723 1726
1723 1724
1724 1725
1727 1851
1730 1862
1731 1814
1731 1812
1735 1738
1735 1737
1736 1737
1736 1738
1744 1745
1747 1748
1750 1751
1750 1752
1751 1752
1753 1754
1757 1772
1757 1771
1763 1764
1763 1816
1763 1766
1764 1769
1767 1768
1767 1769
1768 1769
1774 1775
1774 1834
1778 1779
1780 1783
1780 1785
1780 1782
1781 1782
1781 1783
1782 1818
1786 1787
1787 1792
1787 1787
1788 1790
1788 1792
1789 1790
1790 1791
1794 1795
1797 1801
1797 1799
1797 1798
1798 1800
1799 1800
1799 1801
1808 1809
1812 1815
1812 1816
1813 1815
1813 1814
1817 1820
1818 1821
1819 1822
1820 1821
1820 1822
1824 1825
1828 1834
1829 1836
1829 1835
1830 1832
1830 1842
1830 1831
1831 1833
1832 1833
1832 1841
1834 1836
1835 1838
1835 1843
1836 1837
1837 1839
1837 1845
1838 1840
1838 1839
1840 1844
1840 1843
1841 1842
1841 1844
1842 1843
1847 1848
1850 1852
1850 1851
1852 1853
1854 1855
1857 1858
1860 1861
1862 1863
1864 1865
1867 1868
1870 1871
