0 47
0 1211
0 274
0 1
1 263
1 262
1 1207
2 909
2 100
2 108
3 1067
3 101
3 37
4 188
4 683
4 44
5 6
5 97
5 686
6 34
6 685
7 87
7 690
7 172
8 129
8 172
9 98
9 882
9 1067
10 882
10 880
10 97
11 361
11 36
11 88
12 377
12 407
12 13
13 14
13 403
14 1291
14 416
15 371
15 403
15 1291
15 1289
16 60
16 59
16 1073
17 1178
17 316
17 1509
18 61
18 64
18 1178
19 309
19 315
19 429
20 69
20 21
20 304
21 1177
21 195
22 288
22 68
22 876
23 24
23 67
23 294
23 1381
24 376
24 281
25 1385
25 134
25 872
26 368
26 284
26 136
27 142
27 1208
27 1382
28 342
28 41
28 139
28 1174
29 755
29 801
29 837
29 802
30 839
30 127
30 856
31 739
31 32
31 126
31 194
32 707
32 773
33 146
33 1218
34 685
34 35
35 322
35 1528
36 335
36 1084
37 1067
38 697
38 1358
39 1504
39 78
39 1230
39 1545
40 804
40 1360
40 774
41 712
41 163
42 121
42 120
42 875
43 1262
43 188
43 317
44 1265
44 1490
45 878
45 1261
45 1262
46 1231
46 244
46 1232
47 262
47 249
47 261
47 246
48 884
48 899
48 894
49 1265
49 1490
50 53
50 129
51 52
51 171
51 191
52 53
52 1196
53 1196
54 1414
54 56
54 1197
55 190
55 57
55 189
56 1197
56 190
57 689
58 418
58 1439
58 452
59 60
59 394
60 316
61 62
61 873
62 1073
62 83
63 1479
63 873
63 1480
64 314
64 1178
65 158
65 1543
65 276
66 276
66 277
66 874
67 277
67 874
68 869
68 302
68 1448
69 221
69 270
69 868
70 205
70 304
70 1447
71 205
71 1181
71 214
72 876
72 136
72 138
72 287
73 1390
73 870
73 1180
74 75
74 1382
74 143
75 1387
75 76
76 411
76 353
77 236
77 203
77 234
78 1534
78 79
79 84
79 219
80 1454
80 219
80 81
81 218
81 1534
82 1534
82 340
82 226
83 340
83 1194
84 85
84 237
85 220
85 86
86 215
86 200
87 690
87 318
88 89
88 1548
89 430
89 380
90 1548
90 182
90 361
91 324
91 187
91 192
92 93
92 1088
92 324
93 94
93 687
94 95
94 1164
95 96
95 1397
96 192
96 1082
97 1036
98 123
98 913
99 1191
99 167
99 107
99 268
100 909
100 1476
101 108
101 1493
102 1491
102 907
102 909
103 913
103 908
103 1492
104 1494
104 123
105 1097
105 1244
105 848
106 828
106 755
106 1341
107 1190
107 257
108 1493
109 176
109 1081
109 175
110 552
110 331
110 330
111 326
111 524
111 327
112 1250
112 499
112 437
112 630
113 1412
113 1149
113 1148
114 1556
114 769
114 780
114 534
115 450
115 1330
115 1434
115 116
116 622
116 449
117 1361
117 1542
117 1399
117 854
117 849
118 801
118 1542
118 790
118 1235
119 714
119 1212
119 1359
120 201
120 378
120 121
121 702
122 228
122 126
122 702
123 1494
124 1489
124 125
124 881
125 996
125 1238
126 233
126 232
127 233
127 692
128 1344
128 1345
128 1188
130 1201
130 1254
130 1255
131 707
131 1245
131 1446
132 146
132 1217
133 1217
133 1058
133 1369
134 279
134 404
135 136
135 373
135 871
137 144
137 138
137 870
138 143
139 140
139 399
140 428
140 875
141 399
141 356
141 1179
142 364
143 145
144 145
144 1180
145 209
146 1527
147 155
147 149
147 597
148 747
148 861
148 151
149 597
149 152
150 747
150 786
150 729
151 740
151 155
152 156
152 153
153 154
153 161
154 161
154 1266
155 824
155 1266
156 494
156 160
156 645
157 395
157 160
157 1283
158 1286
158 1543
158 164
159 1281
159 161
159 160
159 1282
161 433
162 1333
162 163
162 433
162 1280
163 1279
163 1280
164 592
164 165
164 1284
165 1283
165 363
166 242
166 260
166 244
166 245
167 1232
167 243
168 383
168 1289
168 431
169 431
169 1531
169 1533
170 374
170 434
170 406
171 172
171 336
173 1357
173 174
173 1503
174 175
174 1503
175 176
176 177
177 1502
177 325
178 179
178 1164
178 1502
179 180
179 687
180 181
180 336
181 1503
182 183
182 1082
183 184
183 187
184 185
184 1085
185 186
185 1086
186 187
186 323
188 1203
189 442
189 1414
190 689
191 336
192 1082
193 601
193 600
193 446
193 626
194 1308
194 1309
195 221
195 310
196 1389
196 199
197 410
197 199
197 1388
198 199
198 209
198 216
200 216
200 410
201 402
201 227
201 1182
202 203
202 378
202 428
203 402
204 1545
204 236
204 237
205 387
205 206
206 207
206 212
207 208
207 209
208 218
208 212
210 211
210 213
211 218
212 213
213 1181
214 868
214 1181
215 217
215 220
216 217
217 1454
219 220
221 271
221 344
222 272
222 347
222 271
222 425
223 397
223 224
224 1237
225 1336
225 226
226 1336
227 228
227 231
228 229
229 230
229 231
231 1362
232 233
232 692
234 237
234 1179
235 236
238 1471
238 239
239 240
239 250
240 1466
240 1277
241 242
241 1471
241 1123
242 250
243 260
243 1539
244 1539
245 249
245 949
246 938
246 274
246 1416
247 1549
247 1211
247 265
248 1416
248 273
248 1276
249 259
250 251
250 1415
251 949
251 938
252 254
252 1288
252 901
252 274
253 1463
253 254
253 901
253 1421
254 1288
254 256
255 1288
255 265
255 264
256 267
256 902
257 259
257 1192
257 1206
258 1206
258 275
258 261
259 260
259 275
261 275
261 262
263 266
263 1549
264 265
264 267
265 266
267 905
268 269
269 910
269 1456
270 271
270 272
272 868
273 1418
273 274
276 290
277 278
278 293
278 292
279 280
279 376
280 872
280 281
280 285
281 285
282 1386
282 285
282 283
283 287
283 871
284 409
284 373
285 286
286 287
286 1356
286 1381
288 294
288 1381
289 1205
289 417
289 427
289 290
290 295
290 292
291 293
291 296
291 294
292 293
292 297
295 298
295 297
295 1391
296 303
296 1383
296 297
298 299
298 300
299 312
299 313
301 302
302 303
303 1177
304 1448
305 307
305 306
305 1383
306 310
306 1177
307 1384
307 308
308 1384
308 309
309 310
311 314
311 312
311 873
312 315
313 1383
313 1510
314 417
315 1510
316 1509
317 1260
317 1036
318 319
318 322
319 320
319 1087
320 321
320 688
321 322
321 691
323 324
323 1091
325 1502
325 1440
326 328
326 327
327 333
328 329
328 516
329 330
329 1278
330 331
331 332
332 333
332 539
333 1321
334 1084
334 1086
334 335
334 1087
335 688
337 352
337 1509
337 424
338 1505
338 1193
338 1522
339 341
340 1193
341 1480
341 344
342 356
342 399
342 1470
343 396
344 397
344 429
345 360
346 415
346 404
346 379
347 1336
347 405
348 370
348 362
348 418
349 874
349 376
349 404
350 419
351 384
351 420
351 369
352 382
352 590
353 421
353 410
354 422
354 384
354 434
355 403
355 370
355 423
356 1382
357 423
357 608
357 370
358 421
359 396
360 400
360 431
361 1083
362 367
363 1282
363 432
364 368
364 409
365 1523
365 419
365 413
366 385
366 393
366 515
367 408
367 407
368 391
371 1072
371 396
372 413
372 1208
372 1470
373 415
374 430
374 420
375 392
377 416
377 388
378 390
378 402
379 413
379 389
380 383
380 682
381 430
381 1548
381 414
382 427
382 417
383 1195
384 407
386 1185
386 1184
386 1504
388 416
388 434
389 592
389 1470
389 432
390 428
390 875
392 414
392 420
393 457
393 542
393 528
393 1286
394 412
394 1459
395 542
395 648
397 1237
398 712
398 426
398 827
399 428
401 426
401 781
401 433
402 1184
403 1462
404 592
407 414
409 419
411 1179
411 421
412 1460
412 517
412 460
415 1523
417 1391
418 608
423 1461
424 595
424 517
425 1237
426 778
426 1532
427 488
429 1479
432 1279
432 1281
435 632
435 587
435 598
436 560
436 545
436 475
437 653
437 1145
437 444
438 557
438 665
438 448
439 481
439 634
439 1488
439 546
440 609
440 1158
440 539
441 647
441 635
441 559
441 579
442 623
442 1414
443 640
444 624
444 477
445 627
446 451
446 1311
446 620
446 636
447 1488
447 1537
447 654
448 1515
448 582
448 535
449 1049
449 1536
450 769
450 596
451 521
451 1437
452 566
452 632
453 531
453 553
453 1124
454 1343
454 532
454 540
454 483
455 1124
455 583
455 1435
456 618
457 655
457 515
458 496
458 1158
458 1151
459 505
459 677
459 525
460 498
460 664
461 681
462 491
462 667
462 551
463 509
463 667
463 658
464 559
465 539
466 1443
466 1442
466 1444
467 578
467 646
468 501
468 656
468 576
469 504
469 499
469 496
470 1287
470 561
470 674
471 1078
471 1357
472 1412
472 544
472 620
473 603
473 568
473 601
474 513
474 545
474 491
475 652
475 1250
476 552
476 1081
476 571
477 527
477 638
478 550
478 554
478 675
479 668
479 517
479 498
480 589
480 669
480 492
481 1443
481 629
481 641
482 1449
482 1524
482 1525
483 581
483 532
483 613
484 560
485 636
486 500
486 1267
486 497
487 558
487 510
487 525
488 675
488 537
489 584
489 621
489 1037
490 594
490 653
490 527
491 644
491 522
493 656
494 648
494 645
495 1127
495 1125
495 574
496 614
497 663
497 671
498 514
499 657
500 515
500 671
501 558
501 677
502 672
502 626
502 526
503 594
503 673
503 527
504 638
504 659
504 624
505 633
505 615
506 651
507 620
508 584
508 1038
508 572
509 642
509 1334
511 667
511 642
511 644
512 577
512 656
512 599
514 580
514 679
515 674
516 547
516 564
517 595
518 633
519 522
519 666
519 1524
520 578
520 606
520 529
522 1525
523 567
523 652
523 657
524 614
524 541
525 573
528 655
528 648
529 578
529 1442
530 609
532 645
533 560
533 634
533 545
534 597
534 1332
535 635
535 548
535 579
536 551
536 545
536 588
537 610
537 554
538 681
538 549
538 619
540 645
540 1556
542 1285
543 550
543 575
543 651
544 1437
544 1145
546 585
546 610
547 563
547 564
548 617
548 1516
550 660
551 588
552 1278
553 599
553 582
554 569
554 634
555 1130
555 1126
555 1041
556 574
556 1047
556 1434
558 631
559 642
561 1223
561 658
562 563
563 605
564 616
565 630
565 600
565 647
566 611
566 1278
568 1124
568 603
570 593
571 611
572 621
572 612
573 615
573 1249
574 1126
579 639
580 602
580 679
581 670
581 613
582 672
583 607
583 681
584 621
585 668
585 1488
586 1434
587 608
587 664
588 1224
589 1486
589 1075
589 1328
590 610
590 595
591 604
591 593
591 637
592 1547
593 636
594 628
595 668
596 619
596 676
598 632
598 627
599 678
600 635
601 637
603 1125
605 616
605 640
606 1441
606 634
609 1326
609 1328
612 623
612 1198
613 655
613 1267
614 625
615 1556
616 627
617 663
617 639
618 664
618 640
619 643
623 1038
624 650
626 661
628 662
628 1353
629 654
629 1444
630 1145
633 1343
635 661
637 1132
638 673
639 1334
641 1441
644 666
646 657
647 1520
649 1138
649 1133
649 1135
651 1225
651 675
652 1250
653 1148
653 1146
654 1444
658 671
658 1222
661 672
663 1514
666 1520
669 1326
669 1162
670 1514
670 1267
673 1352
677 1515
679 1488
680 1440
680 1397
680 1439
682 691
682 688
683 1203
683 684
684 686
684 1203
684 1263
685 689
686 1203
687 1164
687 1089
690 1036
692 866
692 1438
693 819
694 758
694 854
694 721
695 859
695 823
695 771
696 777
696 782
696 715
697 719
697 1467
698 1294
698 839
698 864
699 1271
699 836
699 829
700 802
700 1295
700 703
700 837
701 787
701 763
701 722
702 779
703 834
703 800
704 1553
704 1500
704 1496
704 1551
705 738
706 810
706 774
706 1099
707 1446
708 851
708 714
708 760
709 717
710 862
710 855
710 815
711 798
711 738
711 860
712 1401
713 846
714 1235
715 848
715 777
716 789
717 1272
717 818
718 747
718 824
718 781
719 725
719 840
720 825
721 1399
721 786
723 772
723 803
723 828
724 1347
725 1113
725 1108
726 1377
726 825
726 1407
726 762
727 796
727 773
727 746
728 737
729 781
729 821
730 844
731 1403
731 803
731 733
732 752
732 1174
732 1401
733 776
733 1403
734 1306
734 856
734 857
735 1274
735 830
735 836
736 777
736 772
736 1341
737 812
737 843
738 814
739 856
739 1305
740 854
740 780
741 788
741 1402
741 748
742 842
742 851
742 850
743 767
743 762
743 860
744 799
744 1499
744 767
745 765
745 1295
745 752
746 831
746 759
748 1339
748 803
749 794
749 845
749 753
750 846
750 1109
750 1042
751 805
751 1117
751 769
752 779
753 772
753 822
754 826
755 801
756 1241
756 771
756 835
757 825
758 861
758 786
759 797
759 799
761 837
761 790
761 801
762 787
763 775
763 797
764 835
764 1554
764 813
765 800
766 787
766 823
766 1245
767 860
768 842
770 791
771 806
773 796
774 1109
775 1446
775 797
778 789
778 821
779 800
780 1332
780 1342
780 1117
782 830
782 822
783 1097
783 1096
783 1235
784 861
785 819
789 827
790 1376
791 1467
791 1338
792 820
793 844
794 1402
795 1407
795 1406
795 819
796 808
798 833
798 1526
799 831
802 817
804 1375
804 1338
805 1113
805 1112
805 1330
806 843
806 859
807 1403
809 827
811 842
811 841
811 820
813 830
813 1098
816 846
817 852
817 1347
818 853
818 863
820 851
821 1376
821 849
822 1274
822 838
823 1406
824 1266
826 839
826 866
828 857
831 1303
832 838
833 1377
834 866
834 864
835 863
836 1404
837 1295
838 1270
840 1042
840 865
843 863
844 865
847 1102
847 848
847 1341
849 1399
852 1294
852 864
857 1500
858 1499
858 1552
858 1553
859 862
860 1339
862 1405
865 1112
867 1312
869 1447
869 876
870 1180
871 1385
872 1386
877 879
877 1263
877 1204
878 880
878 882
879 883
880 881
881 1489
883 1204
883 1450
884 890
884 896
885 898
886 902
886 899
886 890
887 1259
888 900
889 891
890 1421
890 1466
891 894
891 892
892 903
892 897
893 906
893 904
894 906
894 1310
895 896
896 906
897 904
897 926
898 1256
898 1200
898 1257
899 900
900 905
901 1420
902 905
904 988
904 1200
907 912
907 1491
908 1494
908 1492
910 1167
910 1170
911 912
912 1172
913 1493
914 942
914 933
914 1469
915 967
915 1253
915 987
916 938
917 1318
917 1080
917 942
918 979
919 980
919 987
919 931
920 985
920 1300
920 959
921 1508
922 961
922 1457
922 956
923 1477
923 1456
923 1122
924 958
924 963
924 1431
924 961
925 991
926 977
926 1254
927 962
927 1508
928 974
928 1296
928 982
929 950
929 990
929 974
930 994
930 975
930 941
931 955
931 967
932 960
932 992
932 935
933 993
933 1317
934 974
934 950
934 961
935 968
935 954
935 953
936 1119
936 993
936 976
937 994
937 956
937 1457
939 990
940 978
941 994
941 986
942 983
943 974
944 979
944 962
944 971
945 949
946 951
947 965
947 1469
948 987
950 966
951 1544
951 1315
951 1314
952 990
953 992
953 1315
953 978
954 957
954 972
955 958
955 1431
956 1252
957 984
957 973
958 1310
959 1430
959 1300
962 989
964 1209
964 1298
964 972
965 991
965 971
966 1122
966 992
967 1535
968 1300
968 1365
968 976
969 1318
969 993
970 1252
970 994
970 986
971 1544
972 1430
973 995
973 975
975 984
976 1544
978 1071
979 991
981 986
984 1209
985 1298
985 1430
989 1314
989 1071
995 1457
995 1296
996 1238
996 1310
996 1028
997 1024
997 1013
997 1238
998 1030
998 1028
998 1506
999 1026
1000 1024
1000 1001
1000 1481
1002 1011
1003 1035
1003 1015
1004 1025
1004 1012
1004 1029
1004 1028
1005 1033
1006 1033
1006 1016
1006 1027
1007 1009
1007 1346
1007 1027
1008 1021
1009 1020
1009 1017
1010 1027
1010 1016
1010 1026
1011 1022
1011 1028
1011 1034
1012 1025
1012 1020
1013 1024
1014 1029
1015 1030
1015 1022
1016 1312
1017 1458
1017 1025
1018 1501
1018 1027
1018 1020
1019 1021
1021 1506
1022 1035
1023 1026
1029 1032
1030 1031
1031 1540
1031 1501
1032 1379
1033 1540
1037 1040
1038 1039
1041 1047
1041 1408
1042 1044
1043 1045
1043 1048
1043 1351
1046 1049
1047 1427
1048 1052
1049 1053
1050 1426
1050 1427
1050 1051
1050 1302
1054 1372
1054 1056
1054 1215
1054 1213
1055 1056
1055 1240
1055 1226
1056 1371
1056 1064
1057 1229
1057 1094
1057 1063
1058 1213
1058 1372
1059 1066
1059 1229
1059 1060
1060 1065
1060 1062
1061 1313
1061 1093
1062 1227
1062 1069
1063 1371
1063 1216
1065 1093
1065 1066
1066 1068
1068 1233
1068 1368
1069 1095
1069 1093
1070 1071
1070 1187
1070 1475
1070 1478
1071 1187
1071 1478
1071 1186
1072 1073
1072 1194
1074 1076
1075 1076
1075 1555
1076 1078
1077 1078
1079 1080
1080 1317
1081 1357
1083 1084
1083 1085
1084 1085
1086 1087
1088 1090
1088 1089
1089 1090
1090 1092
1091 1092
1095 1221
1095 1244
1096 1097
1096 1220
1098 1240
1098 1244
1100 1101
1100 1103
1101 1102
1101 1105
1102 1105
1104 1105
1106 1110
1107 1110
1108 1108
1109 1487
1109 1361
1110 1112
1111 1342
1113 1511
1114 1115
1115 1117
1115 1116
1118 1425
1119 1120
1119 1121
1120 1363
1120 1121
1121 1364
1122 1456
1123 1231
1125 1127
1126 1128
1127 1128
1128 1129
1129 1131
1129 1130
1130 1131
1131 1133
1132 1133
1132 1134
1134 1136
1134 1140
1135 1411
1135 1144
1135 1408
1137 1138
1138 1472
1139 1140
1139 1521
1139 1472
1140 1142
1140 1143
1141 1142
1142 1144
1144 1311
1146 1147
1146 1148
1149 1507
1150 1392
1151 1393
1151 1152
1152 1159
1153 1155
1153 1320
1154 1155
1154 1319
1154 1157
1155 1156
1156 1157
1156 1546
1157 1158
1159 1321
1160 1546
1160 1323
1160 1161
1161 1325
1161 1396
1163 1164
1165 1168
1165 1166
1166 1168
1166 1167
1167 1170
1168 1169
1169 1172
1169 1171
1170 1171
1171 1172
1173 1175
1174 1175
1175 1176
1182 1183
1182 1184
1183 1362
1183 1185
1185 1362
1186 1478
1186 1476
1187 1477
1188 1456
1188 1189
1189 1190
1189 1191
1190 1344
1190 1191
1192 1207
1192 1345
1193 1417
1194 1531
1196 1197
1198 1528
1199 1254
1199 1200
1199 1255
1200 1255
1201 1256
1201 1258
1202 1204
1205 1287
1205 1543
1206 1207
1208 1382
1209 1298
1210 1211
1212 1234
1213 1226
1214 1215
1214 1218
1214 1216
1215 1370
1215 1369
1216 1370
1217 1218
1219 1221
1219 1220
1219 1246
1221 1367
1222 1223
1222 1224
1223 1225
1224 1225
1226 1243
1227 1229
1227 1228
1230 1236
1230 1231
1232 1236
1236 1349
1239 1240
1239 1380
1239 1247
1242 1243
1242 1247
1245 1247
1248 1522
1248 1417
1248 1419
1251 1253
1252 1253
1255 1256
1256 1257
1257 1259
1258 1259
1258 1261
1259 1260
1260 1261
1260 1262
1263 1264
1264 1265
1268 1269
1268 1273
1268 1274
1272 1404
1272 1554
1273 1273
1274 1275
1276 1277
1276 1415
1277 1417
1279 1280
1280 1281
1281 1282
1282 1283
1283 1284
1284 1285
1285 1286
1286 1287
1287 1543
1289 1290
1290 1464
1291 1292
1292 1464
1292 1445
1293 1294
1296 1297
1297 1301
1297 1299
1302 1485
1302 1536
1303 1304
1303 1498
1304 1304
1306 1495
1306 1307
1311 1351
1314 1315
1316 1317
1320 1393
1320 1392
1320 1394
1321 1322
1322 1395
1322 1324
1326 1327
1327 1328
1327 1513
1329 1330
1331 1332
1334 1335
1337 1338
1339 1340
1340 1340
1342 1529
1343 1432
1344 1345
1347 1348
1350 1351
1352 1353
1352 1483
1353 1354
1354 1355
1354 1484
1358 1359
1358 1360
1359 1360
1361 1542
1363 1366
1364 1365
1369 1372
1370 1371
1373 1374
1374 1423
1374 1424
1375 1424
1376 1398
1378 1512
1378 1379
1384 1510
1385 1386
1387 1388
1387 1389
1388 1389
1392 1393
1393 1538
1394 1395
1394 1396
1395 1396
1397 1440
1397 1439
1400 1401
1404 1554
1405 1406
1405 1407
1408 1409
1409 1410
1410 1411
1411 1425
1412 1413
1415 1416
1418 1419
1418 1420
1419 1420
1421 1422
1425 1426
1426 1428
1427 1429
1433 1530
1433 1529
1436 1437
1442 1443
1447 1448
1450 1451
1450 1453
1451 1452
1451 1453
1454 1455
1459 1462
1459 1460
1460 1461
1461 1462
1465 1466
1467 1468
1472 1473
1473 1473
1474 1476
1474 1475
1474 1478
1475 1477
1479 1480
1482 1551
1482 1498
1482 1552
1489 1490
1491 1492
1495 1496
1495 1497
1496 1551
1498 1550
1499 1550
1500 1553
1501 1506
1504 1545
1505 1533
1505 1531
1514 1516
1515 1516
1517 1518
1518 1519
1518 1520
1522 1533
1524 1525
1529 1530
1535 1535
1540 1541
1550 1552
1551 1553
