0 497
0 2892
0 479
1 1883
1 2
1 2877
2 3
2 2313
3 568
3 5
3 4
4 5
4 1799
4 569
5 1876
6 2840
6 2522
6 3141
7 2350
7 1786
7 2517
8 2522
8 1785
8 2350
9 3139
9 3142
9 1798
9 1799
10 3001
10 3138
11 2527
11 568
11 1732
12 3074
12 3071
12 3070
12 3073
13 256
13 2954
13 45
14 43
14 2967
14 44
15 2391
15 16
15 735
16 2297
16 3205
17 485
17 489
17 518
18 3106
19 213
19 214
20 21
20 26
20 3146
21 22
21 37
22 23
22 37
23 24
23 27
24 25
24 27
25 2822
25 3405
26 31
26 2822
28 29
28 3406
28 2607
29 31
29 30
30 3406
30 36
31 32
32 33
32 2822
33 34
33 1336
34 35
34 1336
35 36
35 2823
36 2823
37 38
38 3058
38 3108
39 1717
39 1715
39 40
40 1716
40 41
41 42
41 2483
43 2494
43 44
44 3221
45 2954
45 2495
46 47
46 2821
46 2960
47 2487
47 2821
48 2486
48 86
48 257
49 2265
49 259
49 521
50 2571
50 266
50 52
51 2567
51 2569
51 3210
52 334
52 3557
53 2566
53 2567
54 55
54 2966
54 2967
55 3216
55 2969
56 1652
56 1657
56 255
56 2490
57 1612
57 2968
57 1613
58 2787
58 367
58 748
59 301
59 303
59 2691
60 2333
60 94
60 302
61 2785
61 2334
61 2784
62 2260
62 63
62 1304
62 739
62 2690
63 738
63 2669
64 2669
64 91
64 90
65 2635
65 2241
65 3481
65 2243
66 936
66 510
66 835
67 2451
67 933
67 2492
68 950
68 621
68 2332
69 2687
69 752
69 143
70 765
70 593
70 905
71 2389
71 2387
71 705
72 3095
72 3488
72 540
73 3097
73 3100
74 2321
74 330
74 802
75 2340
75 1674
75 777
76 3498
76 610
76 317
76 3462
77 2433
77 3587
77 2335
78 2435
78 273
78 89
79 2790
79 3551
79 3545
79 269
79 1519
79 3518
80 93
80 1307
80 95
81 3435
81 3323
81 3440
82 2857
82 3391
82 3563
82 3390
82 3201
83 1362
83 1295
83 706
84 707
84 708
84 709
85 3555
85 2941
85 3554
86 2885
86 257
87 272
87 3016
87 2661
88 2659
88 2661
88 274
89 273
89 3016
90 91
90 3483
91 2826
92 94
92 513
92 3017
93 3017
93 95
94 302
95 2333
96 2332
96 2663
96 621
97 438
97 439
97 3425
98 99
98 105
98 3377
99 3425
99 440
100 440
100 101
100 447
101 102
101 118
102 3425
102 117
103 2253
103 467
103 117
104 993
104 123
104 124
105 146
105 3377
106 232
106 3377
106 2791
107 498
107 2403
107 499
108 2403
108 1023
109 824
109 147
109 125
110 279
110 277
110 2454
111 436
111 433
111 430
112 427
112 426
112 436
113 2916
113 173
113 2915
114 115
114 2646
114 2650
115 411
115 2762
116 430
116 233
116 439
117 235
117 233
118 448
118 450
118 235
119 456
119 236
119 234
120 456
120 291
120 461
121 461
121 122
122 555
122 557
123 602
123 125
124 992
124 147
125 823
126 618
126 2826
126 275
127 1367
127 715
127 1356
127 1366
128 1368
128 1377
128 1356
128 1350
129 1466
129 1465
129 3184
130 1464
130 3186
130 1466
131 3279
131 308
131 3278
132 308
132 3500
132 133
133 3501
133 3502
134 3070
134 2540
134 3073
135 411
135 290
135 408
136 2280
136 466
136 460
137 238
137 554
137 2280
137 555
138 2389
138 139
138 2391
139 140
139 2387
139 2389
140 2385
140 293
140 2974
141 3512
141 2393
141 1916
141 2392
142 704
142 752
142 3536
143 927
143 144
143 3537
144 753
144 3537
145 3407
145 2672
145 2825
146 993
146 2935
147 990
148 1002
148 226
148 977
148 151
149 1046
149 1052
149 150
150 1051
150 2590
151 225
151 3369
151 1051
152 153
152 296
152 404
152 1042
153 402
153 2627
153 154
154 2627
154 157
155 1093
155 156
155 2753
156 1093
156 157
157 297
157 404
158 346
158 1079
159 2925
159 1251
159 2922
160 2742
160 1241
160 2924
161 392
161 306
161 307
162 307
162 503
162 502
163 3181
163 1233
163 3051
164 3051
164 3182
164 3183
165 3384
165 1318
165 3276
166 167
166 1441
166 3260
166 1320
167 1325
167 1323
168 169
168 1323
168 1321
169 1319
169 3277
169 3276
170 1441
170 2549
170 1455
171 1486
171 551
171 2549
172 2917
172 422
172 2916
173 2762
173 2915
174 175
174 2906
175 176
175 2899
176 2902
176 2899
177 199
177 2900
177 2905
178 210
178 179
178 207
179 1728
179 180
180 181
180 1728
181 2564
181 2560
181 2562
182 2564
182 211
182 212
183 184
184 185
184 2555
185 2561
185 2555
186 2562
186 187
186 209
187 2355
187 209
188 204
188 2300
188 2887
189 2300
189 205
189 2886
190 2912
190 3324
190 191
191 2912
191 197
192 2907
192 193
192 2910
193 508
193 2910
194 508
194 3325
194 2908
195 416
195 415
195 417
196 3325
196 491
196 2651
197 2904
197 2909
198 2897
198 201
198 199
199 201
200 2905
200 2901
200 2902
201 2899
202 2653
202 2897
202 203
203 2655
203 2896
204 2299
204 1730
205 2886
205 206
206 487
206 2299
207 210
207 2357
208 2356
208 253
208 2355
209 210
211 2358
211 212
212 213
213 214
215 216
215 298
215 277
216 217
216 953
217 955
217 2481
218 963
218 956
218 3041
219 377
219 220
219 387
219 376
220 388
220 377
221 2458
221 388
221 389
222 2458
222 2703
222 397
222 398
223 2632
223 2615
223 2703
224 2621
224 1064
224 2625
225 1064
225 2508
226 227
226 1009
227 989
227 228
228 1012
228 1011
229 2261
229 230
229 3006
230 1017
230 1016
231 1028
231 2791
231 232
232 1017
233 467
234 2757
234 2939
235 288
236 454
236 2757
237 286
237 494
237 290
237 466
238 1734
238 3413
239 2650
239 2645
239 3077
240 3077
240 2285
240 245
241 2645
241 2647
241 3076
242 2258
242 3076
242 2274
243 2274
243 250
243 480
244 2288
244 2286
244 3078
245 2285
245 2284
246 2284
246 3079
246 2287
247 2275
247 2649
247 2652
248 3411
248 3225
248 2259
249 2276
249 485
249 2258
250 480
250 251
251 2259
251 3411
252 2259
252 2275
252 2276
253 2559
253 2355
254 1740
254 3205
254 2714
255 1613
255 1660
255 3213
256 2960
256 2398
257 3147
258 2267
258 3147
258 2487
259 3564
260 3580
260 2730
260 1183
261 1192
261 544
261 1207
262 1184
262 3208
262 3207
263 3209
263 3208
263 3565
264 2186
264 2212
264 2210
265 2195
265 266
265 3253
266 2571
267 3390
267 2576
267 550
268 3061
268 1514
268 3283
268 3074
268 3071
269 3064
270 1438
270 271
270 2866
271 2660
271 1438
272 3016
272 2668
273 2824
274 2660
274 2824
275 738
275 736
276 3482
276 748
276 746
277 2454
278 2454
278 2664
278 2665
279 2444
279 2633
280 2852
280 281
280 282
281 1182
281 2852
282 2681
282 3571
283 284
283 343
283 337
284 355
284 335
284 351
285 2859
285 379
285 365
286 463
286 289
287 452
287 288
287 289
288 408
289 290
291 460
291 2715
291 458
292 735
292 2296
292 293
293 2386
294 1069
294 3368
294 386
295 1072
295 1073
295 1068
296 1044
296 1073
296 1046
297 403
297 401
298 2976
298 842
299 958
299 300
299 954
300 2662
300 957
300 959
301 303
301 1305
302 1305
303 2783
304 2692
304 2691
304 2334
305 2833
305 1355
305 1349
305 3331
306 2835
306 307
306 3066
308 1474
308 1498
309 3432
309 311
309 3228
310 3290
310 3433
310 3434
311 3060
311 1503
312 729
312 3365
312 3366
312 727
313 3467
313 314
313 3466
314 315
314 3223
315 3306
315 1436
316 1539
316 1431
316 1422
317 318
317 2337
318 2338
318 3584
319 2337
319 614
319 320
320 2339
320 3587
321 616
321 635
321 615
322 617
322 3038
322 612
322 3319
323 324
324 325
325 326
325 610
326 682
326 3347
326 3023
327 790
327 328
327 793
328 329
328 2321
329 333
329 2321
330 802
330 331
331 1691
331 332
332 333
332 3085
333 2828
334 3557
334 2566
335 343
335 336
336 344
336 347
337 338
337 355
338 368
338 3053
339 3052
339 3050
339 3049
340 341
340 1240
340 1241
340 342
341 345
341 342
342 1233
343 344
344 2932
345 347
345 357
345 2932
346 361
346 2931
346 1085
347 348
347 358
348 2614
348 349
348 350
349 401
349 352
350 351
350 353
351 365
352 353
352 379
353 354
355 356
357 359
357 2742
358 359
358 361
359 360
360 361
360 362
362 362
363 2859
363 366
363 367
364 366
365 366
367 2863
368 369
368 513
370 371
370 375
370 379
371 372
371 374
372 373
372 376
373 374
374 375
375 2859
376 380
377 378
379 380
380 381
381 382
381 387
382 383
382 389
383 384
383 391
384 385
384 401
385 386
385 2346
386 1075
387 388
387 389
389 391
390 2459
391 2459
392 405
392 3052
393 396
393 3067
393 2709
394 2705
394 395
394 3066
395 3066
395 2706
396 2270
396 2706
397 2815
397 2481
398 1075
398 399
400 1075
400 1071
400 2615
402 3368
402 2347
403 2347
403 2627
404 2847
405 471
405 1216
406 2688
406 409
406 408
407 2688
409 410
409 2256
410 413
410 411
412 413
413 418
414 422
414 418
414 417
414 423
417 2803
418 419
419 420
419 421
422 424
424 427
424 467
424 2769
425 426
426 2769
426 2767
427 428
429 431
430 431
431 432
433 435
433 434
435 436
435 1020
437 3000
438 2791
438 3000
439 3000
440 441
441 442
441 445
442 443
442 444
446 447
447 448
448 449
450 451
450 2939
451 2755
451 452
452 453
453 2755
453 455
454 2758
454 455
455 2757
456 457
459 460
460 2759
461 462
462 556
463 2758
463 464
464 465
464 466
468 3047
468 3048
468 3277
469 470
469 3510
469 3385
469 1330
470 471
470 3511
471 3383
472 1264
472 1213
472 473
473 1266
473 1223
473 1263
474 1228
474 3046
474 1225
475 476
475 1234
475 1235
476 1245
476 1252
477 3508
477 3581
477 3506
477 3507
478 1336
478 1339
478 3505
479 492
479 2294
480 3078
481 482
481 2287
481 2288
483 484
483 3225
484 515
485 492
486 487
486 2837
486 3040
487 488
488 489
488 2299
489 490
490 1730
490 520
491 2837
491 3080
492 493
493 2277
493 2295
494 3079
494 495
495 2252
495 2281
496 2837
496 498
496 3400
497 499
497 1019
498 499
500 501
500 502
500 1318
502 1349
503 1346
503 1348
504 1343
504 1344
504 1300
505 506
505 1299
505 1342
506 507
506 707
507 706
507 707
508 2908
509 836
509 2802
509 510
510 600
511 816
512 821
512 602
512 813
513 3017
514 518
514 519
514 515
515 2252
516 517
516 2711
517 3128
517 2711
519 520
521 3563
522 2781
523 2781
523 2126
523 2565
524 1695
524 1692
524 1670
525 1669
525 1670
525 1668
526 527
526 2180
526 2178
527 3595
527 528
528 529
528 2176
529 530
529 1191
530 2175
530 2173
531 532
531 2165
531 2173
532 2168
532 2167
533 2200
533 3210
533 2198
534 3555
534 2958
534 2575
535 2964
535 2957
535 2955
536 3228
536 3553
536 3556
537 3206
537 3497
538 2717
538 3206
538 3496
539 3484
539 1964
539 3089
540 731
540 3484
541 3173
541 542
541 3488
542 3088
542 848
543 2395
543 3150
543 2396
544 1185
544 1203
545 2196
545 1185
545 1206
546 547
547 2197
547 548
548 2200
549 2575
549 2962
549 2964
550 2576
550 2958
551 1491
551 2657
552 1491
552 553
552 1490
554 608
554 2281
555 2712
556 557
556 734
557 735
558 608
558 559
558 3413
559 3240
559 3239
560 1731
560 561
560 3241
561 3238
561 3241
562 1735
562 563
562 3412
563 564
563 1734
564 3322
564 1736
565 566
565 1736
565 2348
566 1746
566 2348
567 2348
568 569
569 1832
570 2367
571 1905
571 2368
571 2550
572 573
572 2858
572 575
573 1875
573 574
574 576
574 575
575 1891
576 1879
576 1881
577 2748
577 578
577 2878
579 2550
579 1903
579 580
580 1942
580 3272
580 2312
581 1947
581 1934
581 582
582 1952
582 583
583 1939
583 584
584 585
584 1943
585 586
586 588
586 587
587 589
588 2972
588 1958
589 769
589 772
590 591
591 592
591 758
592 3515
592 2393
593 3454
593 2385
594 3451
594 3454
595 874
595 870
595 3448
596 597
596 865
596 866
597 854
598 599
598 855
598 854
599 601
599 600
600 856
601 937
601 854
602 812
602 820
603 2926
603 604
603 2931
604 2931
604 605
605 606
605 3034
606 3034
606 607
607 2753
607 2926
608 3413
608 2713
609 613
609 611
609 610
611 635
611 612
612 3038
613 3462
613 2272
614 637
614 2272
615 629
615 628
616 3319
616 3038
617 627
617 655
618 2838
618 2826
619 2241
619 620
619 623
620 948
620 949
621 948
622 625
622 660
622 669
623 624
623 674
624 945
624 947
625 665
625 660
626 657
626 675
626 665
627 628
627 2245
628 651
629 633
629 630
630 639
630 648
631 2435
631 641
631 2336
632 638
632 636
632 642
633 634
633 638
634 635
634 636
635 637
636 637
638 639
639 643
640 2434
640 2336
640 2433
641 642
641 2435
642 2335
643 3016
643 644
644 647
644 645
645 649
645 646
645 648
646 652
646 650
647 2670
647 2671
648 651
649 650
649 2838
650 654
651 652
652 653
653 654
653 655
654 655
656 670
656 659
656 2436
657 658
657 659
658 663
658 659
660 661
661 662
661 663
662 666
662 699
662 2436
663 664
664 2988
664 665
666 669
666 667
667 673
667 674
668 669
671 677
671 679
671 672
671 678
672 688
672 679
673 701
673 699
674 753
675 676
676 678
676 677
677 2436
678 681
679 3189
680 3189
680 750
680 702
681 686
681 682
682 3023
683 695
683 693
683 684
684 694
684 696
684 685
685 3022
685 3021
686 690
686 687
687 689
687 691
688 691
688 694
689 692
689 690
690 695
691 692
692 693
693 694
695 696
696 697
698 3023
699 700
700 701
700 3189
701 750
702 754
702 3022
703 3021
703 704
703 3022
704 755
705 1794
705 1791
706 708
708 709
709 710
710 711
710 712
711 2644
711 712
712 714
713 2641
713 714
713 2642
714 2641
715 2643
715 2644
716 1357
716 1452
716 1388
716 3541
717 1512
717 718
717 2574
718 719
718 3294
719 3292
719 720
720 721
720 3009
721 3423
721 3315
722 2573
722 3318
722 3315
723 3211
723 727
723 730
724 725
724 3211
724 3589
725 2574
725 3431
726 727
726 728
726 3588
728 1436
728 3588
729 730
729 1629
729 1633
730 3212
731 2118
731 2972
732 1661
732 2125
732 2124
733 3224
733 1633
733 1649
734 735
734 2298
736 737
736 746
737 738
737 739
739 744
740 1306
740 1302
740 1304
741 1297
741 2260
741 2690
742 3407
742 743
742 1296
743 1296
743 1297
744 745
744 746
745 749
745 747
745 1304
746 747
747 748
748 2244
749 2785
749 2787
750 753
750 754
750 751
751 755
751 752
752 3537
754 755
756 3535
756 761
756 2320
757 2861
757 775
757 2302
759 761
759 766
759 768
760 761
760 901
760 915
761 762
762 2302
762 3515
763 2345
763 766
764 767
764 765
765 3513
767 2345
769 775
769 770
771 772
772 2971
773 774
774 2279
774 775
776 777
776 3101
776 3498
777 782
778 852
778 849
778 2710
779 3316
779 3011
779 3423
780 3316
780 3309
780 3464
781 783
781 1674
781 782
782 2827
783 784
783 1673
785 3347
785 786
785 2827
786 787
786 790
787 2987
787 788
788 792
788 794
788 809
789 798
789 799
789 809
790 2827
791 1696
791 3091
791 3573
793 3093
793 794
794 3495
794 797
795 796
796 1962
796 799
797 799
797 2491
800 3092
800 3091
800 801
801 2271
801 2341
802 1683
803 3099
803 2342
803 811
804 3099
804 1703
804 1707
805 3098
805 811
805 1960
806 2344
806 2343
806 3097
807 1960
807 2344
807 2968
808 3347
809 810
810 810
811 3098
812 814
812 813
813 818
814 816
814 815
816 817
818 819
818 2937
820 3375
820 3376
821 3375
821 2798
822 2798
822 2797
823 826
824 2990
824 825
825 826
825 830
826 827
826 832
827 828
827 3376
828 829
828 2802
830 831
830 832
831 834
831 3371
832 834
833 3371
833 3373
833 3374
833 3372
834 843
835 843
835 836
836 837
838 2985
838 840
838 842
839 840
839 843
839 842
840 841
844 2111
844 2112
844 2030
844 3132
845 1981
845 846
845 1988
846 1978
846 2037
847 2036
847 1978
847 3398
848 3089
848 3088
849 1628
849 850
850 851
850 852
853 2113
853 3116
853 2115
856 857
856 3447
857 2982
857 859
858 859
859 861
860 863
861 862
861 863
863 3446
864 3447
864 2278
864 3446
865 3381
865 870
866 934
866 937
867 3455
867 868
867 3453
868 871
868 869
869 872
869 873
870 873
871 872
871 3379
872 3380
873 3379
874 875
874 3382
875 878
875 3382
876 887
876 877
876 885
877 919
877 934
878 879
878 888
879 882
879 3382
880 882
880 880
881 882
881 883
881 2992
883 884
883 885
883 888
885 886
888 889
889 907
889 895
890 3450
890 892
890 2855
891 892
892 895
892 893
893 898
893 894
894 3415
894 3452
895 896
895 897
897 898
899 900
899 907
899 902
900 901
900 904
900 3514
901 905
902 903
902 3235
905 3514
906 3514
907 908
909 931
909 929
909 917
910 913
910 929
910 914
911 912
911 913
911 2687
912 913
912 925
914 916
914 3014
915 3014
915 2687
917 918
917 2862
919 920
919 2862
920 921
920 2862
921 922
921 3517
922 3516
922 923
924 928
924 926
925 926
925 927
927 941
928 930
928 929
930 931
930 943
931 2449
932 2664
932 933
932 2437
933 2492
934 935
935 2633
935 2444
936 937
936 2444
938 2441
938 2456
938 2442
939 951
939 943
939 940
939 2442
940 947
940 946
941 945
941 942
942 946
942 943
943 2431
944 2431
945 946
947 948
950 2789
950 951
951 2331
952 953
952 3039
953 954
954 955
955 956
956 958
956 3041
957 963
957 958
959 960
959 2244
960 961
961 2639
961 962
963 2639
964 970
964 3370
965 987
965 970
965 974
966 972
966 967
967 3370
967 971
968 971
968 987
968 2999
969 970
970 971
971 972
973 3372
973 974
974 988
975 976
975 2497
975 2999
976 2497
976 1001
977 3427
977 2496
978 3373
978 2990
978 979
980 984
980 981
980 3596
981 990
981 996
982 984
982 1003
982 983
984 985
986 3597
986 3596
987 988
988 1003
989 992
989 1011
989 999
990 991
991 992
991 996
992 994
993 994
994 995
995 995
996 997
997 1004
997 998
998 1000
998 1007
999 1007
999 1006
1000 1008
1000 1002
1001 1002
1001 1003
1002 1004
1004 1005
1005 1005
1007 1008
1008 1009
1009 1010
1011 3378
1012 1014
1012 1013
1014 1015
1014 3006
1017 1018
1019 2667
1019 1020
1020 2736
1021 1022
1022 2911
1022 2907
1023 2405
1023 2462
1024 2893
1024 2463
1024 1025
1025 2465
1025 3399
1026 2462
1026 1027
1026 2736
1027 2736
1027 2463
1028 2788
1028 2918
1029 1038
1029 2933
1029 2918
1030 2698
1030 1031
1030 1037
1030 3144
1031 2933
1031 3410
1032 2871
1032 3400
1032 3402
1033 3401
1033 1035
1033 2888
1034 1036
1034 1035
1034 2868
1035 2872
1036 2921
1036 2892
1037 2888
1037 2889
1038 3144
1038 2975
1039 2590
1040 2612
1040 1042
1040 2623
1040 1041
1041 1099
1041 2630
1042 1043
1044 1045
1044 3579
1045 1046
1047 2613
1047 1071
1047 1066
1048 1065
1048 1056
1048 1061
1049 1057
1049 1053
1049 1050
1050 1051
1050 1052
1052 1053
1053 2616
1054 1057
1054 1059
1054 1055
1056 1059
1056 2628
1057 1058
1059 1060
1060 1060
1061 2629
1061 1062
1062 1064
1062 2618
1063 1066
1063 2618
1063 1065
1065 2624
1066 1067
1067 2611
1067 1068
1068 1069
1069 1070
1070 2619
1071 2619
1072 1072
1073 1074
1076 2460
1076 1077
1076 3399
1077 1078
1077 2735
1078 2818
1078 3031
1079 1080
1079 2922
1080 1081
1080 1084
1080 1082
1081 1249
1081 1251
1083 2592
1083 2597
1083 1086
1084 2592
1084 1085
1085 1086
1086 1087
1087 1137
1087 1123
1088 1289
1088 1089
1088 2596
1089 1172
1089 2599
1090 2599
1091 1092
1091 1105
1091 1120
1091 1112
1092 2697
1092 1121
1093 1094
1094 1095
1094 2846
1095 1097
1095 1096
1096 1101
1096 1100
1097 1101
1097 1105
1098 1100
1098 1099
1098 2623
1099 2623
1099 3043
1100 1101
1102 2507
1102 1103
1102 2845
1103 2699
1103 2498
1104 2741
1105 2850
1105 1120
1106 2850
1106 1108
1107 3033
1107 2864
1107 1115
1108 2864
1108 1109
1109 1110
1109 2864
1110 1113
1110 1112
1111 1113
1111 1112
1111 1116
1113 1114
1114 1115
1114 1116
1115 2845
1116 1118
1117 1118
1118 2697
1118 1119
1120 1121
1121 1126
1122 1130
1122 2693
1122 2502
1123 1135
1123 1141
1124 2466
1124 1125
1124 1141
1125 1127
1125 1133
1125 2477
1126 1130
1126 1127
1127 1131
1127 2472
1128 2695
1128 1130
1128 2472
1129 2695
1131 1132
1131 1133
1133 1134
1135 1137
1135 1138
1136 1137
1138 1139
1138 1146
1139 1140
1139 1142
1139 1145
1140 1155
1140 1151
1141 2468
1142 2468
1142 1148
1143 1144
1144 3178
1144 1145
1145 3178
1146 1147
1146 2599
1148 1149
1148 1150
1151 3035
1151 1152
1151 1153
1152 3178
1152 3179
1153 1154
1153 3180
1154 1157
1154 1155
1155 2860
1156 1157
1157 1160
1157 1158
1159 1164
1159 3339
1159 3342
1159 1160
1160 1161
1162 1163
1162 1168
1162 3333
1164 3336
1164 3333
1165 3103
1166 3177
1167 2684
1167 2686
1167 2953
1168 2686
1168 1169
1169 2685
1169 2952
1170 2604
1170 1172
1170 2602
1171 1173
1171 2601
1171 1290
1172 2602
1173 2601
1173 3345
1173 3346
1174 1175
1174 2682
1174 2680
1175 1179
1175 1180
1176 1181
1176 1178
1177 1178
1177 1179
1177 3105
1178 2554
1179 1180
1180 1181
1181 3402
1182 2680
1182 3403
1183 1184
1183 3580
1184 2185
1185 1186
1186 1186
1187 1188
1187 2248
1187 3569
1188 1189
1188 1193
1189 1190
1189 1193
1190 1208
1190 1204
1191 3595
1191 1200
1193 3570
1194 1211
1194 1209
1194 1196
1195 2246
1196 1200
1196 1198
1197 1198
1198 1199
1200 1201
1201 1205
1201 1204
1202 2181
1202 1206
1202 1205
1203 3569
1203 1206
1203 3570
1204 1205
1207 3207
1207 3209
1208 1209
1208 2920
1209 1210
1211 1212
1211 2246
1213 1214
1213 3008
1214 1221
1214 1215
1216 3008
1216 1264
1217 1221
1217 1218
1217 3008
1218 1219
1218 1220
1220 1221
1220 1222
1223 3229
1223 1224
1224 1224
1225 1257
1225 1226
1226 1227
1227 1231
1229 1239
1229 1231
1229 1230
1230 1239
1230 1234
1231 1232
1231 3182
1233 3051
1234 1235
1235 1236
1236 1237
1236 1256
1237 1256
1237 3045
1238 3045
1238 3046
1238 1239
1241 1243
1242 1245
1242 1248
1242 3559
1243 3558
1243 1244
1245 1251
1245 1250
1246 1247
1246 1248
1249 2596
1249 3018
1250 3018
1250 3044
1252 1253
1252 1286
1253 1286
1253 1254
1254 1280
1254 1255
1255 1276
1255 1275
1255 2928
1256 2928
1257 1258
1257 1263
1258 1276
1258 1259
1260 3383
1260 1261
1261 1262
1261 1283
1262 1271
1262 1263
1262 1267
1264 1265
1265 1267
1265 1269
1267 1268
1270 1271
1271 1277
1272 1273
1273 1277
1273 1274
1274 1275
1274 1278
1275 1279
1276 1277
1278 1283
1278 1284
1279 1280
1279 1285
1280 1285
1281 1285
1281 1282
1281 1284
1282 1288
1282 1287
1282 1286
1283 1284
1288 1289
1288 1293
1289 1291
1290 2604
1290 3037
1291 3037
1291 1292
1293 3418
1293 1294
1294 3104
1294 3106
1295 2317
1295 2659
1296 2317
1297 1301
1297 1298
1298 1299
1298 1300
1299 1344
1300 1346
1301 1308
1301 1303
1301 1312
1302 1312
1302 2260
1304 2692
1305 1306
1306 2333
1306 1310
1307 1309
1307 2557
1308 1312
1308 3232
1309 3232
1309 1310
1310 1311
1313 2268
1313 1314
1313 2708
1314 1315
1315 3232
1316 3231
1316 1320
1316 2833
1317 3231
1318 1319
1319 3231
1320 2656
1320 1321
1321 1322
1323 1326
1324 1326
1326 1327
1328 1331
1329 1331
1330 3385
1330 3048
1331 3385
1332 3507
1332 1333
1332 3509
1334 3504
1334 3505
1334 3503
1335 2240
1337 3054
1337 1338
1337 2607
1338 3056
1338 3054
1339 1340
1339 3056
1341 3114
1341 2823
1341 3583
1342 1343
1342 2641
1343 1350
1343 1348
1344 1345
1346 1347
1348 1349
1350 1351
1350 1353
1351 1352
1351 1356
1352 2983
1352 2643
1353 1354
1354 1355
1354 1359
1355 2836
1357 1358
1357 1377
1358 1359
1358 3367
1359 1360
1361 1364
1362 1366
1362 1363
1363 2640
1363 1364
1364 1366
1365 3408
1365 1398
1365 1400
1365 1366
1368 1370
1368 1376
1369 1371
1369 1370
1369 1376
1370 1371
1371 3538
1372 1375
1372 3063
1372 3538
1373 3063
1373 3062
1373 3064
1374 3062
1374 1375
1374 3065
1375 3065
1376 1377
1378 1385
1378 3547
1378 3550
1379 3518
1379 3547
1379 3519
1380 3539
1380 3551
1380 1381
1381 1383
1381 3539
1382 3546
1382 1383
1382 3552
1383 1386
1384 3548
1384 3541
1384 3542
1385 3544
1385 3519
1386 3542
1386 1387
1386 3544
1387 1387
1388 1389
1389 2836
1390 2865
1390 1391
1390 1439
1391 2434
1391 1393
1391 1438
1392 1423
1392 1420
1392 1397
1393 1394
1393 1397
1395 1396
1395 1401
1395 1400
1396 1397
1396 1399
1396 1398
1399 1403
1399 1423
1400 1407
1401 1403
1401 1424
1402 1540
1402 1420
1402 3584
1402 1539
1403 1406
1404 1405
1404 1410
1404 2996
1405 1425
1405 1417
1405 1426
1406 3586
1406 3585
1407 1408
1407 1424
1408 3460
1408 3458
1409 3461
1409 3456
1409 1410
1410 1424
1410 1411
1411 2997
1411 3422
1411 1428
1412 3456
1412 1413
1412 1417
1413 1414
1413 3456
1414 1417
1414 1415
1415 1416
1415 3457
1416 3457
1416 3458
1418 1419
1418 2865
1418 3408
1419 1439
1419 2866
1420 1421
1422 1423
1422 1430
1424 1428
1425 1426
1425 2790
1426 2994
1427 2997
1427 2995
1428 1429
1428 3359
1429 3356
1429 2778
1430 2778
1430 1432
1431 1432
1431 2570
1431 1542
1432 3356
1433 3356
1433 3360
1433 1435
1434 1556
1434 1435
1434 3467
1435 3463
1436 3363
1437 3363
1438 2867
1439 2867
1440 1444
1440 2656
1440 1442
1441 1447
1442 1443
1442 2834
1444 1444
1445 3230
1445 1447
1445 2656
1446 1447
1447 1453
1448 1457
1448 1454
1448 1453
1449 1465
1449 1463
1449 3185
1450 1451
1450 3184
1450 1452
1451 1452
1451 1453
1455 1456
1455 2457
1456 1457
1456 1458
1457 3185
1458 2529
1458 3186
1459 3061
1459 3275
1459 3568
1459 3567
1460 1462
1460 1461
1460 2541
1461 1462
1461 3568
1462 2537
1463 3185
1463 1464
1464 3186
1465 3184
1466 2390
1467 1468
1467 2540
1467 3499
1468 1469
1468 2534
1469 1470
1470 1472
1471 2532
1471 1472
1471 2535
1472 2531
1473 2533
1473 2536
1475 1498
1475 2538
1475 1476
1475 1478
1477 2538
1478 1494
1478 1492
1479 2538
1479 2539
1480 1485
1481 1482
1482 1483
1482 1493
1483 1494
1483 1498
1484 1490
1484 1492
1484 1485
1484 1487
1485 1486
1486 2539
1488 1489
1489 3590
1489 1490
1490 1491
1492 1496
1493 3591
1493 1496
1493 3592
1494 1495
1496 1497
1499 3072
1499 3261
1500 1501
1500 2957
1500 1503
1501 1502
1501 3388
1502 1504
1502 1503
1504 1505
1504 1506
1507 2483
1507 3083
1507 2752
1508 3443
1508 3437
1508 3438
1509 1528
1509 2793
1509 1512
1510 3289
1510 1528
1510 3288
1511 3326
1511 1525
1511 2794
1512 3294
1512 3133
1513 1522
1513 1518
1513 1515
1514 3295
1514 1516
1514 3290
1515 3293
1515 1520
1516 1517
1516 2792
1517 1518
1517 3135
1518 2792
1519 3134
1519 2790
1519 3292
1520 1521
1520 3294
1521 3291
1521 1522
1522 3292
1523 3296
1523 3133
1523 2794
1524 3480
1524 1525
1524 3479
1525 3479
1526 3323
1526 3321
1526 1527
1527 1527
1528 1530
1529 1530
1529 3436
1531 1536
1531 1534
1531 3323
1531 3439
1532 1537
1532 1536
1533 1534
1533 3320
1533 3441
1534 1535
1535 1538
1535 1537
1536 1538
1537 1538
1539 3468
1540 1559
1540 1561
1541 2570
1542 2568
1542 1555
1543 1550
1543 2568
1543 1546
1544 3354
1545 2780
1545 1557
1545 1560
1546 3353
1546 1547
1547 3143
1547 1548
1548 1553
1548 1550
1549 1550
1550 1554
1551 1552
1551 1559
1551 1558
1552 3175
1552 1553
1553 1554
1554 2780
1555 2991
1555 1556
1556 1560
1557 1558
1557 3355
1558 2946
1559 1589
1560 2943
1561 1599
1561 1598
1562 2942
1562 3466
1562 1574
1563 1574
1563 3003
1563 3366
1564 1572
1564 3145
1564 1566
1565 3145
1566 3145
1566 1568
1567 1568
1567 1577
1567 1575
1568 1581
1569 1581
1569 1579
1569 1571
1570 1571
1571 1572
1572 1573
1574 1575
1575 1576
1577 1582
1577 3004
1578 3004
1578 1593
1578 3351
1578 1588
1579 2944
1579 1580
1581 1585
1582 2946
1582 1584
1582 1586
1583 1584
1584 1585
1587 1649
1587 3351
1587 3214
1587 3350
1588 3015
1588 1589
1589 3015
1590 1593
1590 1594
1590 1591
1590 1596
1591 1592
1591 1594
1591 3475
1592 1592
1593 1594
1595 3474
1595 3476
1595 3475
1596 1597
1596 3470
1596 3473
1597 1599
1597 3470
1598 3015
1598 3352
1599 1604
1600 3470
1601 1602
1601 1606
1602 3476
1602 1603
1603 3474
1603 3473
1604 1619
1604 1605
1606 3477
1606 1619
1607 1608
1607 3213
1607 3477
1608 1617
1608 1626
1609 1610
1609 1617
1609 1615
1610 1611
1610 1614
1611 1612
1611 1615
1612 1613
1615 1616
1616 1617
1616 1618
1619 1623
1620 1621
1620 1623
1620 1622
1621 1625
1621 1626
1623 1624
1626 1627
1629 3212
1629 1630
1630 3224
1630 1631
1631 1635
1631 1632
1633 3224
1634 3137
1634 2745
1634 3148
1635 2745
1635 1638
1636 1638
1636 1641
1636 1642
1637 1637
1637 1639
1638 1639
1639 1641
1640 1642
1640 1641
1643 3137
1643 1644
1643 1645
1645 3156
1645 1650
1646 1647
1646 1648
1647 1647
1648 1650
1649 1650
1649 3217
1650 1651
1652 3217
1652 1660
1652 3216
1653 1654
1653 1656
1653 2970
1654 1655
1655 3472
1655 2970
1656 1658
1656 1657
1657 2969
1657 2490
1658 1659
1658 1662
1660 3215
1660 3214
1661 2490
1661 1662
1662 2489
1663 2484
1663 2250
1663 3471
1664 2408
1664 1674
1664 1672
1665 1667
1665 1668
1665 2710
1666 1667
1667 3259
1668 3414
1669 1677
1669 1675
1670 1675
1671 3414
1671 1678
1671 1679
1672 1684
1672 1679
1673 3102
1673 1684
1675 1676
1676 1686
1676 1677
1677 3414
1678 1687
1678 1686
1678 1685
1679 1682
1680 1682
1681 1682
1683 1684
1683 3090
1686 1689
1687 1688
1687 1689
1689 1690
1690 3424
1690 1691
1691 3085
1693 1694
1693 3424
1693 1695
1695 1709
1696 1699
1696 3100
1697 1701
1697 3424
1697 1698
1698 1699
1698 3349
1699 3424
1700 1701
1700 1707
1700 2772
1701 1702
1702 1703
1702 1704
1703 1704
1704 3096
1705 3486
1705 1706
1706 1708
1707 2773
1708 1712
1708 3174
1709 2565
1709 3174
1710 1713
1710 1711
1710 2773
1712 1713
1712 1714
1713 1714
1714 2774
1715 3057
1715 3058
1716 1718
1717 1720
1717 1718
1718 1719
1719 1721
1720 3059
1720 1723
1721 1725
1721 1722
1721 1723
1723 1724
1725 3059
1725 1726
1727 2894
1728 2282
1729 2555
1729 1730
1732 2525
1732 2413
1733 2551
1733 1830
1733 3001
1734 2714
1736 1737
1738 1739
1738 1754
1738 2524
1739 1753
1739 1766
1740 1741
1740 2829
1742 1743
1743 1753
1743 1755
1744 2829
1745 1751
1745 1746
1745 1747
1746 1747
1747 1748
1748 1749
1748 1750
1751 1752
1751 1754
1753 1754
1755 1756
1755 1757
1757 1758
1757 1759
1759 1769
1759 1763
1760 1786
1760 1761
1760 2515
1761 1788
1761 1855
1762 1800
1762 3242
1762 1772
1763 2513
1763 2509
1764 1767
1764 2513
1764 2515
1765 1805
1765 1766
1767 1768
1767 2510
1769 1770
1769 1783
1770 1774
1770 1773
1771 1778
1771 1785
1771 1772
1772 1797
1774 1776
1774 1775
1776 1777
1776 1778
1778 1779
1778 1782
1779 1781
1779 1780
1783 2511
1783 2515
1784 2517
1784 1785
1784 2511
1786 1787
1789 1790
1789 1793
1789 1792
1791 1792
1791 1840
1791 3520
1792 1794
1793 3520
1793 2411
1794 3204
1795 1796
1795 3204
1797 2521
1797 1800
1798 1820
1798 1826
1799 2325
1799 2839
1800 1816
1801 1813
1801 1810
1801 1837
1802 1806
1802 1808
1802 1811
1803 2739
1803 1806
1804 2739
1805 2552
1805 3242
1806 1807
1808 1809
1808 1812
1808 1810
1810 1816
1812 1814
1812 1813
1813 2740
1814 1815
1815 3386
1816 1817
1817 1818
1817 1819
1820 2521
1820 1822
1821 1824
1821 1822
1821 1831
1822 1823
1824 1828
1824 1825
1824 1826
1825 1831
1825 1830
1826 1827
1828 1829
1828 1830
1831 1837
1832 2525
1832 1833
1833 1834
1833 2551
1834 1839
1834 1835
1835 1839
1835 1836
1836 1839
1836 1838
1837 1838
1838 2740
1840 1841
1840 1848
1841 1846
1841 1844
1842 1843
1842 1851
1842 1849
1843 1853
1843 1848
1844 1845
1844 1847
1846 1848
1846 1847
1847 1849
1849 2819
1849 1850
1852 2362
1852 2363
1852 2382
1852 1868
1853 2363
1853 2382
1854 2362
1854 2382
1854 1856
1855 2384
1855 2411
1856 2384
1856 2382
1857 1860
1857 3264
1857 3523
1858 1859
1858 1867
1858 1862
1860 2370
1860 1868
1861 1871
1861 2374
1861 1863
1862 1863
1862 1913
1863 2746
1864 1871
1864 1867
1864 1865
1865 1873
1865 1866
1867 2322
1868 1869
1868 2362
1869 2364
1869 1872
1870 1871
1870 1873
1870 1872
1872 1873
1873 2328
1874 3250
1874 3249
1874 3522
1875 1877
1875 1876
1876 1877
1877 1880
1878 1880
1878 1879
1879 2748
1881 2353
1881 1882
1882 2808
1884 1886
1885 2352
1885 1886
1885 2353
1886 1887
1887 1900
1887 2354
1887 2352
1888 1899
1888 1896
1888 2354
1889 1893
1889 2003
1889 1890
1890 1896
1890 1895
1891 1893
1891 1892
1893 1894
1896 3176
1897 3176
1898 3176
1900 1901
1900 1902
1901 2677
1901 2352
1903 1904
1903 2550
1904 1906
1904 1905
1905 2367
1907 3524
1907 3525
1907 1909
1908 2381
1908 1913
1908 1912
1909 1910
1909 2381
1909 3262
1910 2412
1910 2310
1911 1918
1911 1928
1911 1926
1913 3263
1914 3248
1914 1915
1914 1916
1916 1917
1918 2412
1918 1919
1920 1922
1920 3531
1920 1926
1921 1931
1921 1934
1921 1938
1923 1928
1923 2609
1923 1924
1923 1927
1924 1930
1924 1932
1924 1929
1925 1927
1925 3529
1925 2318
1926 3271
1927 2314
1928 1940
1929 1938
1929 1940
1930 2376
1931 1932
1931 2312
1932 2610
1932 2311
1933 2608
1934 1935
1935 1936
1935 1937
1938 1939
1939 1941
1940 3521
1942 1945
1942 1944
1943 1944
1943 1956
1944 1951
1946 2003
1947 1949
1947 2312
1948 1949
1949 1950
1951 1952
1951 1954
1952 1955
1953 1954
1954 1955
1955 2553
1956 3187
1956 1957
1959 1962
1959 3173
1959 1963
1960 2817
1961 1962
1961 2817
1961 3173
1963 2771
1963 2842
1964 2127
1964 2831
1965 2137
1965 2133
1965 2993
1966 2031
1966 3489
1966 3086
1967 3494
1967 3493
1967 2771
1968 3394
1968 3397
1968 3393
1968 3396
1969 3394
1969 1970
1969 1972
1970 3478
1970 1971
1972 2586
1972 3396
1973 1976
1973 3395
1973 3397
1974 1975
1974 1980
1974 1976
1975 1983
1975 1982
1976 1977
1978 1979
1982 1982
1983 1987
1983 1986
1984 1986
1985 1986
1985 2947
1985 1987
1985 1990
1987 1998
1988 2038
1988 2015
1988 2947
1989 1998
1989 1993
1989 1990
1990 1996
1991 1993
1991 1992
1991 1995
1992 2673
1992 2000
1993 1994
1997 2020
1997 2019
1997 2018
1998 1999
1999 2000
1999 2001
2000 2001
2001 3533
2002 2009
2002 2006
2002 3118
2003 3120
2004 2005
2004 3533
2004 2006
2006 2749
2007 2749
2007 2807
2008 3534
2009 2676
2009 2011
2010 2676
2010 2011
2010 2675
2010 2016
2011 2012
2012 2013
2012 2673
2013 2949
2013 2018
2014 2980
2014 2029
2014 2675
2015 2109
2015 2019
2016 2018
2016 2017
2018 2023
2019 3327
2020 3327
2020 3237
2021 2023
2021 3132
2021 2674
2022 2674
2023 2026
2024 2025
2024 2026
2025 2025
2027 2028
2027 2109
2027 3285
2029 2030
2030 2315
2031 2071
2031 2075
2032 3172
2032 2096
2032 2062
2033 2429
2033 2060
2033 2117
2034 2068
2034 2080
2034 2098
2034 2036
2035 2088
2035 2134
2035 2065
2036 3012
2037 2043
2037 3012
2037 2040
2038 2417
2038 3167
2039 3165
2039 2042
2039 3167
2039 3158
2040 2049
2040 2041
2042 2043
2042 2044
2043 3158
2045 2049
2046 2067
2046 2047
2046 2812
2047 2879
2047 2812
2048 2050
2048 2812
2048 2811
2049 2057
2049 2056
2050 2052
2050 2051
2052 2057
2052 2054
2053 2054
2054 2055
2055 2056
2055 2057
2056 3159
2057 2058
2058 2059
2058 2062
2058 3188
2059 2060
2059 2062
2060 2061
2060 2106
2061 2429
2061 2810
2063 3236
2063 2809
2063 3188
2064 3162
2064 2811
2064 2066
2065 2582
2065 2164
2065 2143
2066 2813
2066 3160
2067 3161
2067 2814
2068 2071
2068 2076
2069 2578
2069 2076
2069 2073
2070 2578
2070 2082
2070 2084
2070 2083
2071 2072
2072 2073
2072 2077
2073 2074
2074 2075
2075 2134
2076 2077
2077 2078
2079 2082
2079 2080
2079 2585
2080 2081
2082 2083
2083 2101
2084 2085
2084 2088
2085 2086
2085 2088
2086 2090
2086 2089
2087 2581
2087 2107
2087 2721
2090 2581
2090 2092
2091 2102
2091 2094
2091 2101
2092 2094
2092 2093
2094 2095
2096 2097
2096 2100
2097 2098
2097 2099
2098 3172
2100 2101
2100 2106
2102 2103
2103 2107
2104 2106
2104 2107
2104 2105
2105 2117
2105 2582
2108 2419
2108 2415
2108 2950
2108 2110
2109 2415
2110 2428
2110 2111
2111 3116
2112 2950
2112 3284
2113 2114
2113 2115
2114 2116
2114 2750
2116 2427
2116 2430
2117 2430
2118 2123
2118 2119
2119 2120
2119 3484
2120 2775
2120 2776
2121 2775
2122 2123
2122 2776
2122 2124
2123 2124
2125 2126
2125 3348
2126 2133
2127 3492
2127 2129
2128 3492
2128 3491
2128 3490
2129 2131
2129 2132
2130 2131
2131 2132
2132 2133
2133 2134
2135 2140
2135 3170
2135 2137
2136 3170
2136 2144
2136 2146
2137 2138
2139 2140
2140 2141
2142 2151
2142 2143
2142 2146
2143 2144
2143 2152
2144 2583
2145 2580
2146 2149
2147 2149
2148 2149
2149 2150
2151 2160
2151 2167
2152 2153
2152 2158
2152 2159
2153 2156
2153 2155
2154 2156
2156 2157
2159 2164
2159 2162
2161 2166
2162 2165
2162 2163
2163 2164
2163 2750
2165 2750
2166 2169
2166 2167
2168 2169
2168 3577
2169 2170
2170 2172
2170 2171
2173 2174
2174 2175
2176 2179
2177 2180
2177 2179
2177 2178
2178 2179
2182 2204
2182 2185
2182 3227
2182 3198
2183 3227
2183 2183
2184 3226
2185 3226
2186 2204
2186 2189
2187 2194
2187 2189
2187 3256
2188 2192
2188 2189
2188 2257
2190 2191
2191 2193
2191 2192
2192 2257
2193 3252
2193 2194
2194 2257
2198 3578
2198 2199
2200 2201
2202 3198
2202 3566
2202 3199
2203 2209
2203 3027
2203 2207
2203 3028
2204 2211
2205 3193
2205 2209
2205 2206
2205 2211
2206 2726
2206 2208
2207 2208
2207 2723
2208 2209
2208 3029
2209 2210
2210 2211
2212 3255
2212 2227
2213 2235
2213 2214
2213 2216
2215 2216
2216 2218
2216 2217
2218 2220
2218 2223
2219 2220
2220 2221
2221 2223
2221 2222
2223 2224
2224 2233
2224 2225
2226 3258
2227 2229
2227 2228
2229 2231
2229 2230
2231 2233
2231 2232
2233 2234
2235 2236
2235 3254
2237 2238
2237 3557
2237 2857
2239 2240
2240 3504
2241 2242
2243 2719
2243 2244
2246 2247
2249 2485
2250 2251
2251 2485
2252 2832
2253 2255
2253 2254
2258 2274
2262 2264
2262 2263
2263 2266
2264 2265
2265 2267
2266 2267
2269 2558
2269 2707
2269 2270
2270 2707
2272 2273
2275 2276
2277 2647
2277 2648
2278 2298
2278 2296
2280 2281
2283 2841
2283 2358
2284 3079
2285 2286
2286 3078
2287 2288
2289 2891
2289 2290
2289 2921
2290 3409
2290 2291
2291 3202
2291 2292
2292 2667
2293 2667
2293 2788
2293 3202
2294 3080
2294 3081
2295 3080
2295 3040
2296 2297
2297 2298
2300 2887
2301 2302
2303 2965
2303 2885
2303 2963
2304 2882
2304 2965
2304 3150
2305 2308
2305 3444
2305 2961
2306 2956
2306 2959
2306 3233
2307 2884
2307 3151
2307 2883
2308 2959
2308 3444
2309 2412
2315 3219
2315 3218
2316 2317
2318 2318
2319 2320
2320 2687
2322 2323
2323 2324
2324 2325
2326 3140
2326 2327
2326 3138
2327 2327
2328 2364
2328 2329
2330 2331
2330 2448
2330 2789
2331 2446
2332 2634
2334 2783
2335 2433
2336 2434
2337 3462
2338 2339
2338 3584
2339 3587
2340 3101
2340 3332
2341 3094
2341 3495
2342 2343
2342 3099
2343 3097
2344 2973
2345 3515
2347 3368
2349 2839
2349 2840
2349 2384
2349 2350
2351 2354
2352 2353
2356 2357
2356 2895
2357 2895
2358 2841
2359 2363
2360 2373
2360 2380
2361 2377
2361 3272
2361 2365
2364 2379
2365 2377
2365 2378
2366 2379
2367 2371
2368 2371
2368 2858
2369 2370
2369 2372
2371 2858
2372 2374
2373 2378
2375 2381
2376 2380
2377 3274
2378 2383
2378 3274
2379 2820
2380 3274
2385 2974
2386 2974
2386 2971
2387 2388
2388 2972
2388 2391
2392 2393
2394 2396
2394 2397
2394 3391
2395 2396
2395 2397
2397 3389
2398 2960
2398 3149
2399 2402
2399 2407
2399 2818
2400 2407
2400 2406
2400 2874
2401 2406
2401 2404
2401 2890
2402 2464
2402 2405
2403 2890
2404 2890
2404 2405
2406 2875
2407 2818
2408 3332
2409 2966
2409 3471
2409 3472
2410 2411
2414 2420
2414 2421
2414 2422
2415 2418
2416 2419
2416 3161
2416 2420
2417 2879
2417 2418
2418 2423
2419 2423
2420 2879
2421 2423
2421 2880
2424 2426
2424 3124
2424 2429
2425 2426
2426 3126
2427 3160
2427 3168
2430 3164
2431 2432
2437 2451
2437 3039
2438 3416
2438 2452
2439 3039
2439 2447
2439 2456
2440 2441
2440 2445
2442 2446
2442 2443
2443 2451
2443 2455
2445 2447
2445 2452
2446 2448
2447 3417
2448 2453
2449 2455
2449 2493
2450 2453
2450 3417
2450 2789
2451 2456
2453 3416
2455 2492
2457 2528
2457 3281
2458 2459
2461 2869
2461 2733
2461 2870
2462 2464
2463 2893
2464 2465
2465 3399
2466 2469
2466 2474
2467 2475
2467 2469
2467 2477
2468 2476
2469 2853
2470 2666
2470 2474
2471 2476
2472 2477
2473 2476
2478 2483
2478 2479
2480 2815
2481 2815
2482 2652
2482 2654
2482 2898
2484 2589
2485 2488
2486 3149
2486 3148
2487 3147
2491 2491
2493 2664
2493 2665
2494 2495
2494 2589
2495 2589
2497 3426
2499 2506
2500 2505
2500 2503
2500 2502
2501 2503
2502 2751
2503 2504
2504 2507
2504 2506
2506 2507
2509 2509
2510 2510
2511 2516
2512 2517
2513 2514
2518 2518
2518 2520
2519 2521
2519 2520
2519 2523
2520 2522
2523 2523
2524 2524
2525 2526
2528 2529
2528 3282
2528 3281
2529 3282
2530 2530
2530 2533
2531 2536
2532 3567
2532 2543
2534 2534
2535 2535
2537 2537
2540 2542
2541 2541
2542 2548
2542 2547
2543 2543
2544 2545
2545 2549
2545 2546
2552 3242
2552 2979
2554 3104
2556 3239
2556 3238
2556 3412
2557 2709
2557 2705
2559 2563
2559 2887
2561 2564
2561 2562
2565 3348
2566 2567
2568 2572
2569 3210
2569 2571
2570 2572
2572 3354
2573 2574
2573 3431
2575 2958
2576 2962
2577 2586
2578 2584
2579 2581
2580 2587
2580 2583
2582 2720
2583 2587
2586 2842
2587 2588
2590 2591
2592 2597
2593 2600
2593 2597
2593 2599
2594 2598
2595 2600
2595 2606
2596 2598
2598 2605
2601 3036
2602 2603
2603 3035
2603 3036
2604 3037
2607 3403
2608 2610
2612 2620
2613 2622
2613 2631
2614 2617
2614 3034
2615 2631
2616 2616
2617 2617
2618 2621
2620 2630
2621 2622
2622 2625
2623 2847
2624 2624
2625 2632
2626 3042
2626 3043
2626 2630
2628 2628
2629 2629
2631 2632
2633 2665
2634 2663
2634 2662
2635 2662
2635 2663
2636 2786
2636 2638
2636 2784
2637 3041
2637 2638
2637 2639
2638 3041
2642 2643
2642 2644
2645 3077
2646 2648
2646 2650
2647 3076
2648 3081
2649 2655
2649 2652
2651 3040
2651 3593
2653 2654
2653 2897
2654 2898
2655 2896
2658 3260
2659 2661
2660 2824
2666 2853
2666 2860
2666 2741
2668 2671
2669 2690
2670 2672
2673 3534
2674 2980
2675 2676
2678 2679
2678 3403
2678 3401
2679 2681
2679 2682
2680 2682
2681 3177
2683 2685
2683 2684
2683 3019
2684 3019
2685 2952
2686 2953
2688 2689
2691 2692
2693 2853
2693 2704
2694 2695
2696 2697
2699 2751
2699 2700
2701 2702
2701 3032
2701 2844
2705 2709
2706 2707
2710 3332
2711 2713
2712 2832
2712 2714
2713 2832
2716 3072
2716 3068
2716 3069
2718 3481
2718 2719
2718 3482
2722 3190
2722 3026
2722 2723
2723 3029
2724 3191
2725 2726
2725 3192
2725 3191
2726 3029
2727 2728
2728 2729
2728 2730
2730 3564
2731 2734
2731 3030
2731 3031
2732 3030
2732 2733
2732 2734
2733 2734
2737 2738
2737 2979
2737 2978
2740 3387
2741 3339
2742 2743
2744 2745
2746 2746
2747 2748
2751 3032
2753 2926
2754 2755
2756 2758
2760 2915
2760 2761
2760 2914
2761 2876
2761 2914
2762 2763
2763 2764
2764 2765
2766 2767
2767 2768
2769 2770
2771 3574
2772 3485
2772 3486
2773 3485
2774 3348
2774 3174
2775 2776
2777 2778
2779 2780
2781 2782
2783 2784
2785 2786
2786 2787
2790 3009
2792 3295
2794 3321
2795 2796
2796 2799
2796 2797
2797 2799
2799 2800
2800 2800
2801 2802
2804 2913
2804 2908
2804 2805
2805 2913
2805 2917
2806 2806
2806 2807
2807 3122
2809 2810
2809 3188
2810 3162
2811 3162
2813 3160
2813 2814
2814 3161
2816 2817
2821 3496
2825 3483
2825 2838
2828 3085
2828 3573
2829 2830
2829 3205
2831 3490
2831 3089
2833 2835
2833 2834
2833 3331
2834 2836
2835 3331
2839 2840
2842 2843
2844 2845
2844 3042
2846 2848
2847 2849
2848 2849
2851 3571
2851 3572
2852 3020
2854 3595
2855 2856
2855 3449
2860 3594
2861 3536
2861 3535
2865 3408
2866 2867
2868 2872
2868 2873
2869 2874
2869 2870
2870 2871
2871 2872
2873 3400
2873 2875
2874 2875
2876 2876
2877 2878
2881 3445
2881 2883
2881 2882
2882 2883
2884 2963
2884 3151
2885 2963
2886 2898
2888 2889
2889 2891
2891 2921
2892 3401
2893 2894
2895 2900
2896 3593
2900 2905
2901 2903
2901 2902
2904 2906
2904 2909
2907 2911
2909 2911
2910 2912
2913 2914
2916 2917
2918 2919
2919 3203
2922 2923
2923 2925
2923 2924
2924 2925
2927 2928
2929 2931
2930 2932
2930 2930
2933 2934
2935 2937
2935 2936
2937 2938
2939 2940
2941 3444
2941 3234
2943 2944
2943 2945
2944 2946
2947 2948
2950 2951
2952 3572
2953 3345
2954 3220
2955 3556
2955 2957
2956 2961
2956 3445
2959 3233
2961 3445
2962 2964
2965 3150
2966 2967
2968 2973
2969 2970
2971 2973
2977 2978
2978 2979
2980 2981
2984 2985
2985 3374
2986 2987
2987 3002
2989 2990
2994 2995
2998 2999
3003 3358
3003 3350
3004 3561
3005 3560
3005 3561
3005 3562
3006 3007
3007 3378
3009 3010
3010 3011
3012 3013
3019 3428
3021 3022
3024 3026
3025 3026
3026 3190
3030 3031
3032 3144
3033 3043
3033 3042
3035 3036
3038 3319
3044 3044
3045 3046
3048 3385
3049 3053
3049 3181
3050 3183
3050 3052
3053 3181
3054 3055
3055 3056
3057 3059
3058 3107
3060 3069
3060 3074
3061 3283
3062 3064
3063 3538
3065 3460
3068 3073
3068 3069
3068 3074
3070 3071
3072 3073
3075 3501
3075 3083
3075 3082
3080 3081
3083 3084
3086 3493
3086 3491
3087 3494
3087 3487
3088 3487
3090 3102
3091 3092
3092 3093
3093 3094
3094 3495
3095 3098
3095 3488
3101 3498
3103 3336
3103 3338
3104 3157
3105 3402
3105 3404
3108 3110
3108 3109
3110 3111
3110 3112
3112 3114
3112 3113
3114 3115
3116 3117
3118 3119
3118 3120
3119 3121
3119 3122
3120 3121
3121 3122
3123 3124
3124 3126
3125 3164
3125 3127
3126 3127
3128 3129
3129 3130
3131 3132
3131 3284
3131 3285
3133 3297
3134 3135
3136 3137
3139 3140
3141 3142
3146 3405
3148 3149
3151 3152
3152 3153
3153 3154
3154 3155
3155 3212
3156 3221
3156 3220
3158 3165
3163 3164
3165 3166
3165 3167
3169 3170
3171 3172
3177 3571
3182 3183
3190 3192
3191 3192
3193 3195
3193 3194
3194 3199
3194 3195
3195 3196
3197 3198
3199 3200
3201 3391
3201 3392
3202 3203
3206 3496
3207 3209
3208 3565
3211 3589
3213 3215
3214 3215
3216 3217
3218 3219
3220 3221
3222 3223
3223 3365
3225 3411
3226 3227
3228 3432
3233 3437
3238 3412
3239 3240
3240 3241
3243 3244
3243 3246
3243 3245
3243 3247
3244 3247
3244 3250
3244 3249
3245 3246
3245 3248
3246 3249
3247 3248
3247 3250
3251 3257
3251 3252
3251 3254
3252 3253
3253 3254
3255 3256
3255 3258
3256 3257
3257 3258
3260 3582
3262 3268
3262 3267
3263 3266
3263 3265
3264 3265
3264 3523
3265 3266
3266 3267
3267 3268
3268 3269
3269 3522
3269 3270
3270 3523
3270 3522
3271 3526
3271 3527
3272 3273
3275 3278
3275 3280
3276 3384
3277 3384
3278 3279
3278 3280
3279 3281
3280 3282
3283 3539
3284 3285
3286 3288
3286 3290
3286 3295
3287 3434
3287 3289
3287 3435
3288 3293
3289 3436
3293 3294
3297 3297
3298 3302
3298 3301
3298 3361
3299 3300
3299 3465
3299 3303
3300 3301
3300 3465
3301 3361
3302 3463
3302 3303
3303 3463
3304 3465
3304 3306
3304 3305
3305 3308
3305 3312
3306 3308
3307 3308
3308 3313
3309 3464
3309 3362
3309 3419
3310 3312
3311 3464
3311 3313
3311 3312
3313 3314
3315 3317
3316 3317
3317 3423
3320 3326
3320 3321
3324 3593
3324 3325
3326 3589
3327 3330
3328 3330
3328 3329
3329 3330
3333 3335
3334 3335
3335 3336
3336 3344
3337 3340
3338 3340
3338 3344
3339 3340
3340 3341
3342 3344
3342 3343
3345 3346
3350 3351
3353 3354
3353 3469
3357 3358
3357 3560
3361 3362
3362 3464
3363 3364
3365 3366
3371 3374
3372 3373
3375 3376
3389 3392
3389 3391
3391 3392
3393 3394
3393 3398
3393 3395
3395 3398
3395 3397
3396 3397
3404 3405
3407 3483
3415 3450
3416 3417
3419 3422
3419 3420
3421 3422
3426 3427
3428 3430
3428 3429
3429 3429
3431 3588
3432 3433
3433 3434
3435 3436
3437 3438
3438 3441
3438 3442
3439 3442
3439 3440
3440 3443
3441 3442
3442 3443
3446 3447
3448 3455
3449 3451
3452 3453
3457 3459
3458 3460
3459 3461
3466 3467
3471 3472
3473 3474
3475 3476
3481 3482
3485 3486
3489 3492
3489 3491
3490 3492
3493 3494
3499 3502
3499 3500
3500 3502
3501 3502
3503 3506
3503 3504
3504 3505
3506 3508
3507 3508
3509 3510
3512 3513
3518 3545
3518 3519
3524 3524
3525 3528
3525 3530
3526 3527
3526 3529
3527 3532
3527 3528
3528 3529
3528 3532
3530 3531
3530 3532
3531 3532
3533 3534
3535 3536
3540 3544
3540 3545
3540 3546
3541 3542
3542 3543
3543 3550
3543 3544
3545 3552
3546 3552
3547 3549
3548 3550
3548 3549
3549 3550
3553 3556
3553 3554
3554 3555
3558 3559
3560 3562
3561 3562
3565 3580
3566 3566
3569 3570
3574 3575
3574 3576
3581 3582
3581 3583
3582 3583
