0 285
0 1
0 314
0 4229
1 313
1 3046
1 284
2 4192
2 4193
2 323
2 325
3 322
3 4161
3 324
4 10
4 323
4 112
4 155
5 161
5 155
5 6
5 156
6 248
6 162
6 1926
7 766
7 250
7 187
7 768
8 765
8 42
8 247
8 766
9 4161
9 109
9 261
9 962
10 202
10 321
11 24
11 135
11 3785
12 1621
12 3320
12 239
12 416
12 2620
13 1540
13 3052
13 2122
13 2141
14 406
14 3011
14 1629
14 3136
15 3011
15 3136
15 3012
15 3750
16 1202
16 1373
16 238
16 1218
17 238
17 1699
17 1237
17 1238
18 1237
18 819
18 1698
18 1700
18 1701
19 821
19 955
19 44
19 1232
20 944
20 458
20 450
20 459
21 2852
21 1224
21 914
21 3847
22 3847
22 2852
22 3848
23 3536
23 445
23 3848
23 442
24 3185
24 3785
25 3130
25 3064
25 3629
25 3945
26 536
26 782
26 785
26 2860
27 386
27 1240
27 385
27 1239
28 794
28 793
28 826
28 1259
29 3524
29 3256
29 3542
29 797
29 1210
29 3133
30 1018
30 3321
30 4210
30 1393
30 2950
31 3654
31 3125
31 3781
32 775
32 3528
32 3576
32 3858
33 4270
33 3782
33 716
34 35
34 716
34 770
35 807
35 36
36 2904
36 774
37 772
37 776
37 2904
38 3419
38 39
38 771
38 4185
39 334
39 3731
39 717
40 717
40 2879
40 340
40 3731
41 334
41 3731
41 767
41 4211
42 249
42 809
42 4212
43 1210
43 239
43 1214
44 1233
44 458
44 957
45 3353
45 2752
45 3352
45 4107
46 280
46 2617
46 2752
47 96
47 85
47 1890
48 49
48 102
48 94
49 54
49 96
49 50
50 94
50 51
51 52
51 53
52 53
52 61
53 54
54 62
54 3357
55 3961
55 3369
55 3467
56 122
56 3452
56 124
56 57
57 3466
57 3465
58 70
58 61
58 3368
59 1883
59 60
59 120
60 73
60 120
60 3604
61 75
61 125
62 1890
62 63
63 3772
64 1614
64 3151
64 2383
65 1004
65 4070
65 1612
65 3060
66 1620
66 3337
66 4039
66 4040
67 4039
67 416
67 3320
68 3357
68 3454
68 3358
69 3378
69 75
69 3290
69 3377
70 92
70 3276
71 3276
71 3461
71 98
72 3770
72 2819
72 73
73 118
74 75
74 2133
74 3369
76 4040
76 1105
76 3001
76 4254
77 2896
77 79
77 78
78 123
78 1882
79 2901
79 2899
80 421
80 2891
80 2900
81 1857
81 82
81 1499
81 1856
82 887
82 1861
83 3365
83 84
83 3366
84 85
86 3366
86 95
86 3362
86 3364
87 3771
87 104
88 3793
88 3517
89 388
89 1853
89 2889
89 113
90 2887
90 2898
90 387
91 101
91 99
91 124
93 94
93 126
95 103
96 103
97 98
100 3991
100 3993
101 3991
101 2897
102 103
104 3793
105 3892
105 3842
105 3388
106 3282
106 3604
106 1881
107 810
107 240
107 817
107 3854
108 3886
108 3761
108 3608
108 4198
109 112
109 110
109 322
110 4223
110 111
110 156
111 158
111 962
111 157
112 320
113 114
113 1499
114 389
114 4044
115 116
115 390
115 347
115 1968
116 117
116 2708
117 4071
117 3178
118 119
118 121
119 122
119 3769
120 121
121 122
123 124
125 126
127 1545
127 1909
127 1922
128 1977
128 1925
128 1053
129 1053
129 1839
129 3800
130 1368
130 884
130 1274
130 2804
131 2944
131 2946
131 132
133 3629
133 171
133 782
133 3128
134 432
134 282
134 431
135 1814
135 3556
136 538
136 3068
136 537
136 3495
137 3457
137 535
137 540
137 3983
138 960
138 4208
138 811
138 3927
139 3927
139 813
139 953
139 959
140 1054
140 218
140 671
140 746
141 1923
141 142
141 145
142 143
142 144
142 409
143 2599
143 144
143 2598
144 2596
144 145
145 1978
145 2596
146 629
146 625
146 1924
147 148
147 1963
147 1960
147 3109
148 1966
148 1959
148 4222
148 1961
149 151
149 3113
149 154
149 3933
150 3114
150 360
150 835
150 3113
151 3807
151 3175
151 3933
152 153
152 1791
152 1915
152 3054
153 1976
153 2598
154 835
154 1067
155 199
155 4223
156 248
156 157
157 158
157 255
158 160
159 255
159 248
159 249
161 169
161 162
161 2384
162 1927
162 167
163 172
163 3728
163 4271
164 167
164 172
164 168
164 177
165 172
165 4271
165 336
166 176
166 447
166 448
166 3120
167 177
168 3728
168 200
170 3143
170 534
170 171
170 440
171 2998
171 533
173 441
173 3811
173 438
173 175
174 3331
174 3329
174 3330
175 433
175 468
175 3064
176 443
176 3143
176 447
177 186
177 1927
178 183
178 182
178 3196
179 2890
179 180
179 3196
180 181
180 1098
181 1099
181 184
182 1715
182 2130
183 1715
183 1861
184 1101
184 2890
185 3947
185 3165
185 1100
186 187
186 336
187 333
187 1927
188 192
188 3988
188 3577
188 190
189 190
190 191
190 198
191 197
191 192
192 193
192 195
193 1644
193 3116
193 196
194 1335
194 3577
194 3707
195 3577
195 3116
196 3029
196 197
197 198
198 3812
199 200
199 2384
199 202
200 201
201 329
201 202
201 2710
202 3798
203 784
203 1234
203 801
203 791
203 1235
204 550
204 499
204 549
204 1180
205 622
205 712
205 623
205 4257
206 694
206 223
206 222
206 710
207 708
207 697
207 696
207 698
208 1169
208 699
208 683
208 2960
209 886
209 2750
209 1826
209 2380
210 4148
210 2750
210 2849
211 875
211 1494
211 212
212 2172
212 973
212 1718
213 1796
213 4111
213 4106
214 217
214 2295
214 3117
215 3501
215 216
215 4167
216 217
216 2962
217 287
218 3404
218 221
218 1052
219 681
219 220
219 231
219 687
220 688
220 685
220 682
221 683
221 1169
221 3403
222 709
222 715
222 2706
223 621
223 713
223 706
224 4256
224 4253
224 622
224 4257
225 922
225 3265
225 1085
225 3300
226 918
226 917
226 922
227 645
227 664
227 647
227 932
228 669
228 666
228 664
228 678
229 672
229 673
229 666
229 3154
230 2362
230 2324
231 746
231 670
231 3223
232 1103
232 1107
232 1104
233 2979
233 234
233 1103
234 235
234 1108
234 1184
235 1216
235 236
236 3524
236 1184
237 2965
237 1207
237 1215
238 824
238 4247
239 1215
239 2619
240 241
240 242
240 1390
241 1393
241 4210
241 1388
242 1388
242 3787
242 1389
243 3766
243 1801
243 3767
243 1370
244 245
244 3586
244 1378
244 3585
245 4057
245 1803
245 4242
246 885
246 3843
246 2858
246 1368
247 250
247 248
247 249
250 1926
251 4155
251 4105
251 1796
252 3802
252 257
252 4112
252 258
253 254
254 2617
254 255
254 281
256 3802
256 4111
256 1796
257 4155
257 3802
258 3117
258 2295
258 4111
259 3484
259 3486
259 4158
260 261
260 962
260 4158
261 3486
262 4156
262 266
262 263
263 264
263 265
264 265
264 267
265 269
266 3721
266 267
267 268
267 271
268 269
268 270
269 276
270 277
270 271
270 275
271 274
271 273
271 3721
272 3721
272 3047
272 313
273 313
273 310
274 311
274 275
274 312
275 278
276 277
276 4108
277 278
277 4109
278 279
278 291
279 3934
279 3791
279 317
280 281
280 4106
281 4105
282 283
282 465
282 1386
283 466
283 464
283 431
284 285
284 1047
284 3048
285 1047
285 4133
286 3301
286 3617
286 4119
287 2962
287 4065
287 4108
288 289
288 3187
288 4109
289 290
289 4123
290 291
290 4113
291 4109
292 293
292 4152
292 4123
293 4227
293 4151
293 3188
294 3199
294 295
294 297
294 300
295 4127
295 3200
296 303
296 3899
296 4127
297 304
297 298
297 317
298 317
298 299
298 4113
299 300
299 4113
300 3199
301 3790
301 3934
301 314
301 305
302 2875
302 304
302 3934
303 308
303 304
305 309
305 2875
305 3198
306 307
306 308
306 309
307 316
307 3901
308 3579
309 315
310 311
310 3611
311 312
311 3611
312 318
314 3611
315 4131
315 316
316 3285
318 3790
318 3791
319 3182
319 3836
320 322
320 324
320 323
321 323
321 325
321 3797
324 4193
325 2836
326 327
326 3665
326 3228
327 328
327 2835
328 3797
328 2710
329 3228
329 331
330 3665
330 2837
330 3855
331 3556
331 3666
332 340
332 333
332 769
333 2919
334 723
334 771
335 339
335 3990
335 341
336 2919
337 338
337 339
337 341
338 340
338 2879
339 2919
340 2736
341 716
341 2879
342 1542
342 1544
342 1971
342 1972
342 3178
342 3179
343 344
343 346
343 1542
344 2756
344 1903
345 3372
345 4046
345 3259
346 390
346 3259
347 4047
347 390
347 4046
348 350
348 349
348 391
349 378
349 3052
350 351
350 1886
351 352
351 1063
352 353
352 1064
353 354
353 1902
354 355
354 1901
355 1065
355 356
356 357
356 364
357 358
357 361
358 3865
358 360
359 371
359 362
359 360
359 835
360 361
361 362
361 364
362 363
363 1888
363 364
363 372
364 365
365 1888
365 366
365 1065
366 1901
366 1889
366 367
367 368
367 1885
368 369
368 1899
368 370
369 374
369 370
370 373
370 1887
371 384
371 1067
371 372
372 383
372 1066
373 398
373 1066
373 374
374 375
374 396
375 399
376 380
376 2687
376 377
376 379
377 2122
377 378
378 379
378 3025
379 381
380 2122
380 3029
381 3026
381 2687
382 413
383 398
383 384
383 401
384 426
384 428
385 4184
385 386
385 2970
386 788
386 789
387 1852
387 1853
388 4045
388 2886
388 1852
389 4043
389 4041
389 4045
390 3259
391 3025
391 392
391 1061
392 393
392 3025
393 395
393 397
394 1900
394 1060
394 395
395 396
396 408
397 412
397 3026
398 399
398 400
399 408
400 401
400 403
400 405
401 426
401 402
402 3745
402 3746
403 3746
403 404
404 3010
404 3940
405 3940
405 407
406 3053
406 407
407 408
407 415
408 412
409 624
409 629
409 3813
410 411
410 3288
411 2650
412 413
412 415
413 414
413 3024
414 3139
414 3043
414 3140
415 3140
415 3138
416 3136
417 2195
417 1867
417 418
418 1865
418 1879
418 2197
419 2899
419 420
419 1865
420 1865
420 421
420 2704
421 2705
421 1773
422 2992
422 2993
422 428
422 425
423 1919
423 2818
423 424
423 2992
424 425
424 427
425 426
426 427
427 1630
427 3745
428 2298
429 431
429 432
429 1636
429 3537
430 1636
430 3127
430 1632
431 435
432 1633
432 1634
432 3605
433 435
433 434
433 464
434 3537
434 435
434 3811
436 441
436 438
436 3809
436 3810
437 440
437 3810
437 444
437 3143
438 3811
438 439
439 3809
439 442
440 3628
440 441
441 3945
442 444
443 444
443 445
444 445
445 446
446 3120
446 2851
447 3000
447 456
448 3120
448 456
448 3121
449 459
449 3121
449 450
449 456
450 451
450 457
451 452
451 458
451 1236
452 455
452 457
452 453
453 455
453 454
454 1236
454 784
454 1235
455 461
456 457
456 3331
458 958
459 3815
459 462
460 3330
460 780
460 3329
461 3330
461 784
461 779
462 3121
462 939
462 3814
463 464
463 466
463 467
463 1949
465 466
465 3702
466 3649
466 2881
467 3971
467 3650
468 1949
468 3597
468 1948
469 1948
469 1940
469 1941
470 1262
470 475
470 1331
471 2895
471 474
471 1331
471 472
472 473
472 2894
472 3654
473 3529
473 474
473 1269
474 476
474 475
475 1264
475 1265
476 1266
476 1133
476 1264
477 1637
477 3530
477 3626
478 1914
478 3179
478 1912
479 487
479 480
479 483
479 486
480 3132
480 490
481 483
481 3132
481 485
481 1936
482 1934
482 506
482 508
482 3132
483 484
484 486
484 4068
485 3069
485 539
485 1938
486 4067
486 488
486 3662
487 492
487 3662
487 491
488 4069
488 540
488 489
489 494
489 3091
489 3318
490 491
490 508
491 509
491 547
492 493
492 547
493 548
493 494
494 3333
494 4067
495 496
495 503
495 516
495 555
496 502
496 497
496 554
497 553
497 501
498 499
498 550
498 552
499 513
499 500
500 501
500 512
501 502
501 511
502 510
502 503
503 504
503 509
504 507
504 505
504 516
505 1137
505 3932
505 506
506 507
506 1935
507 509
507 508
509 510
510 511
510 547
511 548
512 513
512 515
513 514
513 549
514 515
514 544
514 541
515 548
516 556
516 1137
517 2600
517 519
517 4110
518 4154
518 519
518 521
519 1624
520 529
520 521
520 731
520 1624
521 2859
522 523
522 1625
522 3606
523 2954
523 524
524 3606
524 525
525 526
525 2787
526 2788
526 2954
527 733
527 777
527 730
527 528
527 729
528 2630
528 529
529 3567
530 3713
530 3286
530 3567
530 3565
531 732
531 2625
531 532
532 1520
532 733
532 2630
533 534
533 782
534 3329
535 3091
535 546
535 3213
536 3213
536 3128
537 3495
537 3128
537 3130
538 3068
538 539
538 1942
539 1939
539 540
540 3091
541 3776
541 542
541 1186
542 1186
542 544
542 1250
543 1250
543 1251
543 545
543 4184
544 545
544 3333
545 3318
545 3333
546 1239
546 3739
546 3526
547 548
549 2763
549 3776
550 551
550 1174
551 4257
551 552
551 4253
552 553
552 4258
553 1121
553 554
554 555
555 556
555 1122
556 1143
556 2951
557 558
557 736
557 560
557 3696
558 559
558 740
559 741
559 560
559 568
560 3695
560 561
561 741
561 3874
561 4050
562 4050
562 742
562 565
562 4051
563 924
563 643
563 935
564 935
564 3873
564 565
564 644
565 3418
566 590
566 569
566 567
566 570
567 572
567 568
567 740
568 744
568 3697
569 745
569 3697
569 591
570 572
570 571
570 574
571 573
571 1119
571 3740
572 573
572 739
573 1118
573 738
574 590
574 575
574 580
575 576
575 579
576 578
576 580
576 4175
577 4175
577 584
577 578
577 1147
578 1144
578 4034
579 4034
579 3740
579 3543
579 4033
580 581
580 589
581 588
581 582
581 4175
582 583
582 585
582 587
583 4175
583 584
583 619
584 1150
584 2734
585 586
585 619
585 3476
586 602
586 764
586 587
587 588
587 597
588 594
588 589
589 590
589 595
590 591
591 743
591 592
592 595
592 593
592 600
593 599
593 594
593 596
594 595
596 597
596 611
596 763
597 764
598 761
598 763
598 599
598 686
599 682
599 600
600 681
600 743
601 606
601 3474
601 603
601 602
601 609
601 3595
602 610
602 3478
603 3475
603 617
603 1159
604 1159
604 606
604 605
604 616
605 3507
606 3412
606 3594
607 3595
607 608
607 689
607 3594
608 615
608 609
608 689
609 610
609 614
610 3281
610 613
611 612
611 764
611 3281
612 763
612 761
612 3280
613 3280
613 760
613 614
614 615
614 3593
615 1928
615 3100
616 4259
616 1096
616 3412
617 3507
617 618
618 3561
618 620
618 3294
619 2734
620 1158
620 1152
620 3429
621 622
621 623
621 714
623 711
623 710
624 1924
624 1923
625 628
625 635
626 2124
626 627
626 3813
626 4218
627 4214
627 631
627 2125
628 2125
628 632
628 629
629 2124
630 2127
630 4219
630 2977
630 631
631 4216
631 2126
632 633
632 2126
632 635
633 636
633 634
633 2127
634 2976
634 635
636 2123
636 2976
637 2385
637 638
637 3720
638 2888
638 2133
639 930
639 640
639 649
639 3910
640 651
640 641
640 931
641 932
641 642
641 652
642 933
642 643
642 653
643 919
643 934
644 934
644 645
644 3418
645 665
645 933
646 647
646 656
646 648
646 930
647 931
647 655
648 929
648 657
648 660
649 650
649 663
649 662
650 1167
650 1086
650 3910
651 3910
651 921
651 652
652 653
652 917
653 918
653 919
654 664
654 655
654 3159
655 656
656 657
656 3154
657 658
658 659
658 3148
659 675
659 660
659 674
660 928
660 3639
661 928
661 662
661 663
661 3638
662 929
663 2981
664 665
665 3418
666 3159
666 667
667 669
667 668
667 672
668 671
668 670
668 746
669 670
669 679
670 680
671 677
671 672
673 3148
673 674
673 677
674 676
674 3152
675 2949
675 676
675 1015
676 3153
676 1014
677 3152
677 1054
678 3418
678 679
678 742
679 680
680 745
680 2912
681 3223
681 682
682 686
683 3402
683 2975
684 685
684 688
684 3150
684 3402
685 686
685 747
686 758
687 746
687 688
687 3404
688 3403
689 690
689 691
690 3412
690 691
690 2906
691 3100
691 3496
692 1929
692 2707
692 693
692 754
693 753
693 715
693 2706
694 715
694 698
694 706
695 3398
695 752
695 696
695 698
696 2982
696 3399
697 2960
697 700
698 707
699 701
699 700
699 3155
700 708
700 702
701 1168
701 4171
701 702
702 1006
702 3698
703 1241
703 3698
703 704
703 708
704 707
704 705
705 706
705 713
705 3981
706 707
707 708
709 711
709 710
709 1125
711 712
711 1124
712 1123
712 4258
713 2709
713 714
714 3123
715 4049
717 3419
717 2877
718 3352
718 719
718 721
719 720
719 4107
720 2628
720 721
722 4212
722 723
722 724
723 4211
724 771
724 725
725 726
725 4185
726 731
726 727
727 3211
727 728
728 730
728 777
729 777
729 732
729 2624
730 731
731 2628
732 733
732 2863
734 937
734 735
734 3695
735 3696
735 2730
736 2730
736 740
736 2731
736 737
737 2731
737 738
738 739
738 1117
739 740
741 742
742 744
743 3223
743 2911
744 745
745 2911
747 762
747 748
747 3219
748 3150
748 3149
749 3149
749 762
749 750
750 3399
750 751
750 757
751 755
751 753
751 3398
752 4049
752 3397
753 3397
753 754
754 3225
754 755
755 757
756 3593
756 1928
756 3095
756 760
757 762
757 3227
758 3219
758 761
758 3222
759 3222
759 3227
759 760
760 761
765 767
765 2880
766 767
767 768
768 769
769 2736
770 2877
770 3419
771 4185
772 4186
772 3211
773 774
773 775
773 3858
774 776
775 2622
775 4066
776 3502
777 2626
778 3535
778 2961
778 3394
779 780
779 783
780 2860
781 783
781 789
781 785
781 2999
783 784
783 791
785 1240
786 2921
786 790
786 787
786 800
787 792
787 788
787 2970
788 790
788 789
789 791
790 791
790 801
792 794
792 795
792 800
793 796
793 1206
794 2970
794 827
795 800
795 804
795 796
796 2967
796 4249
797 1259
797 3133
798 802
798 2922
798 819
798 2761
799 2762
799 800
799 2922
801 2921
801 803
802 803
802 2921
803 1234
803 820
804 806
804 805
804 2762
805 1238
805 2742
805 2743
806 1237
806 2761
806 1238
807 4186
807 3419
808 4212
808 809
808 3353
809 2617
810 811
810 4208
810 1390
811 812
811 818
812 814
812 815
812 813
813 3927
813 823
814 1700
814 823
814 825
815 825
815 816
815 818
816 817
816 1220
816 824
817 818
817 1219
819 820
820 1232
820 821
821 1701
821 822
822 955
822 953
822 1698
823 953
823 1697
824 825
824 1218
825 1699
826 3260
826 827
826 1251
827 4184
828 831
828 1487
828 1273
828 829
829 830
829 2103
829 4148
831 832
831 1274
831 2749
833 1495
833 4225
833 1377
834 1488
834 1495
834 1487
835 1067
836 841
836 851
836 837
836 842
837 844
837 838
837 840
838 839
838 846
838 854
839 840
839 862
839 855
840 841
840 861
841 872
841 858
842 844
842 845
843 3553
843 847
843 845
843 844
844 3553
845 850
845 848
847 848
848 849
848 1498
849 3411
849 850
849 4264
850 852
851 2831
851 852
851 853
852 4264
853 872
853 4261
854 855
855 856
855 863
856 864
857 872
857 4262
857 858
857 2147
858 4263
859 860
859 868
859 867
859 4263
860 866
860 1311
860 869
861 862
861 4263
862 863
863 865
863 864
864 1546
865 1314
865 867
865 1312
866 867
866 1316
868 869
868 4262
868 870
869 1310
869 2676
870 4261
870 871
870 1849
871 1850
871 3506
871 4260
873 2836
873 2835
873 4272
874 3408
874 4173
874 2837
875 876
875 3930
876 2748
876 877
876 2746
877 883
877 878
878 881
878 3044
879 2595
879 880
879 3044
880 882
880 2936
881 3919
881 883
882 3924
882 3919
882 3922
883 1380
883 2748
884 3967
884 1825
884 1367
885 1829
885 1367
885 2371
886 2381
886 1825
887 1950
887 2892
888 3444
888 3367
888 1950
889 3444
889 1100
889 3428
890 894
890 891
890 967
890 893
891 4173
891 969
892 971
892 2171
892 2168
893 2171
893 2169
894 2854
894 895
895 896
895 969
896 3078
896 2964
897 2149
897 898
897 1029
897 3820
898 902
898 901
898 4012
899 1029
899 4164
899 900
899 1404
900 1403
900 1395
900 3081
901 3212
901 2156
901 2152
902 2157
902 2150
902 2153
903 964
903 3212
903 4161
904 2058
904 2045
904 905
904 3779
905 906
905 2059
905 2066
906 2068
906 907
907 908
907 3779
908 909
908 2069
909 2069
909 910
911 3779
911 1609
911 2021
912 942
912 939
912 940
912 2851
913 3536
913 3185
913 3183
914 1224
914 3609
915 3634
915 916
915 3631
916 3182
916 3181
917 918
917 921
918 920
919 920
920 926
921 922
921 1165
922 3409
923 925
923 3694
923 937
924 3694
924 926
925 926
925 3694
927 3636
927 4048
927 1087
927 2607
928 3637
928 929
929 930
930 931
931 932
932 933
933 934
934 935
935 936
936 3873
936 3694
936 3874
937 3874
938 949
938 942
938 943
939 3121
940 2851
940 941
940 2852
941 3765
941 942
941 951
943 3814
943 944
943 948
944 2853
944 958
944 3815
945 1228
945 946
945 948
945 2853
946 1229
946 2885
946 947
947 948
947 950
947 2885
948 949
949 950
949 951
950 1230
950 4197
951 1231
951 4197
952 2885
952 4198
952 2942
953 954
954 956
954 959
955 956
956 957
956 961
957 958
957 4204
959 960
959 961
960 1227
960 4209
961 1225
961 1478
963 964
964 3913
964 4162
965 1898
965 966
965 1891
966 3435
966 3436
967 968
967 3449
968 2176
968 2177
969 4273
970 2169
970 2170
970 2179
971 2943
971 1717
972 3949
972 3886
972 1725
973 2168
973 1717
974 3268
974 1554
974 4118
975 2703
975 981
975 4226
976 2953
976 1594
976 977
977 4116
977 1556
977 4226
978 4118
978 979
978 1555
979 980
979 2142
980 4117
980 4116
980 4118
981 1581
982 3471
982 3472
983 3547
983 3472
983 1583
984 1426
985 1425
986 987
986 3840
987 1417
987 988
988 989
989 990
989 1418
990 1443
990 3448
991 992
991 3448
991 3788
993 1484
993 3456
994 1485
994 2621
994 3456
995 1485
995 1531
995 996
995 2621
996 997
997 1528
997 3417
998 999
998 1529
999 2166
999 1526
1000 1521
1000 1001
1000 2166
1001 3888
1002 1519
1002 3274
1002 1515
1003 1511
1003 4093
1003 2622
1003 1513
1004 1182
1004 3982
1005 1546
1006 1242
1006 1241
1006 1168
1007 1119
1007 1008
1007 2651
1008 1145
1008 3543
1008 1164
1009 1013
1009 1010
1009 1500
1010 1011
1010 4267
1011 3288
1012 2650
1012 1013
1012 4182
1013 1164
1013 1496
1013 4182
1014 3156
1014 1015
1015 2616
1015 3914
1016 3350
1016 1685
1016 1824
1017 1667
1017 1660
1017 2980
1018 1019
1018 3773
1019 1020
1019 3322
1020 1393
1020 1022
1020 1388
1021 1023
1021 1022
1021 3322
1022 2934
1022 1024
1022 3322
1023 1024
1023 1025
1024 2932
1024 1027
1025 1026
1025 3877
1026 1027
1026 1800
1026 3876
1027 1800
1028 2916
1028 1798
1028 1797
1029 1043
1030 1037
1030 1038
1030 1031
1030 1033
1031 1032
1031 1408
1031 1036
1032 2151
1032 1045
1032 1033
1033 1040
1033 1039
1034 1036
1034 1035
1034 1406
1034 3898
1035 1400
1035 3278
1035 1405
1036 1407
1036 1037
1037 4136
1038 1039
1038 1771
1039 1041
1039 3205
1040 3039
1040 1041
1040 1045
1041 3040
1041 3794
1042 1408
1042 1043
1042 2148
1043 1407
1043 1404
1044 2154
1044 4159
1044 3484
1044 3487
1045 3041
1045 4159
1046 1755
1046 3108
1046 3049
1047 3049
1048 4140
1048 3099
1048 3096
1048 3098
1049 1111
1049 1793
1049 3427
1049 1540
1050 3102
1050 3109
1050 3110
1051 1185
1051 1248
1051 3256
1052 1054
1052 1169
1052 3155
1053 3178
1054 3157
1055 3279
1055 3430
1056 4031
1056 3845
1057 3784
1057 3782
1057 3960
1057 3990
1058 3490
1058 1672
1058 1357
1059 1343
1059 1347
1059 1342
1059 1654
1060 1061
1060 1885
1061 1886
1061 1885
1062 1885
1062 1063
1062 1886
1063 1064
1064 1902
1065 1901
1066 1887
1068 2247
1068 3718
1068 4087
1069 1694
1069 4087
1069 2247
1069 1689
1070 2242
1070 3539
1070 2241
1071 3540
1071 3539
1071 2191
1072 3541
1072 3525
1072 3540
1073 2634
1073 1980
1073 3525
1074 2636
1074 1075
1074 2634
1075 1076
1075 2637
1076 2637
1076 1077
1076 2040
1077 1078
1077 2040
1078 1079
1078 2028
1079 3491
1079 3551
1080 1658
1080 1113
1080 3551
1081 1665
1081 1670
1081 1658
1082 4078
1082 2183
1083 1120
1083 1084
1083 3775
1084 3300
1084 1085
1085 1166
1085 1165
1085 3300
1086 2981
1086 1167
1087 2616
1087 3637
1088 1789
1088 1089
1088 1790
1089 1788
1089 3007
1090 1093
1090 1091
1090 1095
1090 1340
1091 1346
1091 1339
1091 1092
1092 1093
1092 1335
1092 1345
1093 1095
1094 1648
1094 3354
1094 3058
1095 1341
1096 1097
1096 1638
1097 2906
1097 3412
1098 1099
1099 1109
1100 3166
1101 3166
1101 3165
1102 1106
1102 1104
1102 1178
1102 2978
1103 2978
1103 1108
1104 1105
1105 1106
1106 4252
1107 1108
1107 2618
1108 3134
1109 2285
1109 1110
1110 2198
1110 2190
1111 3853
1111 1112
1112 1115
1112 3853
1113 1782
1113 1778
1113 1783
1114 1677
1115 3056
1115 1342
1115 1670
1116 1338
1116 1647
1116 3061
1117 3939
1117 1118
1118 1119
1119 3544
1120 3735
1120 3265
1121 4258
1121 1123
1121 1122
1122 1129
1122 1130
1123 1124
1124 1125
1124 1126
1125 2706
1126 1127
1126 1130
1126 2707
1127 1130
1127 3070
1128 3607
1128 3070
1128 1129
1129 1143
1129 1931
1131 1136
1131 1936
1131 1132
1131 1263
1132 1264
1132 1133
1132 1135
1133 1134
1133 3973
1134 1135
1134 1140
1134 1141
1135 1136
1135 1139
1136 1138
1136 3866
1137 1143
1137 1932
1138 1139
1138 3867
1139 1140
1139 1327
1140 2820
1141 3973
1141 2820
1141 3071
1142 3071
1142 2288
1142 2820
1142 2286
1143 3661
1144 4033
1144 1146
1145 1146
1145 1151
1146 1147
1146 1148
1147 1150
1147 1148
1148 3273
1149 3271
1149 1150
1149 1152
1151 1164
1151 3273
1152 3294
1153 2833
1153 3272
1153 1154
1154 3429
1154 1163
1154 3270
1155 1156
1155 1158
1155 4259
1156 1160
1156 1157
1157 1162
1157 1161
1158 1160
1158 3507
1159 3507
1160 3270
1160 1161
1161 3269
1162 4260
1162 4259
1163 3269
1163 2831
1165 3910
1165 1166
1166 1167
1168 4172
1170 4255
1170 1171
1170 4252
1171 4256
1171 4253
1171 1172
1172 1173
1172 1174
1173 1175
1173 1178
1174 1180
1174 4253
1175 1261
1175 1176
1175 4251
1176 3122
1176 1180
1177 3122
1177 1253
1177 1256
1178 4252
1178 4251
1179 4251
1179 1255
1179 1257
1181 3123
1181 2709
1181 1183
1181 3124
1182 1183
1182 2709
1183 3001
1184 3134
1185 3596
1185 1186
1186 2764
1187 4056
1187 3533
1187 3505
1187 3521
1188 4056
1188 4268
1188 4269
1189 1514
1189 4066
1189 3964
1189 3963
1189 4268
1190 1243
1190 3963
1190 1191
1190 1514
1191 1192
1191 1244
1192 1245
1192 1193
1192 1511
1193 1509
1193 1194
1193 1246
1194 1195
1194 1510
1195 1501
1195 1512
1195 3663
1196 2143
1196 3663
1196 1501
1197 1200
1197 1198
1197 1202
1197 1203
1198 1205
1198 4249
1198 1199
1199 1204
1199 1200
1199 2965
1200 1207
1200 1201
1201 1202
1201 1208
1201 1373
1202 4247
1203 4248
1203 2966
1204 3522
1204 2968
1204 1205
1205 1209
1205 4250
1206 4250
1206 1260
1207 1208
1208 4246
1209 1212
1209 1214
1209 1211
1210 1213
1210 3542
1211 4250
1211 1260
1211 1213
1212 1213
1212 2969
1214 3522
1215 2968
1216 1257
1216 1258
1217 1218
1217 1221
1217 4244
1218 1220
1219 1220
1219 1222
1219 3854
1220 1221
1221 4245
1221 1222
1222 1223
1222 4210
1223 2950
1223 4245
1224 3765
1225 3570
1225 1478
1225 3569
1226 3569
1226 4202
1226 1227
1227 4206
1227 3570
1228 2952
1228 1229
1229 2294
1230 4197
1230 4198
1231 3608
1231 3765
1232 1233
1232 1234
1233 1235
1233 1236
1234 1235
1238 2745
1239 1240
1239 3213
1241 1242
1241 3500
1242 3982
1243 1244
1243 1247
1244 1245
1244 3625
1245 3624
1245 1246
1246 1504
1247 3963
1247 1320
1248 1249
1248 3260
1249 1250
1249 3596
1249 1251
1252 1253
1252 1255
1252 1257
1253 1254
1253 3315
1254 3314
1254 1256
1255 3122
1256 2764
1258 3315
1258 3524
1259 1260
1262 1328
1262 1265
1262 1941
1263 1264
1263 1938
1263 1265
1265 1944
1266 1267
1266 3973
1267 1269
1267 1268
1268 1270
1268 3974
1269 1270
1270 3530
1271 1285
1271 1278
1271 1279
1271 1281
1272 3732
1272 4236
1272 1281
1273 2132
1273 4235
1273 1274
1275 2128
1275 2129
1275 2132
1276 4237
1276 2128
1276 4238
1276 3816
1277 1278
1277 2771
1277 1279
1278 2121
1278 4237
1279 3585
1279 1284
1280 2926
1280 1281
1280 1282
1280 2923
1282 1285
1282 3851
1283 3851
1283 1371
1283 3852
1284 1285
1284 3852
1286 2928
1286 1287
1286 2926
1287 1288
1287 1370
1288 3766
1288 1290
1289 3767
1289 1290
1289 2963
1290 1291
1290 1380
1291 2963
1291 3920
1292 1383
1292 1305
1292 1293
1293 1381
1293 1304
1294 1295
1294 1304
1294 2957
1295 1297
1295 1296
1296 2957
1296 1298
1296 1300
1297 1298
1297 1305
1298 1299
1299 1303
1299 1300
1300 1301
1301 2957
1301 1302
1302 3786
1302 1309
1302 2963
1303 3787
1303 1389
1303 3786
1304 1305
1304 2913
1305 2941
1306 3787
1306 1307
1306 1309
1307 1308
1307 2933
1308 1309
1308 2932
1310 3778
1310 1311
1310 1320
1311 1316
1312 1546
1312 1319
1313 2593
1313 1314
1313 1319
1313 1318
1314 1317
1314 1315
1315 1316
1315 2146
1317 2144
1317 1318
1318 2145
1319 2164
1320 1321
1320 2187
1321 1322
1321 2146
1322 3625
1322 1323
1322 2144
1323 2585
1323 2145
1323 1324
1324 3624
1324 2594
1325 2594
1325 1503
1325 1504
1326 3533
1326 1933
1326 1327
1326 2820
1327 3752
1328 1329
1328 3131
1329 1330
1329 1332
1330 1331
1330 2895
1332 3651
1332 1333
1334 3115
1334 1335
1334 1336
1334 1345
1335 1649
1336 1337
1336 3056
1337 3061
1337 3115
1338 1640
1338 1639
1339 3336
1339 1340
1339 1343
1340 1341
1341 1344
1342 1677
1343 1344
1343 1655
1344 2738
1345 1346
1346 1347
1347 3336
1348 1606
1348 1604
1348 1349
1348 1356
1349 1350
1349 1352
1350 1361
1350 2741
1350 3059
1351 3059
1351 2739
1351 2738
1352 1360
1353 4086
1354 1355
1355 2980
1355 1356
1356 1357
1356 1359
1357 1358
1358 1359
1358 3119
1358 1366
1359 1360
1360 1364
1361 1362
1361 1364
1362 1363
1362 1365
1363 2973
1363 1653
1363 1655
1364 3119
1364 1365
1365 2973
1366 1674
1366 1672
1367 1368
1368 1369
1369 2129
1369 2858
1370 2120
1370 1371
1371 2120
1372 1379
1372 1493
1372 4178
1372 1374
1373 4246
1374 2958
1374 1375
1374 1379
1375 2746
1375 1376
1376 1494
1376 1490
1376 1377
1377 1489
1378 2771
1378 4242
1379 2747
1379 3302
1380 3929
1381 3743
1381 2935
1382 1383
1382 3743
1382 3742
1383 3177
1384 2944
1384 3261
1385 1705
1385 3699
1385 3700
1386 3705
1386 1634
1387 2920
1387 3502
1387 1505
1389 1390
1389 1392
1390 1392
1391 1392
1391 3887
1391 4208
1394 1396
1394 1409
1394 3078
1395 3078
1395 1396
1395 1402
1396 1397
1397 1398
1397 1402
1398 4019
1398 1401
1399 1400
1399 1410
1399 4019
1399 3277
1400 1401
1401 1402
1401 1405
1402 1403
1403 1405
1403 1404
1404 1406
1406 1407
1407 1408
1409 2846
1409 4138
1410 2874
1411 4232
1411 3277
1411 4022
1411 3897
1412 3999
1412 3642
1412 4023
1413 1414
1413 3207
1413 3757
1414 3758
1415 1893
1415 1416
1415 3897
1415 4023
1416 4024
1416 3898
1416 1898
1417 2956
1417 1423
1417 1418
1418 1420
1418 1438
1419 1437
1419 1434
1419 2955
1420 2955
1420 1423
1421 1422
1421 2955
1421 1428
1421 1429
1422 1423
1422 1424
1422 1427
1424 1426
1424 1425
1424 2956
1425 2956
1426 1597
1426 1427
1427 1428
1427 1596
1428 1448
1428 2159
1429 1430
1429 1434
1430 1433
1430 1431
1431 1432
1431 1435
1432 1441
1432 1448
1432 1444
1433 1435
1433 1434
1433 1436
1435 1441
1436 1437
1436 3033
1437 1438
1438 1443
1439 3033
1439 1443
1439 4054
1440 1483
1440 4053
1440 3033
1440 3712
1441 3712
1441 1442
1442 1444
1442 1446
1444 1445
1445 1447
1445 1446
1445 1463
1446 1457
1446 1483
1447 1448
1447 1477
1449 1450
1449 1452
1449 4088
1450 1462
1450 3286
1450 1451
1451 1452
1451 1454
1451 1461
1452 2821
1453 4088
1453 1465
1453 2821
1453 2822
1454 1460
1454 1455
1454 1458
1455 2822
1455 1456
1455 1464
1456 4176
1456 1457
1457 1458
1457 4177
1458 1459
1459 1482
1459 1460
1460 1461
1461 1462
1461 1479
1462 2793
1462 1530
1463 3034
1463 1469
1464 1466
1464 1465
1464 1467
1465 1470
1465 1625
1466 3835
1466 4176
1467 1468
1467 1472
1468 1469
1468 1473
1468 3835
1469 1477
1470 1471
1470 2954
1471 1472
1471 1476
1472 2840
1473 1474
1473 1475
1474 1477
1474 1577
1474 2791
1475 1573
1475 1595
1475 2789
1476 1576
1476 2840
1476 2788
1478 4204
1479 1480
1479 1482
1480 1481
1480 3287
1481 2627
1481 1486
1481 1482
1482 1483
1483 2627
1484 3788
1484 2627
1484 2160
1485 3287
1485 2160
1486 3287
1486 2160
1487 3103
1487 2103
1488 2939
1488 1489
1488 2937
1489 2940
1489 1495
1490 2959
1490 2940
1491 2939
1491 2959
1491 1493
1491 2958
1492 2937
1492 1493
1492 4234
1494 4147
1496 2832
1496 2831
1496 2833
1497 3411
1497 4265
1498 3411
1499 3372
1500 4266
1500 2832
1501 1504
1501 2582
1502 1503
1502 2582
1502 3817
1503 2583
1505 1506
1505 1509
1506 1508
1506 1507
1507 1515
1507 1517
1508 1512
1508 1510
1509 4093
1509 1511
1509 1510
1512 2165
1513 1514
1513 3959
1515 2864
1516 3416
1516 1517
1516 2864
1517 2920
1518 3274
1520 3888
1521 1525
1521 1524
1522 1524
1523 1524
1527 3709
1529 3417
1529 3709
1531 2793
1532 1536
1532 1533
1532 1537
1533 1538
1533 1534
1534 1535
1534 1540
1535 2848
1535 3167
1536 1539
1536 1537
1537 1538
1537 1539
1538 4035
1539 1683
1540 4035
1541 1543
1541 3552
1541 1684
1542 1543
1543 1544
1544 3552
1545 3773
1545 3180
1547 2953
1547 1591
1547 1548
1548 1557
1548 1550
1549 1595
1549 1573
1549 1550
1549 1589
1550 1560
1551 2824
1551 1564
1551 2825
1551 1565
1552 1565
1552 1559
1552 1553
1553 1558
1553 1554
1554 1555
1555 2142
1555 1558
1556 1557
1556 2142
1556 2953
1557 1560
1557 1558
1558 1559
1559 1560
1559 1562
1560 1561
1561 1562
1561 1570
1562 1565
1562 1563
1563 1571
1563 1564
1563 1568
1564 1567
1566 1567
1566 2824
1566 4125
1567 1568
1568 1569
1569 1571
1569 1575
1570 1571
1570 1573
1570 1794
1572 1795
1572 1576
1572 2840
1572 1573
1572 1574
1574 1795
1574 1575
1575 1794
1576 2787
1577 1578
1577 1580
1578 2158
1578 1579
1579 1581
1579 1580
1579 1587
1580 1584
1581 1582
1582 1583
1582 2158
1583 3471
1584 1587
1584 1585
1585 1588
1585 1586
1586 1590
1586 1589
1586 1587
1587 1592
1588 2791
1588 1595
1589 1591
1590 1591
1590 1593
1591 1594
1594 2703
1596 2159
1596 1597
1597 3547
1598 1599
1598 2264
1599 2260
1599 1602
1600 4058
1600 1601
1601 1603
1601 2259
1602 2548
1603 2551
1604 3324
1604 1611
1604 1605
1605 1606
1605 1608
1606 1607
1606 4086
1607 4085
1607 4086
1608 1613
1608 1609
1608 4085
1609 3554
1610 3554
1610 3036
1610 3118
1611 2740
1611 3451
1611 4070
1612 3055
1612 3451
1612 3716
1613 2383
1613 3325
1614 3118
1614 1707
1615 1616
1615 1656
1615 3055
1616 1617
1616 1651
1617 1618
1617 1650
1618 1619
1618 1648
1619 4072
1619 1649
1620 1652
1620 4038
1620 4072
1621 3063
1621 1678
1621 1622
1622 3872
1622 4038
1623 3063
1623 3141
1623 3027
1624 3715
1625 2859
1626 1627
1627 3173
1627 2717
1627 3801
1628 3872
1628 3139
1628 3141
1629 3138
1629 3136
1629 3872
1630 3744
1630 1631
1631 1922
1631 1978
1632 3556
1632 3857
1633 1634
1633 4271
1634 3781
1635 1636
1637 3531
1637 3521
1638 3506
1638 3555
1639 1640
1639 1644
1640 1647
1641 1642
1641 1643
1641 1645
1642 2370
1642 1643
1643 1644
1645 1646
1645 1647
1646 2141
1646 2370
1648 1650
1648 1649
1649 1652
1650 3058
1651 3058
1651 1656
1651 3928
1651 1657
1652 3707
1653 1654
1653 1675
1654 1677
1654 1655
1655 3473
1656 3319
1656 1657
1657 2738
1658 1659
1659 1662
1659 1660
1660 1661
1660 1666
1661 1662
1661 1664
1661 2026
1662 1663
1662 3492
1663 3551
1663 3491
1664 2022
1665 1666
1665 1668
1665 1671
1666 1669
1667 2732
1667 1669
1668 1669
1668 2733
1670 1671
1671 1673
1672 1673
1673 1676
1674 1675
1674 3119
1675 1676
1676 1677
1678 3812
1678 3707
1679 3572
1679 3598
1680 2774
1680 3571
1680 3572
1681 3549
1681 3450
1681 3160
1681 3610
1682 2452
1682 3450
1682 3989
1683 1684
1683 3164
1685 2023
1685 2032
1686 1687
1686 1693
1686 1691
1687 1688
1687 1696
1688 1692
1688 3523
1689 1690
1689 3523
1690 1696
1690 2246
1691 2202
1691 1692
1692 3667
1692 3860
1693 2203
1693 1695
1694 2098
1694 3523
1695 1696
1695 2095
1697 1700
1697 1698
1698 1701
1699 1700
1702 1703
1702 2105
1702 4145
1703 1704
1703 2104
1704 4146
1704 3168
1705 3700
1705 2947
1706 2184
1706 3234
1706 1712
1707 3326
1707 3037
1708 3908
1708 1709
1708 2073
1709 3908
1709 2185
1710 2074
1710 3233
1710 3234
1711 3639
1711 1712
1711 2607
1712 3326
1713 2191
1713 2635
1714 1862
1714 1715
1714 3881
1714 1863
1716 2890
1717 1718
1718 2943
1719 3885
1719 2943
1719 3762
1720 1725
1720 3762
1720 3885
1721 1722
1721 3067
1721 4196
1722 3885
1722 1724
1723 1724
1723 4196
1723 3950
1724 1725
1726 1727
1726 1732
1726 1731
1726 1739
1727 1740
1727 1730
1728 1729
1728 2861
1728 1730
1728 3144
1729 3896
1729 1731
1730 1731
1730 1769
1732 1747
1733 3890
1733 1734
1733 3258
1734 3942
1734 3943
1734 3944
1735 1749
1735 1737
1735 1736
1735 3257
1736 3258
1736 1738
1737 1738
1737 1750
1737 1745
1738 3240
1738 1746
1739 1740
1739 1741
1740 3216
1740 1742
1741 1742
1741 1743
1742 1744
1742 1762
1743 1744
1743 3245
1743 1745
1744 1746
1745 1746
1745 1748
1746 4099
1747 1748
1747 3239
1748 3242
1749 3241
1749 1750
1750 3242
1751 1765
1751 1767
1751 3204
1752 2296
1752 3105
1753 1764
1753 4129
1753 4228
1753 4132
1754 1764
1754 4099
1754 1761
1755 4029
1755 4231
1755 4133
1756 2918
1756 1760
1756 4029
1756 1759
1757 1759
1757 1758
1757 4230
1758 1759
1758 4132
1760 3250
1760 1761
1761 4132
1762 1763
1762 4099
1762 4015
1763 4098
1763 3215
1764 2711
1765 3107
1765 1767
1766 1767
1766 3214
1766 3243
1768 3214
1768 2713
1768 4013
1769 1770
1769 2735
1770 4096
1770 2861
1771 4136
1771 3283
1772 4219
1772 1957
1772 2977
1772 3014
1773 1864
1773 1862
1774 2635
1774 1776
1774 1777
1775 1779
1775 1780
1775 1776
1776 1777
1777 1778
1778 1779
1779 1780
1780 1781
1781 3428
1781 1782
1781 1784
1782 1784
1783 1784
1783 3427
1785 1786
1785 1954
1785 3701
1786 1956
1786 1787
1786 1792
1787 3701
1787 1789
1788 3701
1788 1789
1789 1791
1790 3015
1790 1791
1791 1792
1792 3135
1793 3167
1793 3208
1794 1795
1797 1798
1797 3878
1798 3879
1798 1802
1799 1802
1799 2120
1799 3586
1800 1801
1801 1802
1802 2915
1803 2916
1803 2915
1804 2317
1804 2309
1804 2236
1804 3883
1805 2522
1805 2515
1805 2516
1806 3588
1806 3515
1806 2518
1807 3759
1807 1812
1807 3050
1808 2717
1808 1810
1808 2473
1809 2480
1809 2473
1810 1813
1810 2481
1811 3588
1811 2309
1811 2236
1812 2529
1812 2515
1813 2482
1814 4194
1814 3857
1814 4195
1815 3384
1815 2133
1815 3382
1816 2391
1816 2437
1816 2765
1816 1994
1817 3590
1817 1820
1817 3591
1818 3592
1818 1819
1818 2773
1819 2773
1819 3590
1820 2641
1820 1821
1821 3590
1821 3946
1822 1985
1822 1980
1822 1981
1822 1984
1823 1824
1823 2673
1823 2001
1824 2052
1824 2669
1825 1826
1825 1827
1826 2805
1826 2804
1827 3356
1827 2931
1827 3497
1828 1830
1828 2931
1828 3967
1829 2372
1829 1830
1830 2931
1831 2188
1832 2496
1832 2217
1833 3954
1833 2204
1834 2097
1834 1835
1834 2204
1835 2096
1835 2215
1836 3422
1836 2200
1836 2217
1836 3423
1837 3839
1837 2232
1837 3671
1838 3937
1838 1839
1838 1843
1839 1840
1839 1843
1840 1842
1840 1841
1840 1843
1841 1842
1841 4081
1841 2796
1841 2758
1842 1843
1842 2759
1842 4081
1843 2757
1844 1845
1844 2796
1844 3305
1845 4060
1845 1847
1846 1847
1846 4059
1846 3660
1846 4060
1847 1868
1848 1849
1848 4269
1848 2187
1848 1850
1849 1850
1849 2187
1851 4042
1851 4041
1852 1853
1853 1854
1854 2891
1854 1855
1855 2889
1855 1864
1856 1858
1856 1860
1857 1858
1857 1863
1857 1861
1858 1864
1859 1860
1859 2889
1862 1863
1865 1878
1866 3514
1867 3018
1867 3882
1868 1876
1868 2850
1869 2688
1869 3664
1869 3657
1869 3659
1870 1873
1870 1871
1870 3658
1870 3664
1870 4061
1871 1872
1871 2695
1872 3355
1872 1873
1873 4061
1873 1880
1874 3659
1874 3660
1874 4061
1874 4062
1875 2850
1875 1876
1875 1878
1876 1877
1878 1879
1879 2850
1880 4062
1880 1881
1881 3282
1881 3395
1882 1883
1882 3395
1883 1884
1887 1888
1891 1892
1891 3241
1892 1894
1892 3943
1893 1898
1893 3641
1893 3436
1894 1898
1894 4024
1895 3995
1895 1896
1895 1897
1896 1897
1896 3435
1897 3640
1901 1902
1903 1904
1903 1909
1904 1907
1904 1908
1905 3175
1905 1908
1905 1909
1906 1921
1906 1907
1906 1910
1907 3933
1908 3112
1910 3112
1910 2737
1911 1912
1911 3807
1911 3865
1912 3807
1913 1916
1913 1914
1913 3175
1913 3807
1914 3016
1915 1918
1915 1916
1915 3054
1916 1918
1917 3174
1918 3174
1919 3832
1919 1920
1920 1921
1920 3112
1921 3180
1922 4031
1923 3832
1924 3831
1925 3430
1925 3831
1926 1927
1928 1929
1928 3224
1929 2905
1929 3100
1930 3607
1930 3555
1930 2905
1930 3070
1931 3661
1931 2677
1931 3607
1932 3932
1932 3752
1932 1933
1932 3661
1933 3752
1934 3909
1934 1935
1935 3932
1936 1938
1936 4181
1937 3866
1938 1940
1939 1943
1939 1940
1941 1944
1941 1942
1942 1947
1942 1943
1943 1944
1945 1946
1945 3131
1945 3971
1946 1948
1946 3495
1946 1947
1947 3131
1949 3971
1950 1951
1952 1953
1952 1957
1952 3005
1953 1955
1953 4220
1953 3006
1954 1956
1954 4213
1954 1955
1955 4215
1956 4217
1957 3014
1957 4220
1958 3764
1958 1959
1958 3755
1959 1960
1959 3111
1960 3110
1960 3845
1961 1963
1961 1964
1962 4031
1962 1963
1962 3109
1964 1966
1964 3042
1965 3042
1965 3169
1965 1966
1967 2300
1968 1969
1968 4043
1968 4047
1969 2708
1970 1974
1970 1971
1970 4071
1971 1973
1971 4071
1972 3179
1972 1973
1973 1974
1975 3016
1975 1976
1975 3865
1976 1977
1977 1978
1979 3094
1979 3346
1979 1981
1980 3094
1981 1983
1982 1986
1982 1987
1982 1988
1983 1985
1983 1987
1984 1985
1984 3613
1986 1987
1986 3348
1988 1992
1988 1990
1988 1991
1989 1990
1989 1991
1989 2765
1990 1995
1991 2996
1992 1993
1993 2678
1994 1995
1994 1997
1995 1998
1996 2611
1996 2020
1996 1999
1996 2007
1997 1998
1997 2611
1998 1999
1998 2003
1999 2611
1999 2004
2000 2672
2000 2670
2000 2001
2000 2002
2001 2002
2002 2004
2003 2671
2003 2005
2003 2004
2004 2006
2006 2053
2006 2008
2007 2666
2007 2008
2008 2054
2009 2010
2009 2443
2009 3202
2010 2016
2010 2011
2011 2440
2011 2012
2011 2018
2012 2019
2012 2013
2013 2044
2013 3350
2014 3202
2014 2612
2014 2015
2015 2020
2015 2016
2015 2017
2016 2018
2016 3202
2017 2018
2017 2019
2018 2019
2019 2044
2020 2050
2021 3254
2021 3546
2022 2024
2022 3254
2022 2023
2023 2024
2024 2025
2025 3792
2025 2026
2026 3492
2027 3493
2027 4169
2028 4169
2028 2030
2029 2040
2029 2030
2029 2893
2030 4169
2031 2034
2031 2032
2031 3493
2032 2038
2032 3792
2033 2035
2033 2675
2033 4174
2033 2043
2034 2036
2034 4174
2035 2037
2035 2036
2036 2037
2037 2039
2038 2039
2040 2041
2041 2043
2042 2043
2042 2674
2042 2637
2044 2048
2044 3332
2045 2046
2045 2058
2046 2059
2046 2065
2047 2766
2047 2048
2047 2050
2048 2049
2050 2051
2050 2768
2051 2086
2051 3351
2052 2053
2052 2057
2053 2056
2053 3092
2054 2667
2054 3092
2055 2085
2055 3092
2055 2063
2056 2057
2056 2062
2057 2060
2058 2059
2060 2079
2060 2065
2061 2064
2061 2907
2061 2668
2062 2908
2062 2063
2063 2064
2064 2080
2065 2067
2066 2067
2066 2068
2067 2071
2068 2069
2069 2070
2070 3036
2070 2076
2071 3827
2071 2072
2073 2074
2073 2075
2074 2077
2075 2077
2075 2076
2075 3827
2076 3827
2077 2078
2077 2639
2078 3827
2078 2638
2079 2089
2079 2080
2080 2081
2081 2084
2081 2089
2082 2087
2082 2083
2083 2088
2083 2086
2084 2603
2084 2909
2084 2085
2085 2086
2087 2088
2088 3192
2089 3328
2090 3038
2091 2205
2091 2092
2091 2203
2091 2755
2092 3616
2092 2093
2093 2094
2093 2311
2094 2095
2094 2314
2095 2316
2096 2251
2096 2310
2097 2800
2097 2251
2097 2799
2098 2194
2098 2240
2098 2245
2099 2211
2099 2102
2099 2114
2099 2107
2100 3253
2100 2101
2100 3612
2100 2233
2100 2231
2101 2213
2101 2234
2101 2102
2102 2785
2102 2109
2103 4224
2104 2105
2104 3699
2105 3700
2106 2781
2106 2111
2106 2110
2107 2108
2107 2782
2108 2110
2108 2109
2109 2235
2110 2119
2111 2193
2111 2194
2111 2112
2112 2113
2112 2117
2112 3860
2113 3880
2113 2781
2114 2115
2114 2783
2114 2223
2115 3667
2115 2223
2116 2117
2116 2118
2116 3667
2116 3860
2117 2118
2118 3880
2119 2192
2119 2235
2119 2193
2122 2141
2123 2127
2123 2977
2124 2125
2125 2126
2126 2127
2128 2129
2130 3017
2130 2131
2131 3020
2131 3881
2131 3018
2131 3019
2132 3170
2133 2819
2134 2771
2134 4238
2134 4239
2135 3086
2135 3088
2135 2136
2136 3193
2136 3087
2137 3729
2137 3350
2137 3189
2138 2139
2138 2396
2138 2367
2139 2326
2139 2397
2139 2610
2140 2412
2140 2444
2140 3729
2143 2582
2143 2167
2144 2146
2144 2145
2148 2151
2148 2149
2149 2150
2150 2151
2152 2153
2152 2154
2153 2155
2154 2155
2155 2665
2156 3484
2156 4191
2158 2159
2161 2199
2161 2162
2161 2757
2162 3612
2162 2199
2163 2164
2163 2584
2163 2593
2167 2581
2168 3031
2169 2177
2170 3031
2170 2171
2172 2173
2172 2179
2173 3443
2173 2177
2174 2175
2174 2180
2174 4120
2175 2176
2175 2180
2176 3627
2178 2179
2180 3603
2181 3603
2181 4140
2181 3599
2182 3410
2182 4037
2183 3519
2184 4048
2184 2185
2185 3621
2185 2642
2185 3323
2186 3733
2186 3550
2188 2189
2188 2190
2189 3538
2189 2191
2190 3538
2192 2780
2192 3538
2192 2779
2193 2779
2194 2780
2195 2196
2195 2197
2196 2197
2196 2198
2198 3304
2199 3310
2200 2218
2200 2201
2201 2219
2201 2795
2202 2795
2202 2203
2204 3559
2205 2754
2205 2795
2206 2207
2206 2224
2206 2221
2206 2209
2207 2210
2207 2208
2208 2220
2208 2219
2209 2210
2209 2785
2209 2211
2210 2212
2211 2212
2212 2223
2213 2227
2213 2231
2213 2785
2214 2754
2214 3559
2214 2215
2215 2755
2216 3423
2216 3861
2216 3673
2217 3861
2219 2220
2220 2221
2221 2222
2222 2224
2222 4017
2222 2232
2224 2227
2225 2229
2225 2226
2225 4017
2226 2230
2227 2228
2228 2231
2228 2230
2228 2229
2229 2230
2232 3309
2233 2234
2234 2786
2234 2235
2236 3774
2237 2794
2237 2238
2237 2316
2237 2317
2238 2246
2238 2239
2238 2248
2239 2777
2239 2244
2239 2778
2240 2241
2240 2777
2241 2242
2242 2776
2243 3719
2243 2784
2243 4087
2244 2245
2244 2784
2245 2784
2246 2247
2248 3883
2248 2778
2249 2800
2249 2250
2249 3863
2250 2304
2250 2251
2252 2253
2252 3862
2252 2258
2253 2254
2253 3864
2254 2259
2254 2255
2255 3470
2255 2260
2256 2257
2256 2263
2256 3470
2257 2264
2257 2258
2258 4058
2259 3864
2260 2261
2261 2267
2261 3470
2262 2267
2262 3678
2262 2263
2262 2266
2262 3884
2263 2264
2265 2266
2265 2269
2266 2267
2266 2269
2267 2268
2268 2269
2268 3679
2270 3679
2270 2271
2270 2273
2271 2277
2271 3431
2272 2273
2272 3431
2272 3580
2272 2276
2273 3431
2274 3952
2274 2303
2274 2275
2274 3432
2274 2277
2274 2526
2274 3433
2275 2276
2275 2526
2276 3431
2277 2303
2278 2538
2278 2539
2278 3581
2278 3580
2278 2279
2280 2283
2281 3584
2282 2283
2282 3584
2282 2509
2284 3884
2284 2506
2284 3447
2286 3071
2286 2287
2287 2288
2287 3972
2288 3533
2289 3527
2289 3627
2289 4026
2290 3085
2290 2292
2290 3837
2291 3084
2291 2293
2291 3936
2292 4026
2292 2293
2293 2856
2294 3568
2294 4199
2294 4205
2295 3501
2296 3145
2296 4188
2296 4189
2297 2298
2297 2597
2298 2299
2299 2818
2299 2994
2300 3756
2300 4221
2301 2632
2301 3589
2301 2306
2302 3433
2302 2910
2302 2510
2302 2303
2304 2311
2304 2305
2304 2310
2304 2631
2305 2631
2305 2312
2305 2308
2305 2313
2306 3589
2306 2308
2306 2309
2307 2313
2307 2308
2307 2315
2308 2798
2309 2315
2310 3616
2311 2312
2312 2314
2312 2313
2314 2315
2314 2794
2316 2794
2317 2794
2317 3883
2318 3088
2318 3192
2318 2319
2319 2364
2319 2348
2320 2337
2320 2321
2320 2338
2320 3722
2321 2329
2321 2322
2321 2656
2322 2655
2322 2323
2322 2332
2323 2334
2323 2659
2323 2657
2324 2355
2325 2414
2325 4007
2325 4008
2326 4007
2326 2444
2326 2605
2327 2328
2327 2336
2327 2415
2328 2656
2328 2331
2328 2337
2329 2330
2329 2332
2329 2338
2330 2339
2330 2333
2331 2347
2331 2655
2332 2334
2332 2333
2333 2335
2334 2335
2334 2350
2335 2660
2336 2416
2336 2337
2337 2340
2338 3235
2338 2339
2339 3190
2340 2341
2340 2346
2341 2652
2341 3722
2342 3235
2342 3722
2343 2344
2343 2347
2343 2398
2343 2661
2344 2415
2344 2413
2345 2346
2345 3193
2345 3194
2346 2652
2347 2659
2348 3192
2348 2601
2349 2654
2349 3235
2349 2364
2349 2365
2350 2351
2350 2660
2350 2658
2351 2662
2351 2352
2351 2660
2352 2354
2352 2353
2353 3201
2353 2355
2354 2661
2354 2355
2354 2658
2356 3201
2356 2357
2356 2358
2357 2648
2357 2363
2357 2358
2358 2362
2359 2653
2359 2360
2359 2646
2360 3323
2360 3734
2361 2362
2361 2828
2361 2648
2363 2366
2363 2662
2364 3722
2365 3190
2366 2648
2366 2649
2367 2417
2367 2368
2368 2613
2368 2418
2368 3512
2369 2423
2369 2472
2369 2615
2369 3513
2370 2991
2371 3844
2371 3843
2371 3072
2372 2373
2373 3844
2373 2377
2374 2379
2374 2375
2374 4240
2375 2378
2375 2376
2375 3072
2375 3075
2376 4239
2376 3843
2377 2914
2377 3077
2378 3075
2378 2379
2379 4240
2380 3699
2380 2381
2380 2946
2381 2945
2382 2945
2383 3554
2384 3295
2385 3841
2386 2398
2386 2396
2387 2388
2387 2463
2387 4010
2387 2431
2388 2389
2388 2686
2389 2469
2389 2465
2390 2469
2390 2467
2390 2468
2390 3510
2391 2436
2391 2435
2392 2436
2392 3090
2392 3089
2393 2439
2393 2394
2393 3090
2394 2402
2394 2448
2394 2401
2395 2400
2395 2447
2395 2448
2396 2397
2397 4009
2398 4009
2399 2400
2399 2449
2399 2613
2400 2608
2400 2605
2401 3089
2401 2419
2401 2430
2402 2403
2402 2411
2403 2404
2403 2410
2404 2405
2404 2409
2405 2445
2405 2406
2405 2408
2406 2407
2406 3729
2407 2408
2407 2440
2408 2409
2408 2440
2409 2441
2409 2410
2410 2442
2410 2411
2411 2450
2412 4008
2412 2416
2413 2663
2413 2414
2414 2415
2416 3194
2417 2418
2419 2424
2419 2449
2420 2699
2420 2421
2421 2422
2421 2839
2422 2472
2422 3632
2423 2614
2423 2613
2423 2606
2423 2838
2424 2464
2424 2425
2425 2430
2425 2426
2426 2429
2426 2427
2427 2428
2427 2431
2427 3557
2428 3564
2428 3557
2429 3564
2429 2434
2429 2430
2431 3349
2431 3508
2432 2679
2432 3508
2432 3509
2433 2434
2434 2435
2434 2436
2435 3564
2436 2438
2437 2443
2437 2438
2438 2451
2439 2451
2439 2450
2440 2441
2441 2442
2442 2450
2442 2443
2442 2451
2444 2445
2445 2446
2446 2447
2446 2604
2447 2448
2448 2449
2452 2839
2453 2681
2453 3632
2453 3989
2454 2464
2454 2838
2454 2455
2454 2606
2455 2463
2455 2462
2456 2458
2456 2459
2456 3163
2457 2459
2457 2465
2457 3162
2458 3510
2458 3162
2459 2460
2460 3163
2460 2461
2461 2614
2461 2615
2462 2606
2462 2466
2462 2614
2463 2464
2465 2466
2466 2685
2468 2682
2468 2469
2470 3610
2470 3718
2470 3636
2471 2472
2471 3513
2471 3511
2471 3512
2473 2480
2474 2475
2475 2476
2476 2477
2476 2485
2477 2478
2477 2485
2477 2483
2477 2486
2478 2479
2478 2486
2479 2482
2479 2480
2480 2481
2481 2482
2482 2483
2484 2487
2484 2486
2484 2485
2487 2488
2487 3647
2488 2719
2488 3481
2489 2719
2489 3643
2489 2728
2490 2559
2490 2491
2490 2728
2491 3345
2492 3825
2492 2493
2492 3344
2493 3340
2493 3343
2494 2540
2494 2495
2495 2552
2495 3668
2496 3954
2497 3829
2497 3830
2498 2499
2498 3830
2499 2865
2499 2501
2500 2503
2500 2812
2500 4075
2501 2989
2502 3912
2502 3406
2502 2989
2503 2809
2503 2807
2503 2972
2504 3406
2504 3004
2504 2985
2504 2983
2505 2986
2505 3374
2505 3003
2506 3446
2506 4092
2507 2985
2507 2814
2508 2509
2508 2984
2508 3023
2508 2811
2509 2997
2510 2632
2510 2511
2511 3515
2511 2910
2512 2524
2512 2525
2512 3432
2513 2524
2513 2520
2513 2514
2514 2519
2514 2528
2514 2843
2515 2716
2516 2518
2516 2517
2517 3434
2517 2520
2518 4055
2519 2523
2519 2520
2519 2529
2520 2521
2521 2522
2521 2523
2522 2716
2523 2716
2524 2525
2525 2526
2527 3051
2527 2530
2527 2532
2528 2529
2528 2531
2529 3051
2530 3723
2530 3724
2531 2547
2531 2532
2532 4063
2532 4064
2533 4063
2533 2551
2533 3724
2534 3725
2534 3653
2534 3723
2535 2537
2535 3727
2535 3653
2536 3846
2536 2537
2536 3803
2537 3652
2538 2545
2538 2539
2539 2544
2540 2541
2540 4091
2541 2553
2541 4073
2542 4073
2542 4168
2542 4074
2543 2841
2543 2547
2543 4168
2545 2546
2545 3682
2546 2550
2546 2551
2546 2549
2547 2550
2548 2549
2548 4064
2549 2550
2552 4091
2552 2554
2553 4074
2554 3292
2554 3985
2555 3987
2555 3985
2555 3683
2556 3986
2557 2558
2557 2565
2557 3548
2558 3393
2558 3548
2559 2560
2559 3389
2560 3689
2560 3688
2561 3692
2561 3691
2562 3692
2562 2971
2563 3684
2563 3686
2563 3390
2564 3684
2564 2565
2564 3686
2565 3390
2566 3646
2566 3645
2566 3643
2567 2568
2567 2579
2567 2575
2568 2569
2568 2577
2570 2573
2570 2572
2570 2577
2571 2574
2571 2572
2571 2575
2572 2578
2572 2573
2573 2574
2574 3846
2575 2578
2576 2577
2577 2578
2579 2580
2580 2725
2581 2582
2583 2588
2583 2587
2584 2591
2584 3818
2585 2586
2585 2592
2586 2587
2586 2592
2587 2591
2587 2594
2588 2590
2588 3768
2589 3817
2589 3768
2589 2590
2589 3819
2590 3817
2591 2592
2591 2593
2595 3751
2595 4190
2595 3930
2596 2599
2597 2598
2597 2599
2600 4167
2600 3142
2601 2643
2601 2602
2603 3426
2603 3192
2605 2610
2606 2838
2607 2641
2609 2610
2615 3163
2616 2981
2618 3134
2618 2619
2619 2620
2619 3542
2620 3320
2622 3959
2622 4094
2623 3414
2624 2863
2624 3535
2626 3413
2626 3534
2627 4053
2628 3459
2629 3499
2630 3499
2630 3286
2631 2798
2632 2798
2633 2634
2638 2639
2638 3233
2639 2640
2641 3233
2643 3425
2643 3833
2644 3190
2645 2647
2646 2647
2646 3889
2647 3717
2650 2651
2652 3088
2655 2656
2658 2659
2662 3201
2663 4009
2663 2664
2672 3613
2672 2673
2673 3613
2675 3875
2675 4095
2677 3507
2677 3555
2679 2680
2679 3347
2682 2683
2682 2684
2687 3029
2688 2689
2688 3657
2689 3658
2689 3956
2690 3957
2690 3655
2690 3615
2691 2698
2691 3823
2691 3824
2692 3962
2692 2697
2692 2693
2693 2700
2693 3962
2694 2700
2695 3676
2695 2696
2696 3821
2696 3823
2697 2698
2697 3962
2698 3514
2700 2701
2701 3030
2701 3677
2702 2703
2704 2705
2704 3018
2705 3019
2706 2707
2708 3868
2709 3981
2710 3228
2710 3798
2711 2713
2711 2714
2712 4129
2712 2714
2712 3214
2713 2714
2715 3727
2717 3849
2718 3850
2718 3849
2719 3850
2720 3849
2720 3480
2720 2721
2721 2727
2721 2722
2722 2723
2722 2727
2723 2726
2724 3172
2724 2726
2724 3173
2725 3171
2725 3172
2727 2728
2728 3648
2729 3859
2729 2730
2729 2731
2732 3490
2732 2733
2733 3490
2734 3294
2735 4098
2735 3107
2736 3731
2739 3716
2739 3319
2740 2741
2740 3057
2741 3062
2742 2745
2742 4248
2742 2744
2743 2744
2743 2967
2744 3516
2745 4247
2746 2747
2747 2748
2749 2803
2749 2806
2750 2803
2751 3282
2751 3892
2751 2819
2752 2753
2754 2755
2755 3616
2756 3799
2756 2758
2757 2759
2758 2796
2759 4080
2760 2997
2761 2762
2763 2764
2763 3776
2765 3557
2765 3349
2766 2767
2766 3350
2767 2768
2767 3189
2768 2769
2769 3087
2769 3351
2770 3192
2772 3591
2772 3093
2772 3592
2773 3571
2774 3946
2774 3558
2775 3549
2776 2778
2776 3719
2776 2777
2779 2780
2781 2782
2782 2783
2783 3880
2787 2788
2789 2790
2789 2840
2791 2792
2793 2823
2796 4079
2797 4242
2797 3101
2797 4239
2799 3334
2799 3829
2800 2801
2802 4099
2802 3238
2802 3240
2803 2805
2804 2806
2805 2806
2807 2808
2809 2984
2809 2810
2810 3828
2810 2972
2811 3584
2811 2972
2811 3923
2812 2813
2812 3780
2813 2815
2813 2814
2814 2816
2815 2816
2815 2817
2816 2817
2817 2985
2818 3180
2821 2822
2824 2826
2825 2827
2825 4149
2828 2829
2828 3717
2829 2830
2831 4260
2832 4265
2833 3272
2834 3411
2835 2836
2835 2837
2841 3789
2841 3375
2842 3682
2844 4137
2844 3936
2844 3935
2845 4137
2847 2854
2847 3730
2847 2856
2848 2848
2853 2952
2854 2855
2856 2857
2858 2990
2859 3566
2859 4084
2860 2999
2861 2862
2863 3414
2864 3969
2865 2866
2865 3374
2866 2868
2866 2869
2867 2869
2868 2871
2868 2870
2869 2871
2871 2872
2873 2874
2874 4138
2875 2876
2877 2878
2878 2879
2881 2882
2881 2883
2882 2884
2882 3129
2883 2884
2883 2894
2884 2894
2886 3469
2887 2898
2887 2897
2888 3293
2891 2902
2893 3494
2893 4174
2894 2895
2896 2898
2896 2897
2899 2900
2900 2901
2901 2902
2902 2903
2904 3970
2905 3496
2906 3496
2908 2908
2910 4055
2911 2912
2912 3223
2913 3924
2913 2936
2915 2916
2917 4115
2920 3415
2921 2922
2923 3231
2923 3732
2924 4178
2924 3732
2924 2925
2925 2927
2925 3231
2926 3230
2927 2930
2927 2929
2928 2930
2928 2929
2929 3230
2930 3302
2931 3498
2932 2933
2933 2934
2935 3742
2935 2936
2938 4036
2938 4225
2938 4148
2939 2940
2941 2942
2941 4199
2942 4199
2944 3262
2945 2946
2946 3893
2947 3264
2947 3263
2948 4200
2949 3158
2950 3321
2952 4204
2958 2959
2960 2975
2961 3394
2961 3534
2962 4065
2964 3082
2964 4166
2965 2968
2966 2967
2966 4249
2968 3522
2973 2974
2975 2982
2975 3401
2976 4083
2977 4030
2978 2979
2979 4251
2980 3327
2981 3638
2982 3400
2982 3147
2983 4075
2983 4076
2984 3780
2987 3804
2987 2988
2987 3884
2988 2989
2992 2995
2993 2994
2993 2995
2994 2995
2996 3349
2996 3348
2997 3445
2999 4170
3000 3331
3000 3329
3001 3002
3002 3124
3002 4254
3003 3004
3003 3917
3004 3916
3005 3008
3005 3951
3005 3006
3006 3007
3006 3701
3007 3951
3008 3014
3009 3951
3010 3011
3010 3012
3011 3053
3012 3748
3013 3763
3013 4090
3013 3796
3015 3054
3015 3016
3017 3882
3017 3020
3018 3020
3019 3881
3020 3882
3021 3618
3021 3022
3021 3232
3022 3232
3022 4150
3024 3028
3024 3026
3027 3028
3027 3043
3028 3812
3028 3043
3030 3209
3031 3032
3034 4177
3034 3835
3035 3038
3036 3037
3036 3118
3037 3908
3038 3779
3039 3041
3039 3040
3040 3795
3041 4160
3042 3430
3044 3045
3046 3048
3046 3047
3046 4101
3047 4102
3048 3049
3048 4100
3050 3051
3050 3760
3052 4035
3053 3940
3055 3319
3055 3060
3056 3061
3057 3062
3057 3451
3059 3062
3060 3337
3062 3716
3064 3597
3065 3067
3066 4195
3066 3067
3066 4196
3068 3983
3069 4068
3069 4069
3071 3974
3072 3077
3073 3074
3074 3074
3074 3076
3075 3076
3076 3077
3079 4272
3079 3080
3079 4163
3080 4163
3080 4162
3081 3082
3081 4165
3082 4165
3083 3084
3084 3085
3085 4139
3086 3351
3086 3087
3089 3090
3093 3346
3093 3094
3096 3098
3096 3837
3097 3587
3098 3627
3099 3587
3099 4141
3101 4240
3101 4241
3102 4241
3102 3104
3103 4234
3103 4235
3104 4057
3104 4243
3105 4096
3106 3108
3106 4097
3106 3795
3107 4096
3108 4097
3110 3845
3111 3279
3111 3764
3113 3114
3114 3865
3115 3116
3117 4112
3123 3124
3125 3126
3125 3782
3126 3702
3126 3129
3127 3781
3127 3704
3128 3458
3129 3654
3130 3597
3132 3909
3133 3260
3135 3137
3136 3750
3137 3813
3138 3140
3139 3141
3142 4110
3142 3501
3144 3145
3144 3895
3145 3895
3146 4187
3146 4189
3148 3154
3149 3400
3150 3401
3151 4172
3151 3156
3152 3153
3152 3157
3153 3156
3154 3159
3155 3157
3155 4171
3158 3914
3160 3558
3161 3989
3162 3510
3164 4035
3164 3552
3165 3166
3167 3367
3168 4147
3168 4036
3169 3482
3169 4083
3171 3801
3171 3172
3172 3173
3173 3801
3174 3175
3175 3933
3176 3177
3176 3751
3176 3930
3177 3751
3181 3184
3181 3186
3182 3184
3183 3186
3183 3335
3184 3785
3185 3186
3187 3563
3188 4124
3189 3191
3191 3193
3191 3194
3195 3196
3197 4227
3197 4126
3197 3200
3198 4229
3198 4134
3199 4126
3200 4126
3200 4127
3203 3204
3203 3902
3203 3617
3204 4129
3205 3283
3205 4032
3205 4135
3206 3211
3207 4002
3207 3757
3209 3673
3210 3799
3212 4191
3212 3913
3213 3457
3215 3217
3215 3216
3216 3218
3219 3220
3220 3222
3220 3227
3221 3222
3224 3226
3229 4222
3229 3482
3229 3708
3230 3231
3232 3268
3234 3636
3236 3240
3237 3243
3237 3244
3237 3251
3238 3250
3238 3248
3239 3247
3239 3245
3241 3246
3242 3437
3243 3244
3244 4098
3245 3249
3250 3258
3252 3439
3253 3612
3255 3469
3256 3314
3257 3258
3257 3942
3261 3263
3261 3262
3262 3264
3262 3893
3263 3264
3264 3893
3265 3520
3265 3266
3266 3300
3266 3733
3267 3623
3267 3758
3268 4149
3269 3270
3271 3429
3271 3272
3272 3273
3275 3663
3277 3278
3278 3897
3279 3845
3280 3281
3283 3284
3285 4131
3285 4228
3288 4182
3289 3771
3289 3453
3290 3379
3290 3378
3291 3987
3291 3345
3291 3344
3291 3808
3294 3562
3296 3297
3296 3912
3296 3298
3297 3299
3297 3298
3298 3911
3299 3911
3302 4178
3303 3306
3303 3307
3303 3305
3304 3310
3304 3312
3305 3308
3305 3313
3307 3312
3307 3313
3309 3422
3309 3316
3310 3311
3311 3312
3311 3669
3313 3738
3314 3315
3317 3962
3318 3526
3321 3773
3323 3550
3324 3325
3324 4070
3325 3326
3327 4085
3335 3847
3335 3848
3337 4072
3338 3339
3338 3342
3339 3341
3339 4183
3340 3342
3340 3343
3341 3343
3341 3668
3344 3826
3344 3825
3345 3548
3346 3347
3347 3348
3352 3353
3357 3358
3358 3360
3359 3360
3360 3361
3360 3387
3362 3364
3362 3363
3363 3365
3364 3366
3364 3365
3367 3444
3368 3370
3368 3961
3369 3370
3370 3961
3371 3870
3371 3871
3371 3373
3372 3870
3374 3976
3375 3375
3376 3720
3376 3386
3377 3387
3377 3378
3379 3381
3379 3380
3380 3381
3380 3383
3381 3382
3382 3384
3382 3383
3383 3385
3384 3386
3385 3518
3388 3892
3389 3646
3389 3391
3391 3391
3392 3393
3393 3826
3394 3502
3395 3753
3396 3753
3396 3396
3397 3398
3397 4049
3398 3399
3399 3400
3401 3402
3402 3403
3403 3404
3405 3406
3407 3780
3408 4273
3408 4173
3410 3837
3410 3936
3414 3958
3420 3421
3421 3424
3421 3777
3422 3424
3423 3424
3427 3853
3432 3434
3433 3952
3434 3952
3435 3436
3437 3439
3437 3440
3438 3442
3439 3442
3440 3442
3440 3441
3443 4120
3446 3805
3447 4092
3450 3588
3452 3467
3453 3455
3454 3455
3457 3458
3458 3983
3460 3461
3461 3465
3462 3463
3462 3465
3462 3464
3467 3961
3468 3469
3471 3472
3474 3475
3474 3478
3475 3479
3476 3478
3476 3477
3477 3562
3477 3479
3479 3561
3482 3955
3483 3488
3483 4100
3483 4097
3484 3485
3484 4100
3484 3486
3484 3487
3484 3489
3485 4157
3485 3489
3487 4160
3488 4097
3488 4160
3489 4101
3491 3492
3492 3493
3493 3792
3499 4122
3500 3981
3500 3982
3502 4094
3503 4028
3503 3504
3503 3890
3504 4029
3504 4028
3505 3506
3505 4259
3508 4010
3508 3509
3509 4010
3511 3512
3511 3513
3514 3800
3517 3518
3519 3520
3519 4078
3520 3775
3521 4056
3525 3540
3526 3739
3528 3626
3528 3654
3529 3654
3529 3530
3530 3531
3531 3972
3531 3532
3532 3972
3532 3533
3534 3535
3536 3537
3539 3541
3541 3598
3543 3544
3544 3740
3545 3670
3545 3937
3549 3610
3550 4048
3559 3560
3561 3562
3563 4153
3563 4065
3565 3566
3565 3567
3566 4084
3568 4204
3568 4203
3569 4203
3569 3570
3571 3572
3573 4268
3573 3575
3574 3575
3574 3576
3578 3900
3578 3926
3578 4130
3580 3583
3582 3583
3583 3953
3585 3586
3588 3589
3591 3592
3594 3595
3600 3602
3601 3602
3602 3603
3604 4006
3606 4154
3608 3635
3608 3761
3609 3635
3609 3634
3614 3675
3614 3615
3614 3957
3615 3655
3615 3821
3618 4119
3619 3620
3619 4149
3619 4151
3620 4115
3620 4125
3621 3948
3622 3623
3624 3625
3626 3654
3628 3945
3628 3629
3630 3631
3630 4201
3630 4200
3631 4201
3632 3633
3634 3635
3637 3639
3637 3638
3639 3914
3640 3641
3640 3642
3641 3642
3643 3644
3646 3647
3649 3650
3649 3651
3650 3651
3652 3759
3652 3653
3653 3726
3655 3656
3655 3822
3657 4059
3658 3664
3659 3660
3659 3664
3662 4067
3665 3666
3666 3856
3668 4183
3670 3839
3670 3737
3671 3839
3671 3838
3672 3777
3673 3777
3674 3956
3677 3677
3679 3680
3681 3682
3683 3986
3683 3984
3684 3685
3687 3906
3688 3691
3688 3906
3690 3691
3692 3693
3695 3696
3697 3941
3698 3891
3702 3783
3702 3784
3703 3783
3703 3705
3703 3706
3704 4052
3704 3706
3705 3706
3706 4052
3708 4082
3708 4030
3709 3710
3711 3712
3713 4089
3713 3714
3717 4077
3718 3774
3719 3946
3723 3760
3724 3725
3725 3726
3726 3727
3727 3803
3733 3735
3733 3734
3734 3736
3735 3736
3739 4184
3741 3834
3741 3763
3742 3743
3744 3748
3744 3745
3746 3747
3748 3749
3750 4246
3753 3754
3755 3756
3755 4221
3756 3834
3757 3758
3757 3995
3759 3760
3761 4200
3762 3886
3763 3764
3766 3767
3768 3818
3769 3770
3771 3772
3774 3883
3775 4078
3782 3990
3783 3784
3783 3960
3786 3787
3788 4054
3788 4053
3790 3791
3794 3795
3794 4135
3795 4231
3796 4090
3797 3798
3803 3846
3805 3806
3809 3810
3814 3815
3818 3819
3820 3913
3820 4162
3820 4164
3821 3822
3822 3824
3823 3824
3825 3826
3829 3830
3831 3832
3836 4196
3841 3842
3851 3852
3854 4210
3855 3856
3855 4194
3856 3857
3858 4270
3859 3938
3859 3939
3862 3863
3862 4058
3863 3864
3866 4179
3866 3867
3867 3909
3869 3870
3873 4051
3876 3877
3876 3879
3877 3878
3878 3879
3887 4207
3887 4206
3890 3944
3894 4189
3895 3896
3895 4188
3896 4187
3897 3898
3898 4136
3899 3926
3899 3900
3900 3901
3901 3905
3901 4228
3902 4128
3902 3904
3903 4128
3903 4114
3903 3925
3904 3926
3904 3925
3904 4114
3905 4228
3905 4130
3906 3907
3909 4181
3911 3912
3915 3916
3915 4075
3915 3918
3916 4076
3916 3917
3917 3978
3917 3918
3918 3977
3919 3921
3920 3929
3920 3922
3921 3922
3921 3929
3922 3924
3925 4114
3931 4235
3931 4234
3931 4236
3935 3936
3935 4037
3935 4233
3936 4037
3938 3939
3942 3943
3944 4025
3949 3950
3949 4201
3950 4201
3956 3957
3959 4066
3960 4052
3963 3964
3964 4269
3965 3968
3966 3968
3967 3968
3972 3974
3973 3974
3975 4141
3975 4142
3975 4140
3976 3980
3976 3979
3977 3978
3977 3979
3978 3980
3979 3980
3984 3985
3984 4091
3986 3987
3991 3992
3993 3994
3995 3997
3996 3997
3997 3998
3998 4001
3998 4002
3999 4005
3999 4001
4000 4005
4000 4002
4000 4001
4003 4004
4004 4005
4004 4021
4007 4008
4011 4091
4013 4015
4013 4014
4015 4016
4017 4018
4020 4021
4020 4232
4021 4022
4022 4023
4024 4032
4024 4136
4025 4028
4025 4032
4025 4135
4026 4027
4028 4231
4029 4230
4030 4082
4033 4034
4036 4147
4038 4039
4039 4040
4041 4045
4042 4043
4043 4044
4044 4047
4046 4047
4050 4051
4053 4054
4057 4243
4059 4060
4061 4062
4063 4064
4068 4069
4073 4074
4079 4081
4079 4080
4080 4081
4082 4083
4084 4089
4088 4089
4093 4094
4100 4101
4101 4102
4102 4157
4102 4104
4103 4158
4103 4105
4103 4104
4103 4155
4104 4156
4104 4157
4105 4106
4106 4107
4107 4110
4108 4112
4108 4109
4110 4111
4112 4156
4113 4124
4115 4151
4115 4152
4116 4117
4117 4226
4119 4227
4120 4121
4123 4124
4125 4152
4125 4153
4128 4129
4128 4130
4131 4132
4131 4134
4133 4230
4133 4229
4134 4229
4134 4230
4135 4231
4137 4138
4140 4141
4142 4144
4142 4145
4143 4146
4143 4145
4143 4144
4144 4145
4146 4147
4148 4225
4148 4224
4149 4150
4150 4151
4152 4153
4154 4167
4155 4156
4157 4158
4159 4160
4161 4191
4163 4166
4163 4164
4164 4165
4165 4166
4166 4273
4171 4172
4176 4177
4179 4181
4180 4181
4185 4186
4187 4188
4188 4189
4192 4193
4192 4272
4194 4195
4199 4202
4199 4207
4202 4205
4203 4205
4203 4204
4206 4207
4206 4209
4208 4209
4211 4212
4213 4214
4213 4215
4213 4217
4214 4218
4214 4216
4215 4220
4215 4216
4216 4219
4217 4218
4219 4220
4221 4222
4224 4225
4234 4235
4236 4237
4237 4238
4239 4240
4241 4243
4242 4243
4244 4245
4244 4246
4247 4248
4249 4250
4252 4254
4254 4255
4255 4256
4257 4258
4260 4261
4261 4262
4262 4263
4264 4265
4265 4266
4266 4267
4268 4269
4272 4273
