0 2962
0 3267
1 229
1 3105
1 2794
2 2929
2 2215
2 2563
3 3112
3 2852
3 2929
4 13
4 413
4 3153
5 867
5 389
5 3242
6 2811
6 2810
6 889
7 129
7 8
7 2792
8 3069
8 230
9 381
9 3680
9 67
9 277
9 3633
10 907
10 382
10 839
10 2169
11 382
11 483
11 906
11 3558
12 537
12 3558
12 494
13 3114
13 3242
14 3115
14 2214
14 3114
15 2955
15 2742
15 2956
16 2743
16 2958
16 2742
17 3267
17 2741
17 3268
18 3648
18 495
18 3751
18 3744
19 3522
20 3523
20 3637
20 32
21 998
21 22
21 28
22 23
22 1325
23 2025
23 24
24 25
24 235
25 29
25 26
26 27
26 30
27 2024
27 28
28 234
29 191
29 235
30 2024
30 3763
31 32
31 216
31 3386
32 1310
33 842
33 843
33 3845
34 3846
34 803
34 3837
34 243
35 36
35 311
35 842
36 132
36 38
36 137
37 3256
37 3814
37 3257
38 243
38 3838
39 480
39 3767
39 3568
39 485
40 704
40 717
40 712
41 3317
41 1827
41 3319
42 2870
42 786
42 3206
43 3196
43 2868
43 197
43 2869
44 3252
44 1980
44 2445
45 46
45 3509
45 1980
46 2470
46 3507
46 3509
47 48
47 2463
47 50
48 49
49 2472
49 50
50 2458
51 52
51 1955
51 3194
51 3196
52 197
52 3198
52 3197
53 54
53 3788
53 116
53 484
54 66
54 2169
54 3791
55 3695
55 3790
55 3789
56 2861
56 1243
56 3471
57 294
57 279
57 3401
58 284
58 59
58 3401
59 60
59 340
59 301
60 61
60 348
60 3402
61 130
61 1331
61 805
62 490
62 198
63 65
63 3256
63 303
64 65
64 3257
64 360
65 490
66 303
66 402
66 3125
66 3378
67 77
67 144
68 70
68 491
68 1046
69 1007
70 1052
70 1054
71 631
71 3654
71 302
72 487
72 1188
72 101
73 309
73 401
73 399
73 341
73 1272
74 242
74 1232
74 846
75 96
75 89
75 87
76 3085
76 2000
76 2002
77 142
77 97
78 491
78 3421
79 2943
79 297
79 3083
80 99
80 111
80 2943
81 2919
81 2920
81 3523
82 101
82 489
82 2031
82 488
83 289
83 285
83 86
84 109
84 1029
84 2968
84 1002
85 109
85 1037
85 1036
85 2964
86 97
86 343
87 1117
87 89
88 1007
88 2988
88 838
89 2948
90 3101
90 289
90 288
91 631
91 198
91 313
92 3084
92 106
92 309
93 350
93 141
93 3174
94 3394
94 350
94 142
94 619
95 97
95 619
95 342
96 1067
96 1066
98 488
98 3175
98 614
99 3082
99 3083
100 1060
100 1052
100 1049
101 2027
101 2026
102 1062
102 1067
102 1053
103 1263
103 1252
103 290
103 1271
104 203
104 1289
104 210
105 1062
105 2995
105 1056
106 1272
106 2001
107 1125
107 314
107 111
108 1335
108 130
108 801
108 810
109 1000
110 1069
110 1070
110 3454
111 392
112 3387
112 113
113 1326
113 114
114 1327
114 115
115 3786
116 484
116 3558
117 2861
117 2839
117 2838
118 3725
118 3724
118 2837
119 120
119 1344
119 3725
120 121
120 3313
121 1237
121 1236
122 1467
122 1466
122 3624
123 1513
123 3362
123 3361
124 3510
124 2865
124 3250
125 1426
125 1435
125 3472
126 273
126 2823
127 3355
127 189
127 272
128 3075
128 3676
128 3504
129 3466
129 3091
130 1228
130 1226
131 132
131 202
131 1221
132 136
132 243
133 134
133 136
133 540
134 135
134 361
134 137
135 360
135 539
136 137
136 1221
137 636
138 139
138 1975
138 1977
138 1955
139 3197
139 3373
140 1788
140 1786
140 141
140 3726
141 144
141 351
142 143
143 351
143 144
145 639
145 2848
145 2849
146 217
146 2849
146 2848
147 3785
147 155
147 462
147 597
148 770
148 2033
148 771
149 1415
149 942
149 941
150 659
150 155
150 671
151 218
151 676
151 2392
152 3199
152 3546
152 3201
153 2249
153 3480
153 3481
154 3546
154 3201
154 2845
155 660
156 827
156 920
156 3039
156 218
157 158
157 933
157 928
158 159
158 927
159 3848
159 3005
160 949
160 948
160 3050
160 2426
161 3559
161 553
161 3794
162 560
162 2755
162 2756
163 639
163 3830
163 673
164 688
164 2399
164 685
164 2397
165 849
165 3434
165 3435
166 167
167 178
167 179
168 2144
168 3684
168 169
168 178
169 170
169 2149
169 3398
170 2145
170 3486
171 172
171 2090
171 2136
172 2136
172 3437
173 174
173 3437
173 2137
174 175
174 2142
175 2111
175 423
176 3012
176 177
176 3657
177 847
177 3658
177 848
178 179
179 182
180 182
180 181
180 3566
181 3091
181 3676
182 3505
183 3025
184 3354
184 185
184 3027
185 271
185 3717
186 3352
186 2381
186 3353
187 188
187 2638
187 3352
188 478
188 2926
189 3717
190 1014
190 838
190 2989
191 1068
191 3259
192 1199
192 1077
192 2632
193 194
193 406
193 1199
194 379
194 195
195 3715
195 380
196 3566
196 2790
196 3715
197 3206
197 2867
197 3196
198 539
199 3812
199 543
199 542
200 542
200 540
200 201
201 806
201 241
202 809
202 1222
203 204
203 205
204 1333
204 206
205 210
205 3390
205 206
206 207
207 208
207 260
208 210
208 1296
209 210
209 1290
209 1292
211 1295
211 212
211 1292
212 256
212 1304
213 256
213 257
213 1304
214 1321
214 257
214 1312
215 259
215 216
215 1321
216 1308
217 533
217 597
217 3701
218 825
219 3293
219 2931
219 3587
220 2930
220 2928
220 3239
221 3293
221 222
221 3255
222 2936
222 2933
223 2697
223 2934
223 2578
224 2496
224 2500
224 2698
224 1568
225 3143
225 1570
225 1577
226 3192
226 2505
226 1606
227 669
227 228
227 2391
228 832
228 822
229 3183
229 3185
230 3002
230 3614
231 3601
231 3041
231 3715
232 3710
232 3711
232 2557
233 3625
233 3690
233 3011
233 2603
233 3607
234 998
234 3636
235 3261
236 1178
236 479
236 2821
237 238
237 3312
237 2840
238 2838
238 2841
239 2856
239 1422
239 3291
240 3382
240 1347
240 3314
241 1240
241 1238
242 1223
242 1230
244 723
244 3673
244 769
245 527
245 522
245 528
245 697
246 1075
246 2985
246 1073
246 1078
247 1078
247 2921
247 1179
248 912
248 910
248 1189
249 2058
249 425
249 2043
250 251
250 2059
250 2060
251 2053
251 252
252 253
252 2049
253 2111
253 2150
254 2013
254 2016
254 2015
255 3383
255 1299
255 256
257 258
258 1323
258 1322
258 259
259 3170
260 810
260 846
261 2011
262 3442
262 2019
262 3071
263 2003
264 678
264 684
264 690
265 853
265 266
265 3445
266 854
266 268
267 3120
267 860
267 268
267 877
268 3123
269 2737
269 2850
269 3088
270 3644
270 510
270 593
271 2378
271 3102
272 273
272 3104
273 3103
274 275
275 3102
275 3184
276 3405
276 291
277 840
277 278
277 381
277 515
277 906
278 3574
278 551
279 280
279 281
282 283
282 1275
282 1277
282 3401
283 1281
283 284
283 298
284 298
285 342
285 374
286 377
286 374
286 287
286 371
287 375
287 368
288 289
288 343
290 1270
290 1268
291 292
291 294
292 293
293 3404
294 295
295 1287
295 3402
295 1337
296 1279
296 1286
296 1285
296 297
297 307
298 3406
299 1273
299 340
299 307
300 637
300 301
300 340
301 348
301 843
302 304
302 305
303 304
304 3378
304 305
305 490
306 2984
306 2636
306 2635
307 308
308 309
308 341
309 1272
310 311
310 637
310 386
311 2918
312 398
312 401
312 3132
313 3825
313 384
314 315
314 317
315 316
315 318
316 2944
316 317
318 319
318 320
321 1503
321 1707
321 1502
322 338
322 1504
322 1510
322 1503
323 324
323 1505
323 1504
324 1701
324 338
325 1516
325 1506
325 1505
326 1509
326 3052
326 1728
326 1508
327 1628
327 1798
327 1509
328 2781
328 2785
328 2786
329 330
329 2892
329 2891
330 3524
330 3526
331 2963
331 3525
331 1501
332 1715
332 1507
332 1506
333 2884
333 2781
333 2886
334 3610
334 335
334 1706
335 336
335 1700
335 1482
336 337
336 1481
337 2897
337 1699
338 1707
339 1346
339 3315
339 3313
340 341
341 637
342 376
343 3125
344 433
344 2172
344 3447
345 353
345 352
345 355
346 353
346 2945
346 347
347 358
347 357
348 844
349 350
349 614
349 616
349 3175
350 351
352 363
352 354
353 356
358 359
360 361
361 2564
361 362
362 541
362 3824
363 364
365 366
365 402
365 3101
366 3654
366 367
367 3101
367 3654
368 3841
368 369
369 628
369 375
370 632
370 633
370 635
371 627
371 623
371 378
372 2029
372 622
372 373
373 1256
373 1258
373 3424
374 375
376 621
376 377
377 378
378 617
379 380
379 479
379 2045
380 2046
381 839
382 908
382 840
383 384
383 3130
383 387
383 398
384 1244
384 386
385 630
385 3129
385 1246
385 493
386 3801
386 387
387 399
388 1678
388 3117
388 3244
389 2682
389 3241
390 2686
390 1556
390 3666
390 3667
390 3668
391 393
392 393
392 403
393 403
394 2943
395 1272
395 1270
395 397
395 396
397 1271
397 400
398 399
400 3132
400 401
402 3378
403 404
405 1198
405 406
406 1216
406 2915
406 1199
407 690
407 689
407 687
408 409
408 2451
408 2478
409 2455
409 410
410 3154
410 1677
411 3154
411 2478
411 1678
412 3155
412 2478
412 413
413 3117
414 416
414 415
414 2021
415 2085
415 417
416 2085
416 2089
417 418
417 2047
418 419
418 2088
418 2086
419 2071
419 420
420 421
420 3152
421 3152
421 2063
422 2066
422 2049
422 3300
423 2115
423 2107
424 2107
424 2105
424 2108
425 3440
425 426
426 2042
426 2100
427 428
427 1189
427 1194
428 1188
428 1182
429 1182
429 1177
429 1176
430 3426
430 1150
430 1158
430 1180
430 2917
431 3830
431 914
431 2170
432 3829
432 643
432 3830
433 695
433 691
434 2871
434 3214
434 3252
435 2874
435 954
435 2442
436 2866
436 1978
436 2443
437 2757
437 438
437 3418
438 2443
438 1979
439 2485
439 440
439 2828
439 2866
440 3140
440 3270
440 2773
441 3138
441 3141
441 2771
442 2758
442 3418
442 3141
443 3210
443 3209
443 2447
444 2417
444 2446
444 2420
445 446
445 1446
445 2422
446 2418
446 447
447 448
447 2425
448 3099
448 1447
449 477
449 1453
449 453
450 451
450 454
450 477
451 452
451 3215
452 453
452 472
453 3076
454 455
454 1963
455 456
455 3146
456 457
456 782
457 1993
457 919
458 1990
458 976
458 975
458 727
459 2894
459 460
459 777
460 1414
460 773
461 3088
461 797
461 772
462 796
462 797
462 3785
463 464
463 834
463 924
464 943
464 937
465 466
465 3047
465 3048
466 2408
466 939
467 955
467 2412
467 470
467 957
468 2412
468 2410
468 3076
469 2410
469 472
469 2414
470 2411
470 471
471 2413
471 2407
472 2413
473 2817
473 474
474 3042
475 2902
475 2903
475 476
476 2768
476 2904
477 1452
478 2926
479 2016
479 2821
480 528
480 593
480 529
481 1981
481 502
481 1977
482 483
482 3774
484 549
485 535
485 968
486 2106
486 2117
486 3440
487 2026
487 1784
488 1783
488 3173
488 1786
489 614
489 615
491 2987
492 630
492 629
492 631
493 3127
493 629
494 495
494 536
495 536
496 2923
496 3379
497 3218
498 2479
498 3137
499 500
499 501
500 501
500 1947
501 819
502 2817
502 1965
503 3646
503 821
503 1478
504 1856
504 757
504 754
504 3358
505 789
505 708
505 715
506 789
506 1836
506 1835
507 792
507 791
507 787
507 3276
508 1837
508 1854
508 3161
509 525
509 768
509 588
509 592
510 1987
510 3670
511 3017
511 574
511 564
512 533
512 532
512 601
512 594
513 588
513 799
513 587
514 554
514 3670
514 586
515 3575
515 2898
516 3557
517 3283
517 3056
517 3284
518 561
518 3248
518 3498
518 3707
519 565
519 568
519 558
519 561
520 571
520 562
520 568
521 702
521 707
521 705
522 523
522 702
523 697
523 698
524 731
524 3674
524 698
525 697
525 3674
525 3673
526 778
526 1961
526 786
526 2219
527 3513
527 528
529 534
529 3316
530 595
530 799
530 532
531 586
531 571
531 572
531 583
532 602
533 3702
534 3018
534 593
535 3743
535 3755
536 537
538 3635
539 3409
540 541
541 542
542 543
543 1238
544 1339
544 2373
544 3652
545 3443
545 2897
545 3748
546 1242
546 3634
546 547
547 3634
547 548
549 907
549 908
550 2898
550 574
550 3051
551 3573
551 552
552 573
553 971
553 972
554 572
554 580
555 3017
555 557
555 565
556 558
556 560
556 972
557 970
557 558
558 559
559 2818
559 560
561 3086
562 563
562 3248
563 594
563 585
564 565
564 576
566 576
566 567
566 570
567 569
567 568
568 3086
569 570
569 571
570 582
571 585
572 582
573 579
573 575
574 3016
574 577
575 3644
575 580
576 577
577 581
577 578
578 579
579 580
580 581
581 582
583 584
583 585
583 595
584 587
584 606
586 3249
587 595
588 589
589 592
589 590
589 591
591 605
591 607
591 606
592 607
594 595
596 597
596 598
596 599
598 600
598 796
599 604
599 601
600 604
600 602
601 603
602 603
603 604
605 3249
605 3719
606 3249
607 1987
608 612
608 2384
608 3632
609 611
609 612
609 913
610 611
611 913
612 613
615 616
615 617
616 618
617 618
617 622
618 621
619 620
621 3394
622 623
623 3427
624 1253
624 1250
624 3427
625 626
625 627
625 1250
627 3840
628 3101
628 3126
629 630
629 3126
632 3842
632 3128
633 1252
633 634
634 635
634 3131
635 3130
636 2918
636 3826
638 3282
638 3283
638 3557
639 648
639 640
640 3721
640 673
640 651
641 651
641 674
641 655
642 673
642 2170
642 3722
643 644
643 647
644 646
644 645
645 2849
645 2846
646 647
646 2844
647 3281
648 649
648 671
649 651
649 650
650 661
650 655
652 656
652 653
652 655
653 664
653 672
653 662
654 662
654 669
654 668
654 670
656 2386
656 672
657 661
657 663
657 659
657 658
658 660
658 667
659 660
661 662
662 664
663 668
663 667
664 2387
664 675
665 675
665 2392
665 670
666 667
666 669
666 668
670 2391
671 2848
672 2388
674 3720
674 2386
675 676
675 2390
676 2388
677 683
677 684
677 678
678 679
678 682
679 680
679 690
679 686
679 687
680 693
680 694
681 687
681 689
681 3604
682 686
682 909
683 3444
683 909
684 3444
685 3604
685 849
686 693
687 694
688 695
688 3604
689 3435
691 693
691 696
692 694
692 3604
692 695
698 699
699 701
699 703
700 701
700 709
700 707
701 703
702 703
704 725
704 783
705 3766
705 706
706 788
706 787
706 3277
707 708
708 714
708 710
709 1822
709 710
710 714
711 717
711 716
711 713
712 713
712 751
712 783
713 1984
714 716
715 1850
715 716
717 1824
718 1984
718 719
718 737
719 720
719 738
720 721
720 745
721 722
721 3356
722 746
722 747
723 731
723 729
723 724
724 1820
724 731
725 726
725 1823
726 727
726 728
727 733
728 729
728 733
728 732
729 730
730 769
730 734
732 1820
732 1823
733 978
734 978
734 735
734 974
735 1986
735 768
736 737
736 1841
736 741
736 1860
737 2876
738 739
738 740
739 740
741 2877
741 1849
742 2219
742 1532
742 1534
743 1534
743 1533
743 744
744 745
744 750
745 748
747 748
749 750
749 752
749 3320
750 1533
751 1825
751 752
752 1825
753 785
753 755
753 1536
754 755
754 1837
754 1855
755 756
755 3611
756 757
756 758
757 766
758 759
758 766
759 760
759 1547
760 761
760 1548
761 762
762 763
763 767
763 764
764 2873
764 765
765 3375
765 3373
766 821
768 769
770 771
770 3785
771 3202
772 795
772 3740
773 775
773 3588
774 779
774 777
774 3065
775 776
775 777
776 1993
776 919
776 3588
778 3049
778 3145
779 3322
779 784
780 781
780 3146
780 3145
781 782
781 1420
782 3322
783 1826
783 784
784 1990
785 1536
785 1538
786 3208
787 790
787 794
788 790
788 789
790 1835
791 794
791 2947
791 793
792 3865
792 793
793 2947
794 1830
794 1828
795 798
795 1986
796 800
797 798
798 800
799 800
801 1333
801 810
802 805
802 808
802 3846
803 809
803 808
804 1224
804 1226
804 807
805 807
806 1223
806 1222
806 1221
807 808
809 1224
811 1958
811 1956
811 1936
812 1944
812 815
812 1956
813 815
813 1953
813 819
814 1965
814 1966
814 3045
815 1946
816 817
816 1958
817 821
818 1966
818 820
818 3375
819 2872
820 1954
820 2873
821 3861
822 825
822 824
822 944
823 944
823 830
823 831
824 917
824 828
825 827
826 830
826 833
826 3038
827 925
828 916
828 1416
829 931
829 831
829 925
830 835
831 836
832 1416
832 837
833 835
833 3036
834 923
834 836
834 931
835 836
837 2033
837 3847
838 2989
839 3633
839 840
840 906
841 842
841 3838
841 3837
843 844
844 3845
845 1230
845 846
845 1228
847 3434
847 3012
848 849
848 2404
850 851
851 853
851 852
852 855
852 2405
853 854
854 2405
855 895
855 3851
856 3006
856 932
856 930
856 3800
857 2669
857 860
857 3119
858 3153
858 2669
858 3118
859 861
859 3153
859 864
860 2668
860 862
861 865
861 863
862 2666
862 881
863 864
863 2666
864 2668
865 3242
865 2406
866 2406
866 2667
866 867
867 2558
867 2557
868 869
868 3710
868 2214
869 870
869 873
870 871
870 2213
871 3165
871 904
872 873
872 902
872 904
872 876
873 2663
874 3098
874 876
874 2663
875 2657
875 893
875 2659
876 901
876 2657
877 878
877 2405
878 879
878 881
879 882
879 880
880 896
880 2558
881 2667
881 882
882 2558
883 884
883 2556
883 3493
884 885
884 3512
885 3008
885 1908
886 1908
886 890
886 894
886 2562
887 2560
887 2562
887 3004
888 1918
888 898
888 2560
889 3585
889 3761
890 891
890 3512
890 3004
891 892
891 1909
892 893
892 2670
893 2656
893 1912
894 2561
894 897
895 897
895 3010
896 3761
896 3852
897 1908
898 899
898 2559
899 2198
899 1919
900 2656
900 901
901 902
902 2308
902 903
903 904
903 905
905 991
905 3165
907 908
909 2806
910 911
910 2003
911 3158
911 3157
911 912
912 2006
913 3567
914 915
914 3829
918 3588
918 1415
918 3847
919 3065
920 921
920 928
920 933
921 926
921 925
921 922
922 929
922 931
922 923
923 930
924 936
924 3800
926 927
926 928
927 929
928 933
929 932
929 930
932 3005
934 3048
934 935
934 943
935 936
935 1421
936 2427
937 2913
937 938
938 943
938 939
938 942
939 940
940 2407
940 942
941 942
941 2913
941 2914
944 945
946 2427
946 2429
946 1421
947 957
947 949
947 2807
947 1906
948 1419
948 1417
949 1417
949 950
950 2431
950 951
951 2438
951 3212
952 2436
952 953
952 3212
953 2437
953 1451
954 2442
954 3214
955 956
955 2408
956 3216
956 957
957 2415
958 1523
958 3365
958 959
959 1517
960 3510
960 1527
960 1689
961 2820
961 962
961 3796
962 3795
962 965
963 964
963 2820
963 3764
964 966
964 965
965 966
967 3570
967 969
967 3516
968 3271
968 3275
969 3569
969 3274
970 971
970 972
971 3051
973 3590
973 977
973 3740
974 975
974 3590
975 978
975 977
976 2894
976 2895
977 2895
979 2234
979 2314
979 2614
979 2238
980 993
980 994
980 2616
981 984
981 982
981 2368
982 2671
982 983
983 2376
983 2380
984 2565
984 985
985 986
985 2674
986 987
986 2676
987 2617
987 988
988 2622
988 2243
989 2853
989 2221
989 2244
990 3381
990 3166
990 991
991 3381
992 2189
992 2651
992 2209
994 2372
994 2368
995 2363
995 2362
995 2366
996 2640
996 2359
996 2639
997 2289
997 2280
997 2640
998 999
999 3763
1000 1012
1000 1001
1001 1008
1001 1003
1002 1009
1002 1025
1002 3081
1002 1008
1003 1004
1003 1009
1004 1012
1004 3079
1005 3080
1005 1047
1005 3595
1006 3177
1006 3078
1006 1047
1007 1123
1007 3421
1008 1009
1010 1037
1010 1036
1010 1041
1010 2993
1011 2990
1011 1012
1011 1036
1012 2383
1013 2383
1013 3628
1013 3629
1014 3782
1014 2749
1015 1025
1015 1026
1015 1038
1016 1017
1016 1030
1016 1031
1017 1018
1017 1032
1018 1033
1018 2994
1019 1043
1019 1039
1019 1038
1020 1022
1020 1038
1020 1039
1021 1022
1021 3732
1021 1024
1022 1023
1023 1024
1023 3555
1024 1040
1025 3738
1025 1042
1026 1034
1027 1042
1027 1029
1027 1028
1028 1029
1028 2972
1030 2977
1030 1082
1031 1080
1031 1082
1032 1035
1032 1033
1033 3416
1034 2994
1036 2990
1037 2965
1039 1043
1040 3595
1040 3556
1041 2992
1041 2990
1042 3411
1043 3415
1044 1097
1044 2969
1044 2979
1045 3780
1045 3779
1046 3148
1048 2948
1049 1057
1049 1050
1050 1051
1050 1052
1053 1054
1053 1061
1054 1063
1055 1061
1055 1056
1055 2995
1056 3253
1057 2995
1057 1058
1058 1059
1058 2997
1060 2982
1060 2634
1061 1062
1062 1067
1063 1064
1063 3457
1064 1065
1064 1067
1068 3410
1068 3454
1069 2922
1069 3410
1070 1072
1070 1071
1071 3762
1071 2921
1072 1079
1072 3762
1073 3413
1073 1074
1073 3412
1074 1110
1074 2996
1075 1076
1075 2996
1076 2996
1076 2632
1076 2633
1077 1078
1077 3454
1079 3082
1079 1111
1080 2981
1081 2981
1082 1083
1083 2980
1083 1084
1085 1086
1085 2980
1085 1091
1086 1087
1086 1092
1087 1088
1087 1093
1088 1089
1088 1090
1089 2976
1089 1097
1091 1092
1091 3553
1092 2976
1093 1101
1093 1094
1094 1102
1095 1103
1095 1102
1095 1096
1096 1104
1096 1105
1097 1098
1098 1099
1098 1105
1099 1108
1099 1100
1100 1107
1100 1101
1101 1107
1106 1107
1109 1998
1110 3412
1110 3408
1111 1112
1111 1113
1112 1999
1112 2000
1113 1114
1113 1121
1114 1115
1114 3407
1115 1116
1115 1118
1116 1119
1116 1117
1117 1167
1120 1121
1120 1167
1120 1163
1120 1156
1121 1122
1123 1124
1125 1126
1125 1127
1127 1128
1127 1130
1128 1132
1128 1129
1129 1133
1129 1134
1129 1130
1130 1131
1130 1135
1134 1135
1134 1136
1135 1139
1137 1139
1137 1141
1137 1138
1139 1146
1139 1140
1141 1142
1142 1143
1143 1144
1144 1146
1144 1145
1145 1146
1145 1147
1147 1148
1148 1149
1151 3426
1152 1202
1152 1171
1152 1175
1153 1157
1153 1154
1153 2917
1154 1155
1154 1160
1154 1159
1155 1156
1155 1160
1156 1165
1156 1162
1160 1161
1161 1162
1161 1164
1162 1163
1163 1267
1165 1168
1165 1166
1166 1169
1166 1167
1170 1174
1170 1190
1171 2917
1171 1172
1172 1173
1172 3420
1175 1198
1175 1176
1176 1184
1177 1179
1177 1178
1178 1179
1180 1185
1180 1184
1181 1187
1181 1182
1181 1185
1182 1183
1184 2917
1185 1186
1188 1189
1190 3419
1190 1202
1191 1192
1191 1207
1191 1196
1192 1193
1192 1195
1193 1194
1193 1197
1194 2042
1200 2916
1200 1202
1200 1201
1201 2916
1201 2915
1203 2915
1203 1204
1203 1216
1204 1205
1205 1206
1206 1215
1206 1207
1207 1208
1208 1209
1208 1211
1209 1211
1209 1210
1211 1212
1212 1213
1212 1214
1215 1217
1215 1216
1218 2916
1219 1220
1220 3304
1222 1223
1224 1225
1226 1227
1228 1229
1230 1231
1232 1234
1232 1240
1233 1234
1234 1235
1236 3312
1237 2842
1237 3471
1238 1239
1239 1241
1239 1240
1242 3693
1242 1243
1243 3692
1244 1245
1244 1246
1246 1247
1248 1249
1248 3839
1248 3127
1250 1254
1250 1251
1251 1256
1251 1263
1251 1259
1252 1254
1254 1255
1256 1257
1257 1258
1257 1259
1258 3426
1259 1260
1259 3429
1259 1261
1260 1262
1260 3432
1261 1263
1261 1262
1262 1264
1264 1265
1264 3430
1264 1269
1265 1266
1265 1267
1266 1267
1266 1269
1268 1269
1268 1270
1270 1271
1274 1275
1275 1276
1278 3406
1279 1280
1279 1286
1279 3406
1281 1282
1281 1283
1282 1282
1284 1286
1287 3639
1287 3388
1288 1289
1289 1290
1289 1293
1290 1291
1291 1292
1291 3391
1292 1294
1293 3391
1293 1295
1294 1298
1294 1299
1295 2919
1296 3535
1296 1297
1298 3535
1298 3393
1299 1300
1300 1302
1300 1301
1303 1304
1303 3384
1305 1313
1305 1314
1305 3384
1305 1307
1306 1317
1306 1307
1306 2920
1307 1315
1308 1309
1308 1310
1309 1317
1309 1310
1309 3385
1310 1320
1311 1315
1311 1312
1311 1316
1312 1314
1314 1318
1314 1319
1315 3385
1317 3385
1321 3787
1324 2920
1325 2025
1325 3260
1328 3786
1328 3619
1328 3620
1329 3311
1329 3066
1329 3310
1330 3168
1330 3799
1330 3798
1331 3388
1331 1332
1332 1333
1332 1334
1332 1335
1335 1336
1337 1338
1337 3640
1339 3689
1339 3441
1340 3441
1340 1342
1340 2373
1341 1463
1341 1469
1341 1342
1342 1465
1343 2373
1343 2834
1343 3171
1345 2840
1346 3314
1346 3551
1347 3336
1347 3337
1348 3337
1348 3335
1348 2856
1349 1350
1349 3335
1349 1352
1349 1422
1350 1351
1350 1408
1351 3598
1351 1355
1352 1353
1352 3335
1353 1354
1353 1357
1354 1355
1354 1358
1355 1356
1359 3621
1359 1360
1359 1380
1360 1401
1360 1378
1361 1363
1361 3366
1362 1369
1362 1368
1362 1363
1364 1365
1365 1368
1365 3340
1366 1373
1366 1367
1366 1374
1366 1376
1367 1381
1367 3368
1368 1369
1369 1370
1370 1372
1370 1371
1372 1373
1375 1376
1376 3367
1377 1410
1378 3369
1378 3474
1378 3621
1379 3621
1379 1380
1379 3596
1380 3596
1381 1382
1381 1384
1382 1390
1382 1383
1383 1403
1383 1405
1384 1385
1384 1390
1385 1386
1385 1387
1387 1388
1388 3341
1389 1390
1389 3341
1389 1392
1391 3341
1392 1393
1392 1394
1393 3343
1394 3342
1394 3046
1395 3622
1395 1396
1395 3000
1396 1397
1396 3334
1396 1424
1397 1398
1397 1423
1398 1399
1398 1422
1399 1400
1399 1407
1400 1411
1400 1430
1401 1411
1401 1427
1402 3369
1402 1403
1402 1406
1402 1412
1403 1404
1404 1405
1404 1412
1405 3339
1407 1408
1407 1410
1408 1409
1410 1411
1412 3370
1412 1413
1413 1413
1414 2738
1414 3087
1415 1993
1416 2914
1417 2433
1418 2434
1418 2433
1418 2430
1419 2435
1419 2434
1421 3047
1422 1423
1423 3000
1424 1432
1424 1425
1424 1431
1425 1428
1425 1426
1426 3474
1427 1428
1427 1429
1427 1430
1428 1431
1430 1431
1432 1434
1432 1435
1433 3362
1433 2896
1433 3334
1434 1522
1434 1435
1436 3344
1436 1445
1436 2863
1437 3344
1437 1438
1437 3797
1438 1438
1439 1440
1440 1443
1440 1442
1441 1442
1442 1443
1443 1444
1444 1445
1446 1452
1446 1454
1447 2418
1447 1448
1448 1449
1448 3099
1449 3209
1449 2416
1450 2416
1450 1906
1450 1451
1450 2871
1451 3213
1452 1453
1453 3099
1454 1460
1454 1455
1455 1460
1455 1459
1455 2424
1456 1461
1456 1457
1456 2868
1457 1458
1457 1461
1458 2422
1458 1459
1459 3211
1460 2482
1461 2445
1462 3724
1462 1463
1462 3291
1463 1464
1464 1475
1464 1474
1465 3360
1465 1466
1466 1468
1466 1467
1467 3360
1468 1469
1468 1470
1469 1471
1471 3624
1471 1475
1472 1479
1472 3867
1472 3868
1473 3868
1475 2896
1476 1771
1476 1497
1476 1905
1476 1496
1477 1903
1477 3859
1477 1905
1478 1930
1478 3372
1479 1480
1479 1831
1479 2947
1480 1699
1480 1833
1480 1481
1481 1482
1481 1829
1482 1836
1482 1483
1483 1484
1483 1708
1484 1846
1484 1485
1485 1847
1485 1486
1486 1705
1486 1862
1487 1723
1487 1488
1487 1862
1488 1863
1488 1489
1489 1490
1489 1718
1490 1868
1490 1491
1491 1492
1491 1745
1492 1870
1492 1493
1493 1494
1493 1743
1494 1880
1494 1495
1495 1888
1495 1757
1496 1904
1496 1757
1497 1773
1497 1927
1498 1499
1498 1773
1498 1790
1499 2785
1499 1500
1500 1931
1500 1816
1501 1819
1501 1818
1502 1706
1502 3609
1503 1510
1504 1515
1505 1710
1506 1714
1507 1520
1507 1611
1508 1612
1508 1730
1509 1629
1510 1514
1510 1515
1510 1512
1511 3362
1511 1514
1511 1515
1512 1513
1512 3361
1513 1514
1516 1519
1516 1521
1517 1518
1518 1523
1518 1520
1519 1521
1519 3333
1520 1521
1522 3364
1522 3334
1523 3364
1524 1690
1524 1530
1524 3349
1525 1633
1525 1684
1525 1529
1525 3349
1526 1528
1526 1687
1526 1527
1527 1615
1528 1650
1528 1529
1529 3350
1530 1695
1530 1644
1530 1531
1531 1691
1531 3803
1532 3317
1532 1533
1534 1535
1536 1537
1537 1538
1537 3208
1538 1541
1539 3377
1539 1547
1539 1960
1540 3377
1541 1542
1541 3832
1543 3052
1543 3250
1543 1545
1544 1545
1545 1546
1547 1548
1548 1549
1550 1551
1550 1553
1550 1554
1551 2689
1551 2688
1552 3244
1552 3768
1552 1556
1553 1557
1553 2692
1554 3293
1554 1555
1555 1563
1555 2692
1555 2937
1556 2476
1557 2684
1557 1565
1558 2489
1558 2578
1558 1559
1558 2698
1559 2734
1559 1560
1560 1561
1560 2580
1561 2579
1561 1562
1562 2512
1562 2575
1563 1564
1563 1571
1563 2693
1564 2708
1564 2694
1565 2695
1565 3769
1565 1566
1566 2687
1566 2694
1566 2686
1567 2937
1567 2697
1567 1568
1568 2937
1568 1569
1569 1571
1569 1572
1570 1595
1570 1573
1570 2708
1571 1572
1572 1573
1573 1574
1574 3843
1574 1579
1575 1576
1575 1579
1575 1578
1576 1577
1576 1580
1577 2500
1579 1580
1580 3844
1581 1582
1581 1651
1581 3496
1582 1587
1582 2687
1583 1586
1583 1584
1583 1585
1584 1598
1584 2831
1584 2780
1586 3227
1586 3228
1587 3227
1587 1590
1588 1595
1588 1589
1588 1597
1588 3223
1589 1606
1589 1608
1590 1591
1590 3230
1591 1597
1591 1592
1592 1594
1592 1593
1594 1595
1594 1597
1594 1596
1595 3231
1596 1596
1598 1599
1598 3225
1600 2521
1600 3296
1600 1601
1600 2511
1601 1605
1601 1607
1602 1605
1602 1603
1602 1607
1603 2830
1603 2829
1604 1605
1606 1607
1606 1608
1608 1610
1609 1610
1610 3143
1611 1729
1611 1612
1612 1729
1613 1619
1613 1614
1613 1680
1614 1615
1614 1616
1615 1616
1616 1617
1617 1618
1617 1620
1618 1621
1618 1622
1622 1632
1622 1623
1623 1624
1623 1625
1625 1631
1625 1626
1626 1627
1626 1629
1627 1628
1627 1634
1628 1640
1628 1637
1629 1630
1632 1633
1632 1683
1633 1636
1633 1646
1634 1635
1635 1636
1636 1640
1637 1638
1637 1643
1638 1639
1638 1644
1639 1644
1639 1646
1640 1641
1641 1642
1641 1641
1643 1643
1644 1645
1646 1649
1647 1648
1648 1649
1651 1652
1651 3742
1652 1653
1652 2780
1653 1654
1653 1655
1654 1655
1656 1657
1656 2456
1656 1670
1656 3495
1658 2462
1658 1675
1658 3727
1659 2457
1659 1669
1659 2473
1660 2459
1660 1672
1660 1669
1661 2459
1661 1667
1661 1662
1661 1672
1662 1666
1662 1663
1663 1666
1663 2448
1664 2907
1664 2448
1664 1665
1664 2456
1665 1671
1665 1666
1667 1673
1667 1671
1668 1669
1668 2460
1668 1673
1670 1671
1670 1674
1672 1673
1673 1674
1674 2460
1674 1675
1675 3495
1676 2473
1676 2458
1676 2462
1677 2454
1677 2476
1677 1679
1678 3156
1679 3156
1679 2475
1681 1682
1682 1683
1684 1685
1685 1686
1686 3796
1686 2864
1687 1688
1688 2862
1689 2862
1689 2863
1690 1693
1690 1692
1691 1692
1691 1695
1692 1694
1695 1696
1695 1697
1698 3808
1698 2786
1698 3802
1699 3868
1700 1708
1700 1701
1701 1702
1701 1709
1702 1703
1702 1710
1703 1704
1703 1720
1704 1705
1704 1709
1705 1721
1706 1707
1708 1709
1710 3849
1711 1713
1711 3849
1711 1719
1712 1713
1712 1714
1712 1729
1713 1724
1714 1715
1715 1716
1717 1719
1717 1718
1717 1742
1718 1723
1719 1741
1721 1723
1721 1722
1724 1741
1724 1725
1725 1726
1725 1731
1726 1739
1726 1727
1727 1747
1727 1728
1728 1761
1730 1731
1730 1737
1731 1734
1732 1735
1732 1733
1732 1734
1733 1734
1733 1736
1738 1739
1739 1740
1741 1742
1741 2816
1742 1743
1743 1744
1744 1744
1746 1747
1746 2813
1746 1748
1747 1749
1750 1761
1750 1763
1750 1752
1751 1752
1752 1753
1754 1759
1754 1763
1754 1755
1755 1756
1756 3351
1757 1758
1757 3665
1759 1771
1759 1760
1761 1762
1763 1764
1764 1765
1764 1770
1765 1766
1765 1770
1766 1767
1766 1770
1767 1769
1767 1768
1768 1776
1768 1775
1768 1782
1771 1772
1773 1774
1774 1775
1774 1782
1774 1781
1775 1780
1776 1777
1776 1795
1777 1778
1777 1794
1777 1803
1778 1779
1778 1805
1779 1806
1779 1810
1779 1799
1780 1781
1782 1791
1783 1785
1783 2026
1784 1788
1784 1785
1785 1787
1786 1787
1787 1788
1789 1790
1789 1801
1789 1804
1790 1815
1790 1806
1791 1801
1791 1802
1792 1795
1792 1793
1793 1796
1793 1797
1794 1796
1798 3807
1798 3809
1799 3810
1799 3806
1800 1803
1800 1802
1801 1802
1804 1805
1806 1807
1807 1811
1808 1809
1808 2788
1808 1812
1809 1810
1811 2788
1813 1814
1814 1815
1816 1817
1816 2888
1820 1821
1821 1822
1822 1824
1823 1824
1825 1826
1826 1827
1827 3319
1828 2947
1828 1831
1829 1833
1829 1834
1830 1832
1830 1831
1831 1833
1832 1833
1832 1834
1834 1836
1834 1835
1836 1838
1837 2875
1838 1840
1838 1851
1839 1840
1840 1845
1841 1842
1841 1848
1841 1852
1842 1845
1842 1843
1843 1845
1843 1847
1843 1844
1844 1846
1847 1848
1847 1858
1848 1853
1848 1849
1849 1864
1850 1851
1850 1860
1851 1852
1852 1860
1853 1857
1853 1854
1853 3359
1854 1861
1854 1855
1855 1885
1855 1856
1856 1874
1857 1858
1857 1861
1858 1859
1859 1871
1859 1878
1859 1863
1861 1878
1862 1863
1864 1865
1864 3161
1865 1867
1865 1866
1869 1870
1870 1871
1871 1872
1871 1880
1872 1873
1872 1878
1872 1879
1874 1881
1874 1875
1876 1924
1876 1903
1876 3860
1877 1880
1879 1880
1879 1882
1881 1896
1881 1882
1882 1883
1884 1885
1885 1886
1887 1896
1887 1898
1887 1889
1887 1924
1888 1891
1888 1894
1889 1890
1889 1925
1891 1898
1891 1894
1891 1900
1892 1894
1892 1893
1892 1895
1896 1897
1898 1901
1899 1901
1899 1900
1899 1902
1900 1901
1903 1904
1904 1905
1906 3212
1906 2415
1907 3194
1907 2480
1907 2481
1909 3004
1909 1910
1910 1913
1910 2670
1911 2670
1911 1921
1911 1912
1912 1923
1913 1914
1913 1917
1914 1915
1914 1921
1915 1916
1915 1920
1917 1918
1917 3004
1918 1920
1919 3494
1919 2176
1919 2182
1920 3494
1921 1922
1922 2175
1922 3827
1923 2181
1923 3003
1924 1926
1925 1926
1927 1930
1927 3332
1928 1929
1928 3329
1928 3325
1929 3858
1929 3323
1932 1935
1932 1933
1932 1938
1933 1934
1933 1939
1934 3646
1934 1947
1935 1944
1935 1943
1936 1937
1936 1942
1937 1938
1937 1940
1938 1939
1939 1941
1944 1945
1946 1946
1947 1951
1948 1951
1948 1952
1948 1949
1949 1950
1950 1951
1952 1952
1953 1954
1953 2872
1954 2872
1955 1977
1956 1957
1958 1959
1962 2219
1963 1981
1963 1983
1964 2817
1965 1994
1966 1967
1967 1968
1967 1970
1968 1970
1968 1969
1970 1971
1972 1975
1972 1973
1972 1994
1973 3374
1973 1974
1975 1976
1978 2442
1978 2443
1979 2757
1979 3508
1980 2874
1981 1982
1982 1983
1982 2900
1983 3204
1984 1985
1986 2893
1987 1988
1988 3015
1988 3608
1989 1991
1990 1991
1991 1992
1994 1995
1995 1997
1995 1996
1998 3408
1998 3163
1999 3407
1999 3163
2000 3407
2001 2002
2001 3085
2002 3084
2003 2005
2004 2007
2004 2036
2004 2010
2004 2005
2005 2007
2005 2034
2006 2006
2007 2008
2009 2017
2009 3071
2009 2013
2010 2039
2010 2011
2011 2012
2012 2013
2012 2015
2013 2014
2015 2039
2016 2017
2017 2018
2018 3072
2018 2020
2019 3072
2019 3071
2020 2021
2020 2023
2021 2022
2024 3643
2025 3379
2028 2029
2029 2030
2030 2031
2030 2032
2030 3423
2031 2032
2032 3424
2033 3847
2034 2035
2034 2037
2036 2040
2036 2037
2037 2038
2039 2040
2040 2041
2042 2091
2043 2045
2043 2044
2045 2048
2046 2051
2046 2048
2046 2047
2047 2089
2047 2084
2049 2056
2050 2055
2050 2052
2050 2058
2051 2052
2051 2074
2052 2057
2053 2056
2053 2054
2053 2061
2054 2055
2054 2059
2054 2080
2055 2080
2056 2064
2058 2059
2061 2062
2061 2069
2061 2068
2062 2063
2062 2076
2063 2070
2065 2068
2065 3301
2065 3152
2066 2067
2066 2068
2072 2073
2072 2076
2072 2075
2073 2074
2073 2086
2073 2078
2074 2081
2076 2077
2079 3439
2080 3439
2082 2083
2083 2084
2085 2089
2086 2087
2091 2095
2091 2093
2092 2095
2092 2094
2095 2096
2097 3784
2097 2100
2097 2101
2098 2099
2098 2114
2099 3784
2099 3517
2100 2104
2101 2102
2101 2103
2102 2102
2105 2106
2105 3074
2106 2108
2107 3438
2108 2110
2109 2121
2109 2110
2109 2122
2110 2120
2111 2150
2112 2131
2112 2126
2112 2115
2113 2120
2113 2114
2113 2126
2114 2121
2115 2127
2116 3440
2117 2117
2118 2122
2119 2126
2120 2121
2122 2123
2123 2125
2123 2124
2127 2129
2127 2132
2128 2129
2129 2130
2132 2132
2133 2134
2133 2137
2133 2139
2134 2135
2134 2140
2135 2136
2135 3073
2137 2138
2141 2142
2142 2143
2145 3455
2145 2147
2146 2147
2147 2148
2150 2151
2152 2153
2152 3488
2152 2154
2153 2156
2153 2157
2153 3682
2155 2164
2155 3682
2155 3700
2155 3681
2158 2161
2158 2162
2158 3700
2159 2160
2159 2162
2160 2168
2160 2161
2161 2165
2163 2857
2163 2606
2163 2164
2163 2165
2164 2857
2164 2165
2166 2610
2167 2608
2168 2608
2169 3633
2170 2171
2172 2173
2172 3723
2174 2175
2174 3494
2174 2199
2174 2177
2175 3828
2175 2178
2176 2191
2176 2195
2177 2195
2177 2178
2177 2193
2178 2179
2178 2194
2179 3448
2179 2205
2179 3828
2179 3450
2180 2209
2180 2654
2180 3448
2181 3450
2181 3451
2182 2198
2182 2191
2182 2183
2183 2203
2183 2184
2183 2211
2184 2185
2184 2190
2185 3164
2185 2210
2186 3164
2186 2187
2186 2196
2187 2188
2187 2200
2188 2201
2188 2189
2188 2206
2189 3718
2189 2202
2190 2195
2190 2192
2190 2191
2192 2193
2192 3164
2193 2206
2193 2194
2194 2205
2196 2200
2196 2210
2196 2197
2198 2203
2200 2201
2201 2202
2201 2207
2202 2317
2202 3034
2203 2204
2204 2211
2204 2271
2205 2206
2206 2209
2207 2208
2207 2255
2208 2648
2208 2324
2208 2317
2210 2211
2210 2212
2213 2215
2213 2214
2215 2216
2216 2217
2217 3166
2217 2854
2218 2449
2218 2450
2218 3155
2220 3679
2220 2221
2220 3089
2220 2586
2221 2246
2221 3112
2222 3381
2222 2309
2222 2230
2223 2230
2223 2239
2223 2852
2224 2225
2224 2238
2224 2309
2225 2226
2225 2237
2226 2227
2226 2233
2226 2234
2227 2228
2227 2233
2228 2229
2228 2235
2229 2232
2230 2231
2231 2232
2231 2233
2234 2235
2235 2236
2235 2615
2236 3096
2236 2242
2238 2312
2239 2242
2239 2853
2240 2241
2241 2242
2241 2243
2242 2942
2243 2248
2244 2942
2244 2245
2245 2628
2245 2248
2246 2247
2246 2628
2246 2589
2247 2710
2247 2590
2248 2942
2249 2789
2249 3546
2250 2487
2250 2908
2251 2253
2251 2252
2251 2255
2253 3043
2253 2254
2254 2256
2254 2255
2256 2257
2256 2264
2256 2265
2257 2273
2257 2266
2258 2273
2258 2259
2258 2267
2258 2272
2259 2275
2259 2268
2260 2275
2260 2261
2260 2269
2261 2276
2261 2277
2262 2263
2262 2276
2262 2281
2263 2305
2263 2280
2265 2271
2265 2266
2266 2267
2267 2268
2268 2269
2269 2270
2270 2277
2270 2271
2272 2273
2272 2274
2274 2644
2274 2354
2274 2345
2275 2276
2277 2278
2278 2279
2278 2282
2278 2298
2280 2641
2280 2354
2281 2282
2281 2305
2282 2283
2283 2301
2283 2284
2284 2299
2284 2285
2285 2287
2285 2288
2286 2287
2287 3417
2288 2292
2288 2291
2288 2306
2289 2306
2289 2638
2290 2291
2291 2297
2292 2294
2292 2293
2293 2294
2293 2804
2294 2295
2296 2298
2298 2300
2302 2303
2303 2304
2303 2305
2306 3044
2307 2655
2307 2308
2307 3449
2308 2311
2309 2311
2310 2315
2310 2314
2310 2312
2311 2312
2313 2314
2313 2650
2313 2315
2313 2318
2315 2651
2316 2326
2316 2333
2316 2325
2317 2649
2318 3729
2318 2319
2318 2649
2319 2320
2319 3730
2320 2330
2320 2321
2321 2323
2321 2370
2321 2369
2322 2323
2322 2327
2322 3728
2323 2328
2323 2331
2324 2647
2324 2351
2325 2343
2325 2647
2326 2336
2326 2327
2327 2328
2327 2335
2328 2329
2328 2334
2329 2613
2329 2616
2330 3307
2330 2369
2331 2369
2331 3307
2332 3728
2332 3730
2332 3307
2333 3729
2333 3728
2334 2335
2334 2372
2335 2337
2335 2371
2336 2342
2336 2337
2337 2366
2337 2340
2338 2357
2338 2347
2338 2342
2339 2366
2339 2340
2339 2341
2340 2342
2341 2365
2341 2357
2343 2344
2343 2350
2344 2349
2344 2348
2345 2643
2345 2352
2346 2356
2346 2347
2346 2348
2347 2355
2348 2643
2349 2353
2349 2350
2349 2645
2350 2646
2351 2352
2351 2646
2352 2645
2354 2642
2355 2356
2355 2642
2356 2644
2357 2358
2358 2359
2358 2360
2359 2360
2360 2361
2360 2363
2361 2367
2361 2366
2362 2365
2362 2364
2363 2364
2364 2365
2368 2371
2370 2613
2370 2614
2371 2372
2374 3001
2374 2375
2374 2378
2375 2376
2375 2378
2376 2380
2377 2381
2377 2382
2377 2672
2379 2672
2379 2380
2379 2382
2381 3353
2382 2672
2384 3465
2384 3482
2385 2386
2387 2388
2387 2389
2391 2392
2393 3446
2393 2396
2393 2395
2394 3014
2394 2398
2394 3013
2395 3273
2395 2398
2396 2401
2396 2397
2397 3655
2398 3446
2399 2402
2399 2404
2400 2402
2400 2401
2400 2403
2401 2403
2402 2403
2404 3273
2406 3469
2407 2408
2409 2410
2409 2411
2409 2412
2411 2414
2413 2414
2415 2416
2417 3210
2417 2447
2418 2419
2419 2421
2419 2423
2419 2420
2420 2423
2422 2423
2426 2809
2426 3007
2427 2428
2428 2429
2428 2809
2429 2807
2430 2438
2430 2431
2431 2432
2433 2434
2435 2441
2435 2440
2436 2440
2436 2438
2436 2437
2437 2439
2439 3213
2439 2441
2440 2441
2444 2759
2444 2760
2444 2899
2445 2446
2446 2447
2448 3121
2448 3035
2449 2911
2449 3118
2450 2451
2450 3035
2451 2907
2452 2453
2452 2455
2452 2907
2453 2456
2453 3667
2453 2454
2454 2455
2457 2459
2457 2458
2460 2946
2461 2462
2461 2467
2461 3727
2463 2470
2463 2464
2464 2465
2464 2471
2465 2466
2465 2469
2466 2468
2466 2467
2467 2468
2468 2469
2469 2471
2470 2471
2473 2474
2475 2477
2475 2476
2479 2777
2479 2779
2480 2481
2480 2757
2481 2483
2482 2901
2482 2483
2483 2762
2483 3149
2484 2771
2484 3140
2484 3136
2486 3147
2486 2826
2486 2828
2487 3067
2488 2552
2488 2550
2488 2555
2489 2490
2489 3294
2490 2491
2490 2552
2491 2492
2492 2493
2493 2702
2493 2494
2494 2701
2494 2702
2495 2702
2496 2497
2497 2699
2498 2700
2498 2499
2498 2701
2499 2501
2500 2501
2502 3192
2502 2507
2502 2503
2503 2506
2503 2505
2503 2504
2505 2521
2506 2508
2506 2507
2507 3191
2509 2532
2509 2539
2509 2524
2509 2534
2510 3834
2510 2518
2510 2554
2510 3453
2511 2526
2511 2527
2512 2881
2512 2880
2512 2568
2512 2882
2513 2549
2513 2547
2513 2546
2514 2547
2514 2881
2514 2518
2515 3453
2515 2516
2515 2517
2516 3068
2516 2520
2517 2519
2517 2554
2518 2542
2519 3836
2519 3296
2519 2520
2520 3238
2521 2522
2522 2736
2522 2526
2523 2539
2523 2525
2523 2538
2524 2527
2524 2525
2525 2736
2526 2736
2527 2528
2528 2529
2528 2531
2529 2531
2529 2530
2531 2532
2532 3835
2533 2534
2534 2535
2534 2542
2535 2541
2535 2540
2536 2541
2537 2545
2538 3144
2538 2555
2539 2540
2540 2541
2542 2545
2543 2546
2544 2545
2546 2954
2547 2548
2550 2954
2551 2552
2553 2554
2555 3191
2556 2557
2556 2659
2556 2558
2557 2661
2559 2561
2559 2560
2561 2562
2563 2936
2563 2932
2564 3824
2564 3813
2565 2566
2566 3305
2567 2572
2567 2568
2567 3297
2568 2802
2568 2574
2569 2570
2569 3109
2569 2679
2570 2680
2570 3110
2570 2952
2571 2680
2571 3297
2571 2572
2572 2949
2573 2576
2573 2574
2573 2949
2574 2575
2575 2579
2576 2598
2576 2725
2577 2941
2577 2578
2577 2728
2579 2581
2579 2580
2580 2581
2581 2728
2582 2583
2582 2940
2582 2725
2583 2584
2583 2595
2584 2585
2584 2714
2584 2587
2585 2586
2585 2710
2586 2587
2587 3090
2588 2711
2588 2591
2588 2713
2589 2590
2589 3029
2590 2713
2590 2709
2591 2592
2591 2721
2592 2593
2592 2596
2593 2720
2593 2597
2593 2596
2594 2595
2595 2596
2597 2722
2597 2717
2598 2722
2598 2717
2599 2791
2599 3565
2599 3677
2600 2601
2600 3675
2600 3615
2601 2602
2601 2604
2602 3686
2602 2605
2603 3602
2603 3690
2603 3601
2603 3658
2604 3607
2604 3602
2605 2609
2605 2606
2606 3756
2607 2610
2607 2608
2607 3603
2610 2611
2612 3009
2612 3698
2612 2859
2613 2615
2614 2615
2616 2617
2617 2618
2618 2624
2618 2619
2619 2621
2619 2625
2620 2621
2621 2622
2622 2623
2625 2626
2626 2627
2628 2629
2629 2630
2630 2631
2631 2631
2632 2633
2633 2983
2634 2982
2634 2984
2635 2986
2635 2998
2636 3177
2636 2988
2637 3302
2637 3556
2637 2749
2637 2750
2638 2639
2639 3352
2640 2641
2641 2642
2642 2644
2643 2645
2643 2644
2645 2646
2646 2647
2647 2648
2648 2649
2649 3034
2650 3718
2650 3034
2651 2653
2651 3718
2652 2655
2652 2653
2653 2654
2654 3449
2656 2657
2656 3451
2657 2661
2658 2660
2659 2660
2660 3512
2661 3098
2662 2664
2663 2664
2664 2665
2666 2668
2666 2667
2668 2669
2669 3118
2673 2674
2674 2675
2677 3305
2677 2679
2677 3033
2678 3306
2679 3110
2679 3111
2680 2681
2682 2683
2682 3768
2683 2684
2683 3243
2684 2685
2685 3769
2685 2686
2686 3666
2687 3470
2689 3243
2689 2690
2691 3293
2692 2696
2693 2695
2693 2696
2693 2694
2695 2696
2697 2698
2699 3295
2699 3294
2700 3295
2700 2701
2703 2706
2704 2705
2705 3191
2705 2706
2706 2707
2708 3864
2709 2715
2709 3111
2709 3110
2710 2714
2711 2714
2711 2712
2713 2716
2715 2716
2716 2718
2717 2718
2718 2719
2722 2724
2723 2724
2724 2725
2726 2727
2727 2732
2727 2734
2728 2729
2730 2735
2731 2735
2732 2734
2732 2733
2734 2735
2737 3202
2737 2850
2738 3203
2738 2850
2739 3187
2739 2961
2739 2740
2739 3054
2740 2744
2740 3019
2741 2961
2741 3268
2742 2955
2743 2958
2743 3019
2744 2745
2744 3190
2745 2883
2745 3019
2746 2812
2746 3189
2746 2747
2747 3190
2747 2812
2748 3184
2748 2803
2748 2797
2749 3595
2749 3817
2750 3414
2750 3555
2751 2753
2751 2754
2751 3794
2752 2756
2752 2753
2752 3709
2753 3709
2754 3794
2754 2755
2755 2756
2757 2899
2758 2759
2758 2760
2759 2760
2761 2764
2762 2899
2762 2763
2763 2765
2763 3151
2764 2765
2764 2766
2765 2770
2766 2767
2766 2769
2767 2776
2768 2770
2768 2777
2768 3150
2769 2770
2769 2778
2771 2772
2772 2773
2772 2775
2773 2828
2773 3133
2774 3134
2775 3135
2775 3134
2776 2778
2777 2778
2777 3221
2779 3142
2779 3220
2780 2910
2781 2783
2782 2783
2782 3347
2782 3100
2783 2784
2785 2787
2786 2787
2787 2788
2789 3613
2789 3478
2790 3565
2790 3069
2791 3697
2791 2792
2792 3659
2793 3258
2793 3464
2793 3605
2794 3105
2794 3103
2795 2797
2795 2798
2795 3346
2796 2803
2797 3188
2798 3346
2798 2955
2799 3477
2799 2802
2799 3298
2800 3477
2801 2802
2805 2811
2805 2810
2805 3661
2806 2808
2806 3445
2807 3050
2809 3800
2809 3050
2810 3656
2811 3662
2812 3188
2813 2814
2813 2815
2819 3490
2819 3489
2820 3765
2821 3716
2822 3234
2822 3232
2823 3232
2823 3233
2824 2825
2824 3237
2824 3234
2825 3233
2825 3235
2827 3147
2829 2830
2829 2879
2830 2833
2831 2879
2831 2832
2832 2879
2832 3178
2833 3688
2833 3178
2834 2837
2834 3171
2835 2840
2835 3289
2836 2841
2836 2838
2836 3172
2837 3172
2839 3171
2839 2861
2841 3289
2843 3534
2843 2924
2844 3200
2844 3199
2845 2846
2845 3200
2846 3200
2847 2919
2850 3203
2851 2853
2852 2854
2854 2929
2855 3655
2856 3336
2857 3578
2858 3852
2858 2860
2858 3851
2859 3009
2859 3493
2859 3852
2860 3851
2860 3009
2862 2863
2864 3796
2864 3795
2865 3371
2865 3473
2866 3270
2867 3373
2867 3198
2868 2869
2869 3205
2870 3204
2870 3205
2871 3213
2873 3375
2874 3252
2875 2878
2875 3357
2877 3357
2877 2878
2878 3357
2880 3452
2880 2882
2881 2882
2882 3453
2883 3190
2883 3189
2884 2889
2884 2886
2885 2887
2885 3770
2885 2892
2886 2887
2888 2890
2888 2889
2889 2890
2890 2891
2891 2892
2894 2895
2896 3624
2896 3623
2897 3678
2897 3624
2898 3051
2901 2902
2903 3151
2903 3150
2904 3195
2904 3221
2905 3139
2905 2906
2905 3137
2908 3269
2908 2953
2909 2953
2909 3269
2909 3688
2910 3508
2910 3506
2911 3035
2911 3121
2912 3036
2912 2913
2912 2914
2918 3826
2918 3801
2921 3413
2922 2979
2922 3410
2923 3310
2923 3534
2924 2925
2924 3799
2926 3717
2927 3023
2927 3024
2928 2932
2928 3113
2930 3254
2930 2933
2931 2935
2931 2934
2932 2933
2934 2935
2935 2939
2936 3115
2938 3090
2938 2940
2938 2939
2939 2941
2940 2941
2944 2945
2947 3867
2948 3148
2950 2952
2950 3297
2950 2951
2951 2952
2951 3109
2951 3246
2953 3269
2956 2957
2956 2959
2957 2959
2958 3268
2959 2962
2960 2961
2962 3267
2964 2965
2964 2966
2965 2967
2966 2968
2966 2970
2967 2969
2967 2979
2968 2970
2969 2971
2970 2971
2971 2973
2972 2978
2972 2974
2973 2975
2973 2974
2974 2977
2975 2976
2975 2977
2980 2981
2982 2983
2983 2985
2984 2987
2985 2986
2986 3627
2987 2988
2989 3177
2991 2993
2991 2999
2991 2992
2992 2993
2994 3554
2998 3627
2998 3628
2999 3626
2999 3630
3000 3833
3001 3040
3002 3716
3002 3069
3003 3828
3003 3827
3005 3006
3006 3007
3006 3124
3007 3800
3007 3122
3008 3010
3011 3493
3011 3607
3012 3656
3014 3659
3014 3699
3016 3017
3016 3051
3018 3316
3018 3568
3020 3057
3021 3026
3021 3022
3021 3028
3022 3027
3024 3026
3025 3027
3025 3028
3029 3032
3029 3111
3030 3032
3031 3032
3033 3811
3036 3038
3037 3038
3041 3697
3041 3863
3042 3045
3047 3048
3049 3049
3052 3053
3053 3053
3054 3056
3054 3062
3055 3058
3056 3061
3057 3060
3058 3059
3058 3061
3059 3063
3059 3272
3060 3063
3061 3062
3062 3063
3064 3065
3070 3072
3075 3677
3075 3308
3077 3648
3078 3079
3078 3080
3079 3081
3080 3081
3082 3083
3084 3085
3086 3248
3087 3740
3087 3088
3089 3090
3089 3679
3091 3614
3092 3095
3092 3097
3092 3096
3093 3096
3094 3096
3100 3348
3101 3126
3101 3125
3102 3182
3103 3104
3104 3107
3105 3106
3106 3246
3106 3107
3107 3245
3108 3306
3108 3245
3108 3247
3109 3247
3112 3113
3113 3239
3114 3240
3115 3116
3116 3117
3116 3243
3118 3119
3119 3120
3120 3123
3121 3122
3122 3124
3123 3124
3126 3127
3127 3128
3128 3129
3129 3130
3130 3131
3131 3132
3133 3134
3133 3219
3135 3220
3135 3142
3137 3139
3138 3138
3139 3195
3141 3217
3142 3219
3143 3192
3145 3146
3147 3218
3148 3456
3150 3151
3153 3155
3154 3156
3159 3160
3159 3161
3159 3831
3162 3822
3162 3783
3163 3408
3165 3166
3167 3380
3167 3169
3167 3176
3168 3856
3168 3857
3169 3520
3169 3176
3172 3725
3173 3174
3173 3175
3174 3175
3176 3856
3178 3688
3179 3186
3179 3180
3179 3181
3180 3181
3180 3183
3181 3346
3182 3185
3182 3186
3183 3185
3184 3186
3188 3189
3193 3195
3194 3196
3197 3198
3199 3201
3202 3203
3203 3847
3204 3205
3205 3206
3207 3208
3209 3210
3213 3214
3218 3219
3221 3222
3223 3225
3223 3224
3225 3226
3227 3229
3233 3235
3235 3236
3236 3547
3236 3238
3238 3296
3239 3679
3240 3712
3240 3713
3241 3711
3241 3713
3244 3768
3245 3247
3246 3247
3250 3251
3251 3365
3251 3472
3254 3587
3254 3255
3255 3587
3256 3257
3259 3260
3260 3379
3261 3618
3262 3264
3263 3265
3264 3265
3264 3519
3264 3266
3265 3664
3266 3662
3266 3519
3270 3418
3271 3606
3274 3277
3274 3275
3275 3278
3276 3278
3276 3277
3278 3475
3279 3829
3279 3281
3279 3280
3280 3396
3280 3281
3282 3284
3283 3557
3285 3287
3286 3287
3287 3289
3288 3290
3290 3291
3290 3313
3292 3312
3294 3295
3298 3299
3299 3452
3300 3301
3302 3818
3302 3414
3303 3304
3304 3554
3305 3306
3308 3675
3308 3309
3309 3863
3309 3862
3310 3311
3311 3798
3314 3382
3316 3568
3317 3318
3318 3319
3318 3320
3319 3320
3321 3322
3323 3324
3323 3325
3324 3326
3324 3327
3325 3327
3327 3330
3328 3329
3329 3332
3330 3331
3330 3332
3333 3364
3333 3363
3334 3363
3336 3337
3338 3339
3344 3797
3345 3594
3347 3542
3347 3348
3349 3527
3353 3355
3354 3355
3354 3717
3360 3443
3361 3623
3362 3363
3364 3365
3366 3599
3366 3367
3367 3368
3368 3369
3369 3370
3370 3371
3371 3594
3376 3377
3380 3855
3380 3854
3388 3389
3391 3392
3394 3395
3397 3580
3397 3562
3397 3563
3398 3562
3398 3564
3399 3400
3400 3402
3400 3403
3409 3825
3409 3826
3412 3413
3414 3554
3421 3422
3424 3425
3427 3428
3429 3430
3429 3432
3430 3431
3431 3432
3431 3433
3434 3435
3435 3497
3436 3437
3439 3439
3443 3747
3443 3689
3444 3445
3446 3655
3448 3450
3449 3451
3456 3457
3457 3548
3458 3680
3458 3459
3458 3462
3459 3726
3459 3680
3460 3483
3460 3463
3460 3726
3461 3559
3461 3462
3461 3463
3462 3559
3463 3613
3464 3467
3464 3466
3465 3567
3465 3467
3466 3468
3467 3480
3468 3614
3468 3567
3470 3496
3470 3666
3472 3473
3473 3474
3475 3866
3475 3606
3475 3865
3476 3477
3478 3484
3478 3481
3479 3481
3479 3480
3479 3482
3482 3631
3483 3485
3483 3484
3484 3613
3485 3632
3485 3631
3486 3489
3486 3617
3487 3617
3487 3562
3487 3579
3488 3491
3488 3490
3489 3490
3491 3561
3491 3617
3492 3581
3492 3582
3492 3683
3495 3668
3495 3496
3496 3669
3497 3661
3498 3705
3498 3704
3499 3703
3499 3500
3499 3701
3500 3701
3500 3706
3501 3687
3501 3502
3501 3581
3502 3563
3502 3685
3503 3504
3503 3686
3503 3687
3504 3505
3505 3616
3506 3508
3506 3507
3506 3742
3507 3741
3507 3509
3508 3509
3510 3511
3513 3514
3513 3572
3514 3515
3514 3766
3515 3516
3515 3766
3516 3570
3517 3518
3518 3784
3519 3584
3520 3521
3520 3857
3522 3641
3522 3642
3523 3638
3524 3525
3524 3771
3525 3526
3527 3528
3527 3531
3528 3529
3528 3533
3530 3531
3531 3533
3532 3533
3535 3536
3536 3538
3536 3537
3539 3544
3540 3544
3540 3541
3540 3545
3542 3543
3542 3544
3548 3550
3548 3549
3551 3552
3555 3556
3560 3681
3560 3561
3560 3582
3561 3583
3562 3564
3563 3564
3565 3566
3570 3571
3571 3767
3571 3572
3572 3767
3573 3574
3573 3575
3574 3575
3576 3577
3577 3683
3577 3578
3578 3683
3579 3583
3579 3580
3580 3581
3582 3583
3584 3585
3584 3663
3585 3586
3586 3663
3586 3761
3589 3590
3591 3592
3591 3593
3591 3594
3596 3600
3597 3598
3597 3599
3598 3600
3599 3600
3601 3602
3603 3759
3603 3760
3606 3753
3606 3866
3609 3623
3609 3610
3609 3671
3610 3671
3612 3649
3616 3684
3616 3685
3618 3620
3618 3619
3619 3620
3623 3672
3623 3678
3625 3657
3625 3690
3626 3629
3626 3630
3627 3630
3628 3629
3631 3632
3634 3635
3635 3696
3636 3643
3636 3637
3637 3638
3638 3639
3639 3640
3640 3641
3641 3642
3642 3643
3644 3670
3645 3646
3647 3867
3648 3853
3649 3650
3649 3853
3651 3652
3652 3653
3656 3657
3657 3658
3658 3660
3658 3690
3659 3699
3660 3716
3660 3699
3661 3662
3663 3852
3666 3669
3667 3668
3668 3669
3671 3672
3672 3678
3673 3674
3675 3862
3676 3677
3681 3682
3682 3700
3684 3685
3686 3687
3691 3693
3691 3694
3691 3692
3692 3693
3694 3695
3694 3696
3695 3696
3697 3863
3698 3757
3698 3759
3702 3704
3702 3703
3703 3704
3705 3708
3705 3706
3706 3708
3707 3708
3707 3709
3710 3712
3711 3714
3712 3714
3713 3714
3720 3721
3720 3723
3721 3722
3722 3723
3724 3725
3727 3741
3729 3730
3731 3735
3732 3734
3732 3733
3734 3738
3734 3735
3735 3736
3735 3737
3738 3739
3741 3742
3743 3749
3743 3750
3744 3752
3744 3773
3745 3752
3745 3746
3745 3773
3746 3772
3746 3747
3747 3748
3748 3749
3749 3750
3750 3751
3751 3752
3753 3754
3753 3755
3754 3755
3754 3866
3756 3758
3756 3757
3757 3758
3758 3760
3759 3760
3762 3763
3764 3765
3772 3773
3772 3793
3775 3779
3775 3819
3775 3820
3776 3781
3776 3777
3776 3783
3777 3783
3777 3780
3778 3820
3778 3781
3778 3782
3779 3780
3781 3782
3788 3793
3788 3791
3789 3790
3789 3793
3790 3792
3791 3792
3792 3815
3795 3797
3798 3799
3801 3826
3801 3825
3802 3808
3802 3810
3803 3804
3803 3805
3804 3809
3804 3805
3805 3808
3806 3810
3806 3807
3807 3809
3811 3811
3812 3813
3812 3815
3813 3814
3814 3815
3816 3817
3816 3819
3819 3820
3821 3823
3821 3822
3822 3823
3825 3826
3827 3828
3837 3838
3839 3842
3839 3841
3840 3841
3840 3842
3845 3846
3849 3850
3854 3855
3856 3857
3858 3859
3858 3861
3859 3860
3860 3861
3865 3866
