0 32
0 68
0 70
1 276
1 2
1 521
2 64
2 67
3 65
3 515
3 64
4 5
4 728
4 8
5 6
5 8
6 730
6 7
7 62
7 730
8 63
9 763
9 706
9 764
10 55
10 535
10 706
11 56
11 55
11 707
12 13
12 56
12 708
13 14
13 534
14 101
14 534
15 537
15 533
15 711
16 533
16 17
16 536
17 712
17 103
18 714
18 712
18 715
19 713
19 77
19 76
20 279
20 21
20 22
21 23
21 124
22 277
22 124
23 119
23 115
24 25
24 641
24 96
25 26
25 257
26 602
26 27
27 29
27 272
27 876
28 876
28 515
28 30
29 31
29 30
30 478
31 83
31 602
31 40
32 33
32 68
33 37
33 36
34 84
34 35
34 479
34 605
35 36
35 84
36 607
37 38
37 632
38 531
38 594
39 40
39 255
39 639
40 358
41 492
41 121
41 500
41 116
42 288
42 283
42 282
43 290
43 288
43 44
44 284
44 278
45 46
45 75
45 716
46 250
46 74
47 717
47 48
47 74
48 75
48 717
49 345
49 801
49 717
50 71
50 638
50 601
51 72
51 340
51 71
52 704
52 53
52 72
53 705
53 704
54 820
54 765
54 762
55 707
56 708
57 395
57 73
57 705
58 76
58 109
58 714
59 60
59 106
59 217
60 755
60 751
61 166
61 306
61 169
62 63
62 526
63 526
64 67
65 729
65 515
66 67
66 728
66 729
68 69
69 727
69 271
70 726
70 727
71 601
72 340
73 601
73 705
74 250
75 716
76 714
77 715
77 713
78 79
78 768
78 81
79 592
79 768
80 593
80 592
80 769
81 99
81 593
82 280
82 513
82 511
82 522
83 261
83 260
84 263
85 261
85 478
85 90
86 136
86 142
86 141
87 136
87 144
87 142
87 92
88 143
88 89
88 91
89 116
89 113
90 270
90 486
91 144
91 94
92 145
92 684
93 94
94 492
95 275
95 773
95 774
96 272
96 520
97 298
97 596
97 355
98 419
98 839
98 131
99 593
100 149
100 151
100 152
100 157
101 711
101 156
102 309
103 720
103 721
104 191
104 193
104 834
105 168
105 652
105 199
106 188
106 202
107 667
107 668
107 108
108 781
108 200
109 781
109 780
109 205
110 112
111 114
111 137
111 757
111 135
112 137
112 118
113 134
113 485
114 485
114 115
115 117
116 117
117 121
118 827
118 119
118 640
119 137
120 123
121 123
122 500
122 509
122 501
123 124
125 578
125 579
125 488
126 127
126 504
126 271
127 499
127 507
127 760
128 499
128 502
128 761
129 299
129 295
129 354
130 131
130 298
130 732
131 732
131 418
132 133
132 837
132 138
133 135
133 481
134 477
134 141
135 481
136 143
138 477
138 139
139 141
139 477
140 849
141 849
142 848
143 144
145 683
145 496
146 683
147 305
147 347
147 707
148 305
148 795
148 708
149 719
149 795
149 807
150 674
150 155
150 156
151 788
151 807
152 812
152 157
152 719
153 812
153 154
153 158
154 155
154 159
154 674
155 156
155 709
156 160
157 158
157 161
158 159
158 162
159 709
159 163
160 709
160 164
161 788
161 162
161 779
162 163
163 710
164 710
164 586
165 675
166 179
166 170
167 179
169 183
169 175
171 181
172 197
173 187
174 195
175 183
175 644
176 193
177 194
178 804
178 189
178 805
179 803
180 659
180 655
180 675
181 750
181 188
182 644
182 648
182 782
183 184
184 186
184 203
185 659
185 190
185 658
187 750
187 191
188 192
189 198
189 200
191 192
192 750
193 194
194 195
195 652
196 655
196 197
196 204
197 205
199 651
199 650
200 651
200 208
201 203
202 212
202 835
203 219
204 210
204 656
205 720
206 211
206 752
206 214
207 782
208 209
208 663
209 667
209 665
211 226
211 782
212 213
212 221
213 215
213 225
214 247
214 230
215 833
215 231
216 217
217 218
217 224
220 226
221 229
221 225
222 223
223 224
223 227
224 227
225 231
226 236
227 239
228 665
228 234
228 235
229 237
229 239
230 660
230 247
231 232
231 240
232 242
232 235
233 234
233 668
233 245
234 238
235 238
237 240
237 241
238 246
239 661
240 242
241 661
241 248
242 243
243 244
243 249
245 246
245 780
246 250
247 310
251 256
252 253
252 255
253 254
254 633
254 255
255 259
256 257
256 867
257 602
258 606
258 758
258 259
259 595
260 605
260 265
261 262
262 480
262 264
263 267
263 266
264 265
264 480
265 479
266 479
266 484
267 268
267 269
268 579
268 271
270 490
270 493
272 274
273 506
273 512
274 514
274 876
275 513
275 682
275 285
276 521
276 518
277 283
277 736
279 822
279 512
280 282
280 281
281 287
281 286
282 287
283 289
285 286
285 524
286 287
288 292
289 292
289 294
290 291
290 296
291 295
291 735
292 293
293 688
293 297
294 688
294 689
295 786
296 299
296 297
297 298
299 732
300 302
301 787
301 303
301 691
302 305
302 303
303 690
304 777
304 347
304 350
304 356
306 339
306 643
307 309
308 675
309 756
311 313
311 312
312 825
312 581
313 314
313 740
315 316
315 740
315 317
316 860
316 318
317 742
317 740
317 738
318 319
318 321
320 819
320 792
320 738
321 741
321 322
322 857
322 745
323 862
323 746
323 818
324 816
325 857
325 326
325 809
326 327
326 574
327 328
327 748
328 576
328 575
329 811
329 746
329 817
330 811
330 331
330 810
331 576
331 337
332 813
333 335
334 336
335 338
335 336
336 339
339 744
340 632
341 342
341 676
341 443
342 802
342 343
343 344
343 444
344 345
344 445
345 800
345 448
346 444
346 450
346 445
347 672
348 355
349 693
349 357
349 350
350 692
351 354
352 357
353 585
353 357
353 354
355 418
356 839
356 673
359 360
359 573
360 437
361 703
361 363
361 875
362 636
364 365
364 366
364 703
365 701
365 368
366 703
366 367
367 369
367 686
368 370
368 701
369 686
369 371
370 371
370 702
371 702
372 686
372 417
372 687
373 374
373 558
373 376
373 566
375 376
375 377
375 566
375 556
376 695
376 567
377 567
377 549
377 381
378 695
378 567
378 383
379 387
380 390
381 846
381 603
382 389
382 417
382 393
383 385
383 395
384 604
384 392
384 388
384 548
385 846
385 396
386 846
386 603
386 391
387 390
387 389
388 394
388 392
389 393
390 393
391 396
391 394
392 394
393 704
395 847
396 847
397 398
397 397
398 404
398 768
399 404
399 400
401 402
401 408
402 403
402 766
403 405
404 767
405 406
405 407
406 409
406 868
408 410
408 413
410 412
410 411
411 412
411 538
412 539
414 415
414 865
414 749
415 769
415 423
416 417
416 551
416 695
418 419
419 841
420 843
420 841
420 421
422 749
423 616
423 425
424 568
425 623
425 428
426 435
427 431
428 770
429 430
429 628
429 629
430 431
430 432
431 544
432 433
432 544
433 631
433 434
434 599
434 598
435 597
435 436
436 438
436 600
437 770
437 616
438 871
438 873
439 784
440 446
440 784
440 785
441 442
442 785
444 678
445 448
446 455
446 528
447 801
448 449
449 799
449 451
450 451
450 452
451 798
452 454
452 677
452 676
453 677
454 798
454 455
455 722
456 457
457 459
457 458
457 461
459 796
459 724
460 680
461 680
461 462
462 464
462 463
463 796
463 465
464 465
464 466
465 467
468 789
469 470
469 473
469 796
470 794
470 471
471 472
471 789
473 474
473 670
475 772
476 827
476 772
476 641
478 482
479 484
480 486
481 485
482 487
482 489
483 578
484 486
487 489
487 491
488 760
488 490
489 493
489 494
490 502
491 495
491 642
492 496
493 498
494 498
494 495
495 515
496 497
497 501
497 500
498 580
499 760
501 505
502 503
503 685
503 853
504 507
504 866
505 509
505 510
506 822
507 761
508 510
509 511
510 511
513 522
514 517
516 521
516 580
516 518
517 523
518 854
519 525
522 524
525 822
525 730
526 820
527 638
527 845
527 602
528 530
528 529
531 759
531 595
532 536
532 537
532 828
533 711
534 535
535 706
536 721
537 828
538 543
538 767
539 864
539 540
540 541
540 864
541 865
541 542
542 543
542 865
543 767
544 587
545 549
545 613
545 546
546 547
546 621
547 608
547 621
548 549
548 604
549 555
550 619
550 555
550 552
551 702
551 558
552 565
552 561
553 561
553 562
553 626
554 613
554 559
554 612
555 556
555 559
556 564
557 565
557 558
557 566
559 619
560 561
560 619
560 562
562 618
562 563
563 612
563 626
564 566
564 565
568 569
568 617
569 698
569 616
570 697
570 696
570 571
571 572
571 698
572 698
572 700
573 700
573 699
574 575
574 858
575 577
576 748
578 579
580 685
581 583
581 582
584 585
585 844
586 828
586 779
587 588
587 636
588 589
588 634
589 635
589 855
589 856
590 591
591 635
591 634
592 769
594 633
594 595
595 758
596 764
596 765
597 598
597 600
598 599
599 600
603 604
605 606
606 607
607 759
608 609
608 624
609 610
609 611
610 731
610 611
611 625
612 625
613 624
614 636
614 701
614 869
615 847
617 697
617 874
620 621
622 624
623 623
625 626
627 629
629 630
632 633
634 635
637 638
641 852
644 646
645 646
646 647
648 649
648 826
650 806
650 651
652 653
654 655
654 656
654 659
656 657
661 662
663 664
663 836
664 666
664 665
665 669
667 669
668 669
670 793
671 840
672 673
674 718
676 677
679 680
681 776
682 683
682 776
687 687
688 689
689 737
691 777
691 692
692 693
693 694
696 699
696 697
699 700
709 710
712 715
713 716
718 719
718 812
720 721
722 724
722 723
724 725
726 854
726 727
728 729
733 735
734 735
738 739
741 742
741 818
742 861
743 744
744 860
745 863
745 746
746 747
747 817
747 862
747 815
748 810
749 824
751 755
751 752
752 753
753 754
753 826
754 826
754 756
755 756
758 759
761 853
762 765
762 763
763 764
764 765
771 772
775 776
777 778
779 788
780 781
783 784
789 797
790 791
790 794
795 807
798 799
799 800
800 801
808 859
809 863
809 810
811 863
813 817
813 814
816 819
816 862
818 861
819 861
820 821
823 824
823 823
824 864
827 851
829 833
829 830
829 835
830 835
830 834
831 834
831 832
831 836
832 836
832 833
838 840
839 840
841 842
849 850
853 854
857 858
858 859
859 860
870 872
870 871
870 875
871 875
871 873
872 873
872 874
873 874
