0 215
0 2448
0 1590
1 2497
1 1647
1 1643
2 1788
2 1653
2 1783
3 2515
3 1780
3 3369
4 6
4 3391
4 5
5 3100
5 3714
6 1810
6 1796
7 2397
7 2395
7 1795
8 2395
8 2400
8 2398
9 342
9 467
9 29
10 2492
10 2141
10 2140
10 2561
11 3060
11 20
11 22
12 2876
12 409
12 15
13 132
13 23
13 34
13 602
14 15
14 2556
14 2555
15 468
15 2487
16 2487
16 28
16 132
17 26
17 127
17 109
17 366
18 276
18 35
18 361
19 34
19 2852
19 25
19 614
20 93
20 30
20 133
21 118
21 614
21 104
21 135
22 93
22 495
22 3563
23 1045
23 597
23 101
24 38
24 134
24 2179
24 2180
25 122
25 97
25 124
26 30
26 333
26 444
27 2726
27 665
28 602
28 350
29 293
29 107
30 138
30 126
31 124
31 451
31 110
31 292
32 36
32 498
32 120
33 107
33 930
33 2852
34 494
34 321
35 135
35 113
35 332
36 123
36 495
36 535
37 350
37 39
37 2486
38 131
38 455
39 2179
39 40
39 95
40 130
40 131
41 360
41 137
41 453
41 478
42 325
42 3061
42 471
42 2160
43 326
43 2125
43 1074
43 3620
44 2160
44 396
44 2117
44 2137
45 2308
45 2270
45 2297
46 139
46 2269
46 2266
47 3610
47 84
47 3467
48 2292
48 2269
48 2281
49 50
49 2308
49 2313
50 2319
50 2318
51 2192
51 52
51 2754
52 2875
52 2194
53 3360
53 54
53 2194
54 3361
54 55
55 2181
55 56
56 57
56 3359
57 2181
57 59
58 2196
58 2181
58 2182
59 2182
59 2751
60 61
60 2187
60 2751
61 2186
61 3240
62 2354
62 2335
62 2327
63 1493
63 64
63 1490
64 65
64 1493
65 66
65 1495
66 67
66 1496
67 68
67 1497
68 1315
68 69
69 2504
69 1313
70 2504
70 71
70 2503
71 735
71 72
72 734
72 73
73 74
73 1322
74 2505
74 75
75 2506
75 76
76 1326
76 77
77 1311
77 1317
78 1323
78 1359
78 1317
79 80
79 1327
79 1359
80 1319
80 3233
81 2455
81 2449
81 2459
82 3180
82 3611
82 83
82 3612
83 85
83 3610
84 85
84 114
85 3614
85 3613
86 473
86 87
86 120
86 3467
87 119
87 3178
88 473
88 3178
88 3177
89 1907
89 2494
89 550
90 1074
90 2449
90 483
91 2167
91 129
91 92
91 138
92 365
92 2593
92 2168
92 2591
93 126
93 501
94 558
94 365
94 96
94 3041
95 136
95 125
95 350
96 365
96 444
96 138
97 293
97 107
97 2852
98 125
98 128
98 136
98 3052
99 3473
99 664
99 2133
100 1115
100 103
100 2139
100 2167
101 132
101 2556
101 437
102 3629
102 2724
102 1115
102 2161
103 416
103 3629
104 115
104 122
104 127
105 3476
105 2161
105 261
106 3475
106 2494
106 339
106 303
108 3186
108 930
108 3185
109 558
109 366
110 502
110 119
110 123
111 478
111 112
111 137
111 1112
112 3612
112 3613
112 1369
113 276
113 115
113 3045
114 336
114 478
115 3044
115 135
116 2328
116 2904
116 2341
117 134
117 505
117 609
118 125
118 128
118 494
119 451
119 120
120 123
121 2904
121 1489
121 1498
122 345
122 614
123 501
124 345
124 342
125 602
126 333
126 502
127 345
127 333
128 3053
128 135
129 3124
129 3058
129 3060
130 136
130 131
131 2877
133 138
133 3124
134 281
137 385
137 418
139 140
139 2290
140 2296
140 2298
141 421
141 242
141 3170
142 152
142 204
142 143
143 183
143 3531
144 618
144 466
144 615
145 947
145 938
145 3253
145 153
146 287
146 286
146 2990
146 552
147 311
147 411
147 158
148 178
148 161
148 149
149 178
149 152
150 177
150 2579
150 178
151 3220
151 528
151 571
152 154
153 3334
153 3014
154 204
154 2942
154 213
155 156
155 284
155 958
156 941
156 3448
156 197
157 278
157 3242
157 161
157 264
158 311
158 163
159 164
159 301
159 3566
160 610
160 275
160 235
160 245
161 264
162 165
162 287
162 404
163 228
163 617
164 3442
164 195
165 617
165 404
166 289
166 589
166 351
167 808
167 525
167 529
168 198
168 3159
168 283
169 589
169 289
169 500
170 283
170 171
170 3560
171 3560
171 172
171 960
172 1248
172 1263
172 315
173 302
173 2882
173 176
174 936
174 3307
174 929
175 447
175 192
175 542
176 291
176 285
177 183
177 193
179 2272
179 3594
179 3650
180 3531
180 3656
180 504
181 245
181 239
181 3057
182 3003
182 193
182 2579
183 3531
184 3202
184 216
184 3208
185 572
185 528
185 571
186 960
186 3016
186 1097
187 2881
187 447
187 192
187 3167
188 427
188 273
188 309
189 522
189 2173
189 405
189 496
190 1016
190 329
190 385
191 363
191 465
191 533
192 544
192 2882
193 259
193 263
194 368
194 200
194 454
195 197
195 301
195 198
196 230
196 497
197 3525
197 3119
198 1282
199 269
199 233
199 237
200 561
200 454
201 3595
201 1118
201 3357
202 546
202 570
202 2763
203 421
203 242
203 248
203 397
204 3165
204 2662
205 621
205 453
205 588
205 2143
206 3183
206 219
206 208
207 314
207 255
208 219
208 278
209 3334
209 3161
209 2989
210 2860
210 349
210 2859
211 3279
211 3292
211 3153
212 213
212 1260
212 220
213 214
213 439
214 3530
214 1097
214 3165
215 480
215 349
216 419
216 613
216 1075
217 3218
217 600
217 806
218 227
218 480
218 577
219 220
220 258
220 475
221 358
221 362
221 2128
222 446
222 228
222 617
223 254
223 295
223 537
223 567
224 545
224 399
224 3280
225 609
225 436
225 503
226 3580
226 459
227 1146
227 418
227 385
228 543
229 3155
229 386
229 308
230 2840
230 490
231 595
231 243
232 246
232 3632
232 234
233 2999
233 237
234 266
234 590
235 492
235 239
236 3323
236 3320
236 3324
237 549
237 269
238 3115
238 1284
238 3322
239 245
240 249
240 262
240 275
241 407
241 343
241 406
242 454
243 266
244 3253
244 410
244 704
244 603
245 275
246 260
246 266
246 2568
247 2123
247 3596
247 507
248 2914
248 397
248 2913
249 3056
249 3057
250 3280
250 3547
250 3642
251 3198
251 303
251 312
252 1261
252 439
252 1260
253 3547
253 3283
253 3278
254 277
254 3000
255 3560
256 271
256 414
256 427
257 1255
257 353
257 258
258 353
259 260
260 263
261 585
261 655
261 2169
262 275
262 305
263 3632
264 2572
265 2569
265 3002
265 328
266 419
267 3283
267 3285
267 1286
268 3319
268 3318
268 3317
269 414
270 2913
270 3192
270 316
270 522
271 1251
271 1254
272 1139
272 1132
272 3175
273 447
273 309
274 2145
274 2150
274 3596
276 348
276 612
277 3622
277 280
278 565
279 616
279 338
279 801
280 2997
280 3000
281 468
281 505
282 3442
282 3333
282 291
283 284
284 957
285 291
285 286
285 3567
286 1905
286 3571
287 307
288 1851
288 327
288 3078
288 3073
289 404
290 2895
290 538
291 2538
292 502
292 333
292 345
293 342
294 423
294 368
294 2146
295 1254
295 2992
296 298
296 1268
296 299
297 1851
297 3173
297 1128
298 1266
298 1265
299 1251
299 309
300 588
300 441
300 360
300 453
301 310
301 3256
302 3256
302 2881
303 3472
303 2138
304 1273
304 1279
304 1248
305 2141
305 610
306 308
306 307
306 1096
307 2773
308 386
308 552
310 3166
310 3255
310 1282
311 343
312 2118
312 422
313 3632
313 3002
313 3003
314 3166
314 3167
314 315
315 1276
315 447
316 448
316 521
316 613
317 2474
317 2475
317 319
318 1014
318 556
318 383
319 1308
319 2470
320 2565
320 1369
320 3179
320 3611
321 1044
321 2852
322 461
322 477
322 412
322 413
323 3451
323 1308
323 2468
324 3451
324 357
324 553
325 3619
325 592
325 2164
326 587
326 471
326 3238
327 1128
327 1121
327 367
328 499
328 590
329 2861
329 2860
330 560
330 435
330 575
331 435
331 3132
331 575
332 559
332 3053
334 3219
334 814
334 1094
335 603
335 343
335 406
336 621
336 1113
336 3315
337 2587
337 580
337 568
338 801
338 589
339 3563
339 659
340 580
340 568
340 341
340 579
341 3539
341 580
342 451
344 482
344 433
344 594
346 347
346 449
346 560
347 449
347 443
348 375
348 376
349 480
351 364
351 526
352 3014
352 540
352 410
353 1258
354 376
354 355
354 378
355 378
355 372
356 2334
356 3539
356 2590
357 553
357 3452
357 586
358 436
358 2129
359 655
359 2158
359 536
359 2162
360 532
360 1122
361 2878
361 559
362 378
362 2128
363 432
363 519
364 2475
364 526
366 3044
367 1127
367 1149
367 564
368 423
369 3258
369 3155
369 3690
370 3004
370 2589
370 415
370 499
371 1298
371 381
371 374
372 373
372 599
373 599
373 375
374 553
374 3452
375 376
377 380
377 393
377 388
379 3258
380 3258
380 3330
381 3690
381 382
382 512
382 395
383 488
383 3203
384 2859
384 2858
384 2861
385 1112
386 2899
386 551
387 3535
388 389
388 515
389 391
389 2898
389 2899
390 2134
390 657
390 536
391 2897
391 515
392 591
392 1138
392 1137
392 1129
393 3151
393 510
394 3296
394 513
394 508
395 513
395 3147
396 2144
396 428
397 613
398 399
398 515
398 510
399 3293
400 3143
400 3111
400 545
401 499
401 2879
401 3539
402 1858
402 417
402 2592
403 415
403 590
403 405
405 415
405 2589
406 3017
407 543
407 3523
408 2591
408 1858
408 2590
409 2554
409 505
410 603
411 3333
411 2918
411 2537
412 554
412 413
413 3622
414 427
415 516
416 417
416 420
417 2165
418 1122
418 1147
419 448
420 2139
420 2591
421 425
422 2122
422 2150
423 2166
424 431
424 3232
424 432
425 1075
425 613
426 3468
426 460
426 498
428 2137
428 1114
428 2154
429 3129
429 3130
429 457
430 1140
430 1130
430 3072
431 3131
431 3132
432 440
433 503
433 548
433 2129
434 1129
434 487
434 491
435 472
435 3131
436 503
437 2559
437 597
438 452
438 462
438 458
439 1263
440 584
440 3221
440 3232
441 1852
441 588
442 1121
442 466
442 562
443 462
443 566
444 558
445 2121
445 3238
445 561
446 796
446 500
449 470
450 488
450 504
450 3656
451 467
453 621
455 2877
455 609
456 3017
456 707
456 540
457 3127
457 3128
458 3652
458 2868
459 2501
459 524
460 498
460 569
461 497
461 3622
462 474
462 464
463 2155
463 2158
463 484
464 464
465 533
465 518
466 2742
467 3177
468 2180
468 2486
469 599
469 2130
469 531
470 581
470 560
471 2117
472 3131
472 474
473 3179
473 3180
474 476
475 565
475 611
476 3652
477 567
477 2501
478 3614
479 3302
479 2554
479 3301
481 2132
481 2593
481 2131
482 531
482 2132
483 1074
483 3079
484 2157
484 2909
484 2159
485 1094
485 601
485 525
486 539
486 3222
486 489
487 3174
487 3173
488 619
489 506
489 3227
490 2883
490 2786
492 951
492 610
493 2883
493 497
493 2840
494 614
494 602
495 3562
495 501
496 522
496 598
500 796
501 502
503 548
504 511
506 3227
506 2895
507 3190
507 3189
508 512
508 576
509 2898
509 2987
509 514
509 541
510 3152
511 604
511 3014
512 582
513 3148
514 545
514 2897
516 555
516 2588
517 547
517 523
517 3641
518 572
518 807
519 528
519 584
520 2833
520 3223
520 3222
521 598
521 2580
524 2840
524 3580
525 808
526 530
527 529
527 605
530 616
530 3220
531 2130
532 1126
532 1852
533 3129
534 3169
534 561
534 2119
535 569
535 3562
536 3194
536 3541
537 611
537 620
538 2895
538 3223
539 3222
539 829
540 604
541 542
541 3157
542 544
542 551
543 722
544 3001
545 3641
546 563
546 2264
548 559
548 593
548 596
549 1284
549 3112
550 3562
550 3563
551 2987
551 552
552 3001
553 1287
554 578
554 581
555 594
555 3242
556 604
556 1013
557 3164
557 2274
557 2273
558 3040
562 564
562 3593
563 618
563 1120
564 3593
565 3242
566 2977
566 3504
567 611
568 579
569 1907
570 615
570 2761
571 3219
572 807
573 574
573 3530
573 940
574 3461
574 2675
574 2673
575 582
576 582
576 578
577 3055
577 962
578 581
579 594
583 584
583 1299
583 3221
585 3543
585 663
586 1082
586 1295
587 3198
587 3199
588 591
590 2582
591 2164
592 3175
592 3176
593 3052
593 596
595 2584
595 2580
596 2877
597 3185
597 1044
598 2580
600 806
600 3217
601 606
601 1081
605 606
605 3229
606 3229
607 834
607 1081
607 1092
608 654
608 2169
608 2171
612 3043
612 2878
615 3074
616 3217
618 1119
619 3208
619 3656
620 1269
620 1258
622 2616
622 623
622 3399
623 2620
623 2630
623 2628
624 625
624 627
624 626
625 2620
625 2619
626 3565
626 3018
627 3659
627 3660
628 629
628 1461
628 631
629 1462
629 630
630 634
630 635
631 633
631 632
632 634
635 1071
635 707
636 637
636 2598
636 693
637 2599
637 2221
638 3144
638 639
638 964
639 642
639 2597
640 642
640 3659
640 641
640 2595
641 966
641 965
642 965
643 2226
643 2624
643 2228
644 2231
644 2228
644 652
645 968
645 2241
645 646
646 3145
646 647
647 2260
647 3400
648 2237
648 649
648 1161
649 2236
649 2235
650 1152
650 651
650 2236
651 1156
651 652
652 2231
653 2157
653 656
653 654
654 2155
654 655
656 2171
656 2173
657 2722
657 663
658 2170
658 2165
658 3478
659 660
659 664
660 662
660 661
661 665
661 1115
661 3059
662 2725
662 664
662 665
663 2161
663 2723
666 667
666 671
666 3007
667 3006
667 3005
668 3684
668 685
668 689
668 688
669 3008
669 3168
669 670
670 3008
670 3005
671 3007
671 3008
672 3201
672 675
672 673
673 3246
673 675
674 3140
674 695
674 696
675 3243
676 1344
676 1352
676 679
677 1344
677 1348
677 692
677 3243
678 681
678 679
678 1065
679 1065
680 1350
680 682
680 683
681 1350
681 1349
682 1346
682 1341
683 1355
683 1066
684 685
684 692
684 1341
685 1106
685 1340
686 1106
686 687
686 3136
687 1052
687 1064
688 3013
688 1106
688 3006
689 3536
689 3013
690 1348
690 1109
690 3243
691 1066
691 2506
691 2225
691 3134
692 1343
692 1347
693 2215
693 2217
694 3141
694 698
694 3142
695 3142
695 3140
696 697
696 699
697 963
697 2214
698 2215
698 3142
698 3246
699 700
699 1014
700 1015
700 963
701 702
701 703
701 3443
701 705
702 2919
702 3526
702 2918
703 946
703 704
704 3253
705 709
705 708
706 3204
706 3526
706 1488
707 3017
708 3207
708 3209
709 1071
709 3206
710 3207
710 1461
710 3206
711 721
711 712
711 718
712 713
712 2489
713 717
713 718
714 2489
714 715
714 719
715 720
715 716
716 717
716 1036
717 1037
718 724
719 720
719 2490
720 883
721 722
721 725
722 723
723 724
723 3523
724 3030
725 3651
725 2488
726 727
726 3398
726 730
727 1042
727 729
728 1042
729 2732
729 1062
730 1049
730 1058
731 732
732 733
732 735
733 1313
734 735
734 1311
736 1062
736 2534
736 1105
737 2534
737 2733
737 738
738 739
738 740
740 741
740 1048
740 3081
741 1047
741 1046
742 3081
742 743
742 2178
743 2178
743 2177
744 3245
744 1499
744 2640
745 763
745 1230
745 3436
746 768
746 763
746 1229
747 766
747 768
747 764
748 749
748 2745
748 766
749 750
749 761
750 752
750 759
751 2745
751 760
751 2744
752 753
752 2744
753 754
753 2206
754 755
754 1222
755 756
755 2205
756 757
756 1221
757 758
757 2203
758 2939
758 772
759 2205
759 1228
760 2746
760 765
761 761
762 763
766 2746
767 768
769 772
769 1209
769 771
770 3425
771 1209
771 1208
772 773
773 1216
773 777
774 775
774 2939
774 2937
775 2936
775 910
776 2935
776 3428
776 2936
777 1212
777 779
778 1215
778 780
778 779
779 1210
780 1455
780 2928
780 3427
781 3021
781 782
781 1232
782 786
782 1236
783 2929
783 784
783 786
784 1243
784 785
785 2547
785 1244
786 1008
787 2843
787 3254
787 2479
788 1464
788 1479
788 3647
789 824
789 837
789 833
790 793
790 796
790 864
790 2842
791 3449
791 1006
791 3450
792 795
792 794
793 1007
793 795
794 3450
794 799
797 2842
798 2842
799 2781
799 801
800 1090
800 2782
800 2845
800 2777
802 804
802 1088
802 3449
803 1089
803 805
803 1088
804 1089
804 2845
805 806
805 1090
807 2718
808 2692
809 819
809 2707
809 815
810 2718
810 2866
810 2867
811 2867
811 813
811 815
812 815
812 2692
812 816
813 1093
813 814
814 815
814 816
816 1094
817 820
817 818
817 2713
818 2717
818 2721
819 2866
819 2721
820 2710
820 2708
821 2776
821 3471
821 2775
822 829
822 825
822 823
823 2837
823 830
823 2838
824 2837
824 825
825 832
826 2794
826 840
826 827
827 828
827 2793
828 2793
828 843
829 830
829 831
830 3598
830 2794
831 1079
831 1080
832 833
832 1079
833 1093
834 1079
834 1080
834 1093
835 837
835 836
835 1549
836 1543
836 1547
837 1549
838 844
838 839
838 842
839 842
839 840
840 2794
841 1934
841 2846
841 1552
842 2493
843 844
843 845
844 845
845 2086
846 3228
846 2833
846 2793
847 1523
847 848
847 1515
847 1521
848 851
848 1522
849 850
849 1916
849 1526
850 1540
850 1934
851 852
851 855
852 1943
852 2863
852 1515
853 3413
853 1927
853 1509
853 1966
854 1936
854 855
854 1516
855 856
856 1861
856 1886
857 1917
857 1931
857 1516
858 859
858 1980
858 3617
859 1863
859 3225
860 861
860 1866
860 1880
861 1883
861 1890
862 3226
862 1976
862 1935
863 2490
863 864
863 884
864 865
865 1017
865 1019
866 873
866 1187
866 867
867 1031
867 1017
868 1031
868 869
868 1033
869 1176
869 1177
870 1176
870 3409
870 871
871 1188
871 888
871 1166
872 1187
872 1029
872 873
873 874
875 876
875 882
875 879
876 3655
876 3484
877 878
877 3655
877 1000
878 1172
878 887
879 880
879 881
880 994
880 1479
881 1072
881 882
882 3458
883 3458
883 2491
884 2490
884 2491
885 3231
885 3346
885 1164
886 1166
886 3346
886 890
887 888
887 3345
888 1033
889 890
889 1174
889 1188
890 1175
891 1174
891 1197
891 2366
892 1175
892 992
892 2366
893 1186
893 894
893 3678
894 3409
894 1195
895 1186
895 1200
895 1202
896 1190
896 1199
896 897
897 1192
897 900
898 899
898 1194
898 1192
899 1035
899 903
901 902
901 2378
901 1182
902 903
902 2377
903 2376
904 1558
904 1191
904 3406
905 1554
905 3404
905 906
906 2210
906 908
906 909
907 908
907 911
907 2922
908 2373
909 2198
909 2197
910 2200
910 2198
911 913
911 2921
912 2197
912 914
912 913
913 3514
914 2481
914 1206
915 1578
915 1573
915 1197
916 1578
916 2371
916 917
917 1576
917 1034
918 2789
918 922
918 2023
919 2023
919 920
919 2077
920 2044
920 2079
921 2082
921 923
921 927
922 995
922 1084
923 2097
923 2084
924 2086
924 2835
924 926
925 2835
925 2097
925 926
926 1928
928 931
928 3309
928 930
928 929
929 3050
929 953
931 932
931 1903
932 933
932 1903
933 934
933 3313
934 935
934 1903
935 3576
935 2564
936 3305
936 2533
937 1371
937 2767
937 1370
938 945
938 939
938 946
939 941
939 940
940 947
941 3118
941 942
942 945
942 943
943 950
943 944
944 946
944 945
947 3334
948 949
948 3443
948 950
949 3448
949 950
951 3307
951 1377
952 3303
952 2772
952 1371
954 1383
955 1487
955 1485
955 1488
956 1481
956 1470
956 994
957 3120
957 3159
958 3122
958 3123
959 960
959 3015
959 3122
961 2190
961 2187
961 2191
962 2920
963 964
964 965
965 2594
966 3660
966 1015
967 2736
968 2259
968 2255
969 2254
970 971
970 2507
970 2519
971 1622
971 3090
972 2408
972 1587
972 2409
973 2410
973 2498
973 1587
974 1744
974 1745
974 2499
975 1716
975 976
975 2512
976 977
976 1718
978 1709
978 1710
978 1726
979 1707
979 1708
979 1714
979 3275
979 1709
980 1758
980 3275
980 1760
981 1585
981 1642
981 1588
981 982
982 1583
982 2412
983 2924
983 984
983 2925
984 1674
984 2498
985 2927
985 1582
985 2926
986 2930
986 2213
986 2646
987 3299
987 2647
987 2654
988 2657
988 2656
988 2885
989 990
989 2657
989 996
990 991
990 2884
992 2941
992 993
993 1002
993 3648
994 1480
995 2824
997 1085
997 1086
997 3450
998 1027
999 1169
999 3230
999 1073
1000 1169
1000 3484
1001 3231
1001 1073
1001 1002
1002 3230
1003 1467
1003 1471
1003 1004
1004 1468
1004 1005
1005 2545
1005 1244
1006 1007
1008 2551
1008 1009
1009 2548
1009 3420
1010 1231
1010 3422
1010 1457
1011 3427
1011 3422
1011 3661
1012 3035
1012 2548
1012 1458
1013 1014
1013 1015
1016 3658
1016 3056
1017 1019
1018 1187
1018 1019
1018 1020
1020 3344
1020 1021
1021 3340
1021 1029
1022 2774
1022 1060
1022 1023
1023 1041
1023 3573
1024 1329
1024 1331
1024 1099
1025 1026
1025 2841
1025 1027
1026 1027
1026 2841
1028 3344
1029 1030
1031 1032
1033 1176
1034 1204
1034 1202
1034 1190
1035 1204
1035 1203
1036 1037
1036 3031
1037 1038
1038 1039
1038 3039
1039 3039
1039 1040
1040 1072
1040 1070
1041 1104
1041 3573
1042 1049
1043 1051
1043 2459
1043 1078
1044 1045
1049 1059
1050 1100
1051 3348
1051 2463
1052 1053
1052 1056
1053 1054
1053 3007
1054 3011
1054 1055
1055 1057
1055 2464
1056 1064
1056 1057
1057 1338
1058 1061
1058 2774
1059 2466
1059 1061
1060 2175
1060 1061
1062 1063
1063 2477
1063 2478
1064 3133
1065 1066
1067 2616
1067 2601
1067 2595
1067 1068
1068 2606
1068 2604
1069 2607
1069 2225
1069 2604
1070 1482
1070 1486
1071 3206
1072 3031
1073 3231
1075 3202
1076 1077
1076 2463
1076 3011
1077 3010
1077 1078
1077 3348
1078 2736
1080 2737
1080 1081
1082 1299
1082 1083
1083 1297
1083 2469
1084 2099
1084 2058
1086 1087
1086 2845
1088 1089
1089 1090
1090 1091
1091 2874
1091 3551
1092 1093
1092 3218
1095 1543
1095 1539
1095 1551
1096 2991
1097 1098
1099 3233
1099 1100
1100 2464
1100 1101
1101 1103
1102 1103
1102 1104
1104 3233
1105 2734
1105 2735
1107 2495
1107 1340
1107 1108
1108 1358
1108 1355
1109 3684
1109 1347
1110 1111
1110 2227
1110 1152
1111 2232
1111 3401
1112 3616
1113 2153
1113 1114
1114 2163
1114 2149
1115 3058
1116 3580
1116 1117
1117 2501
1118 3599
1118 1119
1119 3595
1120 3356
1120 3595
1121 3575
1122 1125
1123 3349
1124 1137
1124 3349
1124 3549
1125 1127
1125 1126
1126 1128
1127 1147
1129 1851
1130 1134
1130 1132
1131 1135
1131 1134
1131 1140
1132 1133
1133 1141
1133 1139
1134 1141
1135 3548
1135 1136
1135 1142
1136 3548
1136 1138
1137 1142
1138 3078
1139 3549
1140 1143
1141 1142
1142 3549
1143 3548
1143 3069
1144 1148
1145 1148
1146 1148
1146 1149
1146 1147
1148 3592
1149 3592
1150 1151
1150 2607
1150 2621
1152 1154
1152 1153
1155 1158
1155 3582
1156 1158
1156 1157
1159 2263
1160 2262
1161 3400
1161 1162
1163 3230
1164 1168
1164 1165
1165 1166
1165 1167
1169 1171
1170 1171
1171 1172
1172 1173
1174 3411
1175 3411
1177 1178
1177 1181
1178 1179
1179 1180
1182 1185
1182 1194
1183 1194
1184 1190
1186 1196
1186 1200
1188 1189
1191 2377
1191 2374
1192 1193
1195 2365
1195 2367
1196 2367
1196 1201
1197 1198
1198 3412
1198 2365
1199 1200
1199 3402
1202 2367
1204 1205
1206 1207
1206 2483
1207 3407
1207 2372
1208 1209
1208 3425
1210 1211
1210 1215
1211 1213
1211 1212
1212 1214
1213 3428
1213 1463
1215 1240
1216 3517
1216 1218
1217 3517
1217 3515
1217 3516
1218 1219
1218 1220
1221 3429
1221 1222
1222 1226
1223 1224
1224 1225
1224 1226
1226 1227
1230 2213
1230 2208
1232 1235
1232 2928
1233 1235
1234 1235
1236 1237
1236 2928
1237 1238
1237 2934
1238 3025
1238 2931
1239 3037
1239 1240
1239 2934
1240 3038
1241 3035
1242 1243
1243 2550
1244 1245
1245 1247
1245 1246
1248 1249
1249 1257
1249 1250
1250 1253
1250 1251
1252 1257
1252 1271
1252 1253
1253 1254
1255 1256
1255 1260
1256 1258
1256 1259
1257 1259
1259 1262
1262 1264
1262 1263
1266 3686
1266 1267
1269 1271
1269 1270
1271 1272
1273 1278
1273 1274
1275 1278
1276 1278
1276 1277
1279 3686
1279 1280
1281 1282
1283 1285
1284 3327
1284 1285
1285 3322
1287 1302
1287 1288
1288 1294
1288 1289
1290 3155
1290 1292
1290 1294
1291 1292
1291 3257
1293 1294
1295 1296
1295 3221
1297 2468
1297 2470
1299 1300
1301 1306
1302 1303
1302 3451
1303 1305
1303 1304
1304 1306
1304 1305
1305 1310
1306 1307
1308 1310
1309 1310
1311 1312
1312 1316
1312 2176
1313 1314
1315 1495
1316 1317
1316 1319
1318 1320
1319 1320
1320 1321
1323 1325
1324 1325
1327 1329
1327 2764
1328 1354
1329 1330
1330 1336
1330 1331
1331 1332
1332 1338
1332 1335
1333 1335
1334 1336
1335 1336
1336 1337
1338 1339
1340 1341
1342 1343
1343 1346
1343 1344
1344 1345
1346 1352
1347 1348
1349 1350
1349 1351
1351 1353
1351 1352
1354 3134
1354 1356
1355 3134
1357 3135
1358 3139
1358 3135
1359 1360
1361 1975
1361 1364
1361 1410
1362 1975
1362 1363
1362 1398
1363 1429
1363 1981
1364 1365
1364 1964
1365 1439
1365 1434
1366 1945
1366 1452
1366 1930
1367 2865
1367 1945
1367 1453
1368 1453
1369 3065
1370 2769
1370 3554
1371 3304
1372 3553
1372 2769
1372 2766
1373 2771
1373 2530
1373 2766
1374 2767
1374 2527
1374 2531
1375 3064
1375 3304
1375 3303
1376 2525
1376 2524
1376 3553
1377 2524
1377 2527
1378 1382
1379 1382
1380 1381
1381 1382
1381 1383
1383 3048
1384 1385
1384 1986
1384 2891
1385 1898
1385 1386
1386 1391
1386 1978
1387 1901
1387 1389
1387 1411
1388 1897
1388 1412
1388 1413
1389 1896
1389 1898
1390 1393
1391 1971
1391 3664
1392 1396
1392 1397
1392 1393
1393 1394
1394 1399
1394 1979
1395 1396
1396 1400
1397 1971
1397 3667
1399 1400
1399 1408
1400 1401
1402 1404
1403 1434
1403 1404
1403 1410
1404 1407
1405 1408
1406 1407
1407 1408
1409 1410
1411 1427
1411 2013
1412 1413
1412 1415
1413 1859
1414 1415
1415 1416
1416 1899
1416 1418
1417 1419
1419 1420
1419 1969
1420 1423
1420 1899
1421 1426
1421 1425
1421 1422
1422 1423
1422 1424
1423 2002
1424 2014
1424 1425
1425 1427
1427 1860
1428 1431
1428 1429
1428 1430
1429 2002
1430 1433
1430 3379
1431 1454
1431 1878
1432 1433
1433 1860
1434 1952
1435 1442
1436 1439
1436 1444
1436 3605
1437 1445
1438 1452
1438 3605
1438 1447
1439 1442
1440 1441
1441 1443
1441 1442
1444 1444
1445 1446
1445 3605
1446 1451
1446 1447
1447 1448
1449 1450
1449 1452
1450 1451
1451 3618
1453 1948
1454 1938
1454 1876
1456 1457
1457 3420
1458 1460
1458 3033
1459 1460
1460 1461
1464 1465
1464 1468
1466 1483
1466 3033
1466 1473
1468 1469
1469 1480
1469 1478
1470 1473
1470 1471
1471 1472
1473 1474
1474 1483
1474 1475
1476 1481
1477 1482
1479 1480
1481 1482
1483 1485
1484 1486
1485 1486
1487 3030
1487 1488
1489 1492
1489 2902
1490 1491
1490 1492
1491 1492
1491 1493
1494 1495
1495 2633
1498 1503
1498 2643
1499 2944
1499 2643
1500 1503
1501 1504
1502 1507
1502 1505
1502 2638
1503 1504
1504 1505
1505 1506
1508 3413
1509 1518
1509 1510
1510 1517
1510 3602
1511 1512
1512 1528
1512 1513
1514 1943
1514 1927
1514 1515
1516 1522
1517 1518
1517 1520
1518 3624
1519 1528
1519 3602
1519 3261
1520 1521
1520 3261
1521 1525
1522 1939
1523 1524
1523 1525
1524 1537
1524 1526
1525 1536
1526 1939
1527 1540
1528 1529
1529 1949
1529 1531
1530 3262
1530 1536
1530 3264
1531 1959
1531 1961
1532 1533
1533 1534
1533 1535
1535 1546
1535 1544
1536 1539
1537 1539
1537 1540
1538 1541
1541 1543
1541 1542
1542 1545
1543 1551
1544 1959
1544 1944
1545 1546
1546 1548
1548 1549
1548 1956
1550 1552
1550 2846
1550 2493
1551 1552
1553 1569
1553 1555
1553 1568
1554 1558
1554 2209
1554 1555
1555 1557
1556 1557
1556 3407
1556 1558
1557 1570
1559 3712
1559 3377
1559 2731
1560 1563
1560 3089
1560 3353
1560 2523
1561 1566
1561 1567
1561 2520
1562 1563
1563 1564
1565 1565
1565 3353
1568 3677
1568 3676
1571 1575
1572 1573
1572 1575
1572 1577
1573 1574
1575 3406
1578 1579
1579 3397
1579 2365
1580 1580
1580 1581
1581 1583
1581 1584
1582 1679
1582 2926
1583 2923
1583 2927
1586 1587
1588 1641
1588 1589
1589 1649
1589 2523
1590 2522
1590 2747
1591 1602
1592 1623
1592 1602
1592 2518
1593 1595
1593 1594
1593 1604
1595 1596
1595 1604
1597 1606
1598 1601
1599 1604
1600 1624
1600 1605
1600 1601
1601 1602
1603 1605
1603 1608
1603 1606
1604 1605
1606 3635
1607 1627
1608 1618
1608 1620
1609 1610
1610 1627
1610 1619
1611 1612
1612 1614
1612 1617
1613 1614
1613 1613
1614 1617
1615 1616
1616 1620
1616 1617
1620 3046
1621 1632
1622 2409
1622 2518
1624 1627
1624 1625
1625 1626
1625 2517
1626 1634
1626 1628
1628 1629
1628 1630
1629 2853
1629 2507
1630 3212
1630 3210
1631 3046
1631 1632
1631 1635
1632 1635
1633 1634
1633 1635
1633 3211
1634 3214
1636 3214
1636 3212
1636 3216
1637 2497
1638 1640
1639 1640
1640 1645
1640 1642
1642 1643
1643 1644
1646 1649
1647 1648
1647 2513
1648 1649
1648 1650
1651 1652
1652 1656
1652 1653
1653 1654
1654 1655
1654 1672
1655 3087
1655 2417
1657 1660
1658 1673
1659 1662
1660 1662
1660 1665
1661 1667
1662 1668
1663 1665
1663 1664
1663 1673
1665 1667
1666 1667
1669 1670
1669 3087
1669 2419
1670 2425
1670 1671
1671 1673
1671 2415
1672 1682
1672 3367
1674 1677
1674 1675
1676 1679
1678 1680
1678 2870
1678 1681
1679 1680
1680 2869
1682 1683
1682 1791
1683 1690
1683 1684
1685 1692
1686 1698
1687 1690
1688 1691
1689 1693
1690 1693
1691 1693
1691 1692
1691 1694
1692 1700
1694 1695
1694 1697
1696 1702
1698 1700
1698 1699
1699 1701
1699 2499
1700 1702
1701 2499
1701 2498
1702 1703
1704 1705
1705 1706
1705 1710
1709 1725
1710 1715
1711 1712
1711 1727
1711 1728
1712 1713
1712 1715
1715 2511
1716 2511
1716 1724
1717 1723
1719 1722
1719 1762
1719 1723
1720 1722
1721 1722
1723 1724
1724 1770
1729 1730
1730 1731
1730 1732
1731 1738
1731 1733
1733 1735
1733 1742
1734 1743
1734 1761
1734 1742
1736 1744
1737 1760
1737 1787
1737 1738
1738 1739
1739 1740
1740 1743
1741 1742
1741 1743
1741 1744
1745 1794
1745 1770
1746 1751
1746 1748
1746 2428
1747 3482
1747 2900
1747 1850
1748 3482
1748 3589
1749 1750
1749 3698
1749 1779
1750 1820
1750 1823
1751 1752
1751 1753
1752 2423
1752 1757
1753 1755
1753 1754
1754 3589
1754 3093
1755 1758
1755 1756
1758 1759
1758 3108
1759 1785
1759 1760
1763 1774
1763 2980
1763 1765
1764 1766
1765 1766
1765 1775
1766 1767
1767 1768
1767 1776
1769 1770
1769 1777
1769 1772
1769 1776
1771 1794
1773 1794
1774 1775
1774 3381
1775 1777
1776 1777
1778 3698
1778 1780
1778 1779
1779 1788
1780 1782
1781 1782
1781 1781
1782 3368
1783 3371
1783 1785
1784 1785
1784 1790
1784 1786
1786 1787
1786 1793
1787 1793
1788 2426
1789 1790
1790 3241
1791 1792
1791 3241
1792 1793
1792 3241
1795 1810
1795 3100
1796 1809
1796 1797
1797 1803
1797 1799
1797 1810
1798 1800
1798 3587
1798 2386
1800 1802
1800 1801
1801 1805
1801 2444
1802 1808
1802 1803
1803 1809
1804 3587
1804 1807
1804 2440
1805 1806
1805 2444
1806 1807
1806 2447
1807 1830
1808 1809
1808 2442
1809 2385
1811 1818
1812 1813
1813 1818
1813 1815
1814 1816
1815 1821
1815 1820
1816 1817
1816 3091
1817 3481
1817 3092
1818 1819
1820 3091
1822 1824
1823 3108
1823 1824
1824 3370
1825 1827
1826 1828
1827 1828
1827 1830
1828 2439
1829 2108
1829 1830
1829 1836
1829 2436
1831 1833
1831 1832
1831 2758
1833 1834
1833 2759
1834 1836
1834 2759
1835 1837
1835 1836
1835 2103
1838 1842
1839 1841
1840 1841
1841 1842
1842 1844
1843 2382
1843 1846
1843 2434
1844 2103
1844 2430
1845 2430
1845 1846
1845 3703
1846 1848
1847 2900
1848 2106
1848 1849
1849 2901
1849 3702
1850 2514
1850 3389
1852 3174
1853 2191
1853 2756
1853 3653
1854 2756
1854 1855
1854 2908
1856 2723
1856 2722
1856 2725
1857 1928
1857 2078
1857 2493
1858 2590
1860 1878
1861 3224
1861 1864
1862 3226
1862 1886
1862 1863
1863 3225
1864 3225
1864 3224
1865 2006
1865 1894
1865 2975
1866 3606
1866 1892
1867 2945
1867 2966
1867 1995
1868 3487
1868 2984
1868 2981
1868 2986
1869 1883
1869 1871
1869 1890
1870 2000
1870 1990
1870 2986
1871 1879
1871 1936
1872 1884
1872 3512
1872 1882
1873 1900
1873 2010
1873 1887
1874 3584
1874 1885
1874 2001
1875 3606
1875 1972
1875 1888
1876 1878
1876 1880
1877 1891
1877 3626
1877 3679
1879 1882
1879 1881
1880 1890
1881 2788
1881 1922
1882 3513
1883 1976
1884 3510
1884 3511
1885 2832
1885 1996
1886 3226
1887 2013
1887 3385
1889 1988
1889 3485
1889 2019
1891 2981
1891 3373
1893 1901
1894 3666
1894 2007
1895 1900
1897 1902
1897 1901
1898 2886
1899 1969
1900 3666
1904 3696
1905 3326
1905 3438
1906 2454
1906 2456
1907 2163
1908 2635
1909 2635
1909 2633
1909 2634
1910 2542
1910 2544
1910 1911
1911 3568
1911 3651
1912 1920
1912 1923
1912 1917
1913 1942
1914 1917
1915 1936
1915 1926
1915 1920
1916 1939
1916 1931
1918 1941
1919 1935
1920 1929
1921 1940
1921 1931
1921 1934
1922 2025
1922 1925
1924 1938
1925 2057
1925 2089
1927 1943
1928 2087
1930 1937
1930 1955
1932 1941
1933 1966
1933 1942
1933 2862
1935 1936
1937 1980
1937 1982
1938 1972
1941 1942
1942 1957
1945 1947
1946 1958
1946 1966
1946 3413
1948 1963
1948 1968
1950 1959
1951 1967
1953 1954
1953 1968
1953 1960
1956 1967
1956 3325
1962 1967
1965 1968
1969 1973
1970 1980
1971 1984
1972 1983
1974 1976
1975 1981
1977 1981
1982 3606
1985 1986
1986 2890
1987 2016
1987 2945
1987 2000
1988 1993
1988 2012
1989 2015
1989 2010
1989 1999
1990 2020
1990 1992
1991 2011
1992 2021
1992 2953
1992 2017
1993 2017
1993 2975
1994 1997
1994 2889
1994 3383
1995 2832
1995 2003
1996 3604
1996 2001
1997 2893
1997 2887
1998 2002
2000 2018
2001 2800
2004 2013
2005 2014
2006 2011
2006 2007
2007 2008
2009 2017
2010 3668
2011 3485
2014 3379
2022 3383
2022 3385
2022 3671
2023 2055
2023 2789
2024 2067
2024 2033
2024 2069
2025 2072
2025 2070
2026 2040
2026 2067
2026 2073
2027 2092
2028 2079
2029 2048
2030 2045
2031 2797
2031 2082
2031 2092
2032 2073
2034 2094
2034 2066
2034 2095
2035 2068
2036 2059
2037 2052
2037 2048
2037 2039
2038 2086
2040 2740
2040 2073
2041 2851
2041 2047
2042 2056
2042 2787
2042 2044
2043 2079
2043 2791
2043 2790
2044 2083
2045 2096
2045 2084
2046 2080
2047 2787
2048 2826
2049 2059
2050 2092
2050 2081
2050 2091
2051 2052
2052 2064
2053 2077
2054 2089
2054 2060
2054 2070
2058 2068
2058 2851
2058 2088
2059 2824
2060 2067
2060 2075
2061 2093
2062 3550
2062 2084
2062 2077
2063 2097
2064 2065
2064 2827
2068 2093
2070 2896
2071 2082
2074 2074
2074 2087
2076 2080
2076 2810
2076 2093
2080 2802
2081 2796
2081 2789
2083 2088
2085 2797
2087 2089
2090 2814
2090 2822
2090 2812
2094 2826
2094 2824
2098 2812
2098 2810
2098 2809
2100 2105
2100 2110
2100 2108
2101 2108
2101 3483
2101 2402
2101 2111
2102 2113
2103 2109
2104 2113
2105 2114
2105 2429
2105 2111
2106 2107
2106 2110
2107 2113
2107 2407
2110 2112
2111 3707
2113 2405
2115 3196
2115 2120
2115 2116
2116 3190
2116 2121
2117 3199
2119 2125
2119 2126
2121 2123
2122 3238
2122 2124
2123 2126
2123 2124
2124 3627
2125 2126
2126 2127
2127 3236
2127 3237
2128 2129
2130 2131
2131 2132
2133 2134
2133 3200
2134 3472
2135 2142
2135 2557
2135 2561
2136 2555
2136 2142
2136 3301
2137 2138
2138 2149
2139 2168
2140 3302
2140 3191
2141 2492
2142 3191
2143 2148
2143 3061
2144 3508
2144 3506
2146 2147
2146 2159
2147 2158
2147 2162
2148 2153
2148 3061
2148 2156
2149 2151
2150 2152
2151 2163
2151 2494
2153 2154
2154 3508
2155 2157
2156 3506
2156 2160
2159 2914
2161 3477
2162 2166
2164 3061
2165 3479
2166 3196
2167 2168
2169 2170
2170 2172
2171 2172
2172 2174
2173 2174
2174 2589
2175 2176
2175 2466
2176 3233
2178 3245
2179 2180
2182 2184
2183 2185
2184 2189
2184 2752
2185 2752
2185 2190
2186 2188
2186 2337
2187 3239
2190 2906
2191 3469
2192 3559
2192 3709
2193 2194
2195 3361
2197 2480
2198 2201
2199 2202
2200 2202
2200 2201
2201 2207
2202 2204
2203 2204
2203 2208
2204 2207
2205 2208
2207 3434
2208 2211
2209 2212
2209 2210
2210 3431
2213 2379
2214 3141
2214 3144
2215 2216
2218 2222
2219 2220
2220 2225
2220 2223
2221 2601
2221 2222
2222 2224
2223 2603
2223 2598
2226 2626
2226 2629
2227 2629
2227 3399
2228 3621
2229 3572
2229 3399
2229 2632
2230 2231
2232 3260
2232 3401
2233 3260
2234 2236
2238 3400
2239 2241
2240 2242
2241 2242
2242 2243
2243 2940
2243 2245
2244 2246
2245 2248
2245 2247
2246 2250
2246 2248
2248 2257
2249 2260
2251 2262
2252 2257
2253 2254
2254 2255
2255 2258
2256 2257
2257 3020
2258 2259
2258 2261
2259 2263
2260 2262
2263 3020
2264 2278
2264 3594
2265 2266
2265 2274
2265 2268
2266 2285
2267 2268
2267 2292
2267 2287
2268 2270
2269 2315
2270 2301
2271 2272
2272 2273
2273 2277
2274 2280
2275 2280
2276 3251
2276 2278
2276 3643
2277 2282
2277 2279
2278 2284
2279 2288
2279 3594
2280 2282
2282 2285
2283 2287
2284 2288
2284 3355
2285 2286
2287 2289
2288 2291
2290 2291
2292 2294
2293 2296
2295 2296
2295 2295
2297 2299
2297 3710
2298 2304
2298 2302
2300 2303
2302 2303
2302 2307
2303 2305
2306 2307
2307 2310
2308 2309
2309 2312
2309 2314
2310 2312
2310 2311
2312 2326
2315 2316
2316 2317
2319 2322
2319 2321
2320 2322
2320 2321
2320 2324
2321 2323
2322 3709
2323 2324
2323 2325
2327 2332
2327 2328
2328 2329
2329 2331
2329 2332
2330 2331
2331 3522
2332 3519
2333 2339
2333 3519
2333 2336
2335 2350
2335 3637
2337 3637
2337 3640
2338 2340
2339 2361
2339 2340
2340 2907
2341 2355
2341 2347
2342 2659
2342 2345
2342 2346
2343 2348
2344 2345
2345 2346
2346 2347
2347 2349
2348 2349
2348 2660
2349 2352
2350 2351
2350 2353
2355 2359
2355 2357
2356 2361
2357 2363
2357 2364
2358 2360
2360 2361
2360 2362
2366 2368
2369 2371
2370 2371
2375 2377
2377 3603
2378 2379
2378 3437
2379 3434
2380 2384
2380 2759
2380 2381
2382 3700
2382 3480
2383 2384
2383 3700
2383 2441
2384 2385
2385 2978
2386 2387
2386 2388
2389 2391
2390 2391
2391 2392
2392 2395
2392 2394
2393 2398
2396 2399
2398 2399
2399 3393
2401 2402
2402 3707
2403 2407
2403 3705
2403 2757
2404 2405
2405 2406
2407 2429
2409 2413
2410 3628
2410 2411
2414 2415
2415 2416
2418 3105
2420 2423
2421 2422
2422 2423
2422 2424
2427 2428
2428 3107
2429 3705
2430 2431
2431 2432
2431 2433
2435 2436
2435 2438
2435 2437
2436 3095
2437 2440
2437 3234
2440 3099
2441 2443
2441 2446
2444 2445
2448 2507
2448 2521
2449 2453
2450 3009
2450 2452
2450 2460
2451 2458
2452 2457
2452 2461
2453 2455
2453 2454
2455 2456
2456 2458
2457 2461
2457 2463
2458 2459
2460 2462
2461 2462
2462 3011
2463 3348
2464 3010
2465 2466
2467 2468
2470 2471
2471 2472
2471 2473
2472 2474
2475 2476
2479 2481
2479 3023
2480 2481
2480 2484
2482 2483
2483 2941
2485 3555
2486 2487
2488 2841
2488 2489
2491 3458
2492 3309
2492 3308
2496 2500
2497 3364
2500 2873
2500 3363
2502 2503
2503 2504
2505 2506
2505 3546
2508 2980
2508 2509
2508 3380
2509 2510
2509 3103
2510 2511
2510 3459
2515 2516
2515 3391
2518 3579
2519 2520
2519 3352
2520 2523
2524 2528
2525 2530
2525 2529
2526 3306
2527 2528
2528 2531
2529 2765
2529 2530
2531 2768
2531 3553
2532 3250
2532 3249
2532 3312
2533 3310
2533 3312
2534 2535
2536 3693
2537 2540
2537 3569
2538 2540
2538 3455
2539 3696
2539 3691
2539 3126
2540 3568
2541 2542
2542 2543
2544 3456
2544 3457
2546 2548
2547 2549
2547 3675
2549 3025
2549 2552
2553 2555
2553 3247
2553 2554
2556 2557
2557 2558
2558 2559
2558 2561
2559 2560
2561 3191
2562 3576
2563 3354
2563 3576
2564 2566
2564 2565
2565 2567
2569 2570
2569 2576
2570 2571
2570 2574
2571 2572
2571 2575
2572 2577
2573 2574
2574 2578
2574 2575
2575 2578
2578 2579
2581 2583
2582 2584
2582 2583
2583 2585
2584 2585
2585 2586
2587 2880
2588 2880
2592 3631
2592 3004
2593 3054
2595 2596
2598 2600
2601 2602
2604 2605
2607 2608
2609 2611
2610 2613
2611 2612
2612 2613
2613 2614
2614 2615
2614 2617
2616 2617
2617 2618
2620 2622
2621 2623
2621 2624
2624 2625
2627 2629
2630 2631
2630 3572
2633 2636
2635 2637
2639 2641
2641 2643
2641 2642
2644 2647
2644 2930
2644 2646
2645 2649
2646 2649
2647 2648
2648 2650
2648 3298
2649 3298
2650 2651
2650 2653
2652 3297
2655 3297
2656 3597
2656 3299
2657 2658
2660 2661
2660 3430
2662 2664
2662 2663
2662 3165
2663 2663
2664 2667
2664 2666
2665 2666
2666 2668
2667 2669
2667 3163
2668 3163
2668 3465
2669 2671
2669 3163
2670 3465
2671 2673
2671 2672
2673 2674
2676 2836
2676 2783
2676 2693
2677 2795
2677 2679
2677 2681
2678 2679
2678 2680
2678 3471
2679 2681
2680 3471
2680 2682
2681 2683
2682 2683
2682 2686
2683 2684
2684 2685
2684 2706
2685 2687
2685 2686
2686 2689
2687 2690
2687 2706
2688 2705
2689 2705
2689 2691
2690 2691
2690 2692
2691 2692
2692 2707
2693 2836
2694 2696
2695 2696
2696 2697
2697 2700
2697 2698
2699 2700
2700 2701
2701 2702
2701 2704
2703 2704
2704 2705
2705 3533
2706 2707
2709 2710
2710 2711
2712 2713
2713 2715
2714 2717
2716 2718
2717 2719
2720 2721
2722 3200
2723 2724
2724 2726
2725 2726
2727 2728
2727 2933
2727 3654
2728 3022
2728 2729
2729 3022
2729 2843
2730 2731
2731 3085
2736 3573
2738 3657
2738 3658
2739 2920
2741 3062
2741 3074
2741 3073
2742 2743
2742 3599
2744 2745
2745 2746
2747 2748
2747 3353
2749 2755
2749 3360
2750 2751
2752 2753
2755 3396
2760 3099
2760 3394
2760 3395
2761 3072
2761 2763
2762 2763
2766 2770
2767 2768
2768 2769
2769 2770
2770 2771
2771 3554
2772 3555
2772 3470
2774 3574
2777 3552
2777 2778
2779 2780
2780 2781
2780 2782
2781 2782
2783 3128
2783 2883
2784 2786
2784 2795
2784 3130
2785 3598
2786 2795
2787 2792
2788 2829
2788 2828
2797 2798
2799 2801
2799 2805
2799 2800
2800 2806
2802 2804
2802 2803
2806 2807
2806 2808
2810 2816
2811 2812
2813 2814
2814 2815
2816 2817
2816 2819
2817 2818
2817 2820
2820 2821
2820 3581
2822 2823
2822 2974
2825 2826
2829 3584
2829 2830
2831 3584
2832 3109
2833 3223
2834 3533
2835 2839
2837 2838
2838 3598
2843 3254
2844 3651
2846 2848
2847 2848
2848 2849
2850 2851
2853 2854
2853 2855
2855 2856
2855 2857
2858 3310
2859 2860
2860 2861
2862 2865
2862 2863
2863 2864
2864 3224
2864 2865
2866 2867
2868 3127
2868 3652
2870 2872
2870 2871
2871 2873
2871 3364
2872 3363
2872 3365
2873 3364
2876 3247
2878 3054
2879 3539
2879 3538
2881 2882
2881 3255
2887 3585
2887 2888
2892 2893
2893 2894
2897 2898
2898 2988
2899 2988
2900 2901
2900 3276
2901 3276
2902 3269
2902 2903
2903 3270
2903 2904
2905 3270
2909 2911
2909 3192
2910 2911
2911 2912
2912 2913
2912 2914
2915 2916
2916 2917
2916 3710
2918 3440
2918 3528
2919 3445
2919 3440
2923 2925
2923 2927
2924 2926
2924 2925
2930 3436
2931 2934
2931 2932
2932 2933
2932 3025
2933 3654
2936 2937
2937 3428
2938 2939
2941 3577
2942 3181
2942 2943
2945 3375
2946 3375
2947 2965
2948 2964
2949 2950
2949 2968
2949 2959
2951 2952
2952 2975
2952 2973
2954 2965
2955 2966
2956 2967
2957 2958
2957 2967
2957 2964
2959 2960
2959 2967
2961 2963
2962 2963
2963 2968
2964 2965
2965 2966
2968 2973
2969 2970
2970 2973
2970 2971
2971 2972
2971 3680
2974 2976
2974 2975
2979 2980
2981 2982
2982 2984
2982 2983
2984 2985
2986 3362
2987 2988
2990 2990
2991 3155
2992 3113
2992 2994
2993 2994
2993 3116
2993 2996
2994 2996
2995 3116
2995 2998
2995 2997
2996 3000
2997 3317
2998 2999
2998 3113
2999 3319
3001 3439
3002 3003
3004 3316
3005 3006
3010 3011
3012 3013
3015 3016
3015 3122
3016 3172
3019 3417
3019 3414
3019 3418
3020 3417
3020 3415
3022 3023
3023 3024
3024 3248
3024 3654
3026 3028
3027 3454
3028 3454
3028 3029
3029 3030
3029 3523
3031 3039
3032 3033
3034 3035
3036 3037
3037 3423
3040 3042
3040 3041
3041 3043
3042 3045
3042 3043
3044 3045
3046 3047
3048 3050
3048 3049
3050 3051
3052 3053
3054 3538
3055 3057
3055 3056
3058 3059
3059 3060
3063 3357
3064 3305
3064 3557
3065 3067
3065 3066
3067 3616
3067 3068
3069 3077
3069 3070
3070 3071
3070 3072
3073 3074
3075 3076
3076 3077
3076 3078
3077 3078
3079 3235
3079 3176
3080 3081
3082 3083
3083 3084
3083 3085
3085 3089
3086 3087
3088 3089
3091 3092
3092 3094
3093 3481
3093 3094
3094 3108
3096 3098
3097 3098
3098 3099
3100 3101
3102 3103
3103 3459
3104 3105
3105 3107
3106 3107
3110 3585
3111 3115
3111 3328
3112 3329
3112 3327
3113 3116
3114 3328
3114 3143
3115 3327
3117 3118
3117 3172
3117 3171
3118 3123
3119 3121
3119 3120
3120 3564
3123 3171
3124 3125
3126 3571
3127 3128
3129 3130
3131 3132
3133 3137
3133 3136
3134 3135
3135 3137
3136 3139
3137 3139
3137 3338
3138 3338
3140 3246
3141 3144
3143 3156
3146 3147
3147 3148
3147 3149
3148 3150
3149 3150
3149 3154
3149 3151
3150 3152
3151 3152
3152 3294
3153 3294
3153 3296
3156 3158
3156 3157
3157 3158
3158 3329
3159 3160
3161 3461
3161 3162
3166 3167
3168 3170
3168 3169
3169 3170
3171 3172
3173 3174
3175 3176
3177 3178
3179 3180
3181 3183
3181 3182
3183 3184
3185 3186
3186 3308
3187 3188
3187 3189
3187 3194
3189 3190
3192 3193
3194 3197
3195 3197
3195 3196
3198 3199
3200 3561
3201 3203
3201 3202
3202 3203
3203 3208
3204 3205
3204 3209
3207 3209
3212 3213
3214 3215
3217 3220
3218 3219
3221 3232
3227 3228
3228 3229
3239 3240
3244 3245
3252 3643
3254 3649
3255 3256
3259 3260
3261 3268
3263 3264
3264 3266
3265 3266
3266 3268
3267 3268
3270 3273
3271 3273
3272 3273
3274 3275
3276 3389
3277 3278
3278 3279
3279 3287
3280 3547
3281 3287
3281 3289
3281 3282
3282 3284
3282 3283
3285 3289
3285 3286
3287 3288
3289 3290
3291 3292
3292 3293
3293 3294
3294 3623
3295 3296
3297 3298
3299 3300
3301 3302
3303 3304
3305 3306
3306 3307
3308 3309
3311 3312
3313 3313
3314 3315
3315 3468
3317 3319
3318 3324
3318 3319
3320 3642
3320 3321
3321 3323
3321 3322
3323 3324
3327 3328
3328 3329
3331 3442
3332 3333
3335 3337
3336 3337
3337 3338
3339 3340
3340 3342
3341 3342
3342 3449
3343 3344
3345 3345
3346 3347
3349 3350
3349 3351
3354 3583
3357 3358
3360 3361
3363 3365
3365 3367
3366 3367
3372 3373
3373 3376
3374 3375
3378 3379
3382 3383
3384 3385
3384 3669
3384 3670
3386 3387
3387 3388
3387 3389
3390 3702
3391 3578
3392 3393
3398 3398
3401 3572
3403 3404
3404 3405
3406 3407
3408 3409
3410 3411
3416 3417
3419 3420
3421 3422
3424 3425
3426 3427
3432 3433
3433 3434
3433 3663
3435 3436
3438 3439
3440 3441
3443 3444
3444 3445
3444 3446
3445 3525
3447 3448
3452 3535
3453 3454
3459 3460
3461 3462
3462 3462
3463 3464
3464 3465
3464 3466
3467 3468
3472 3473
3473 3475
3474 3475
3476 3478
3476 3477
3477 3479
3478 3479
3481 3482
3484 3655
3485 3501
3486 3487
3487 3488
3488 3491
3488 3489
3490 3491
3491 3493
3492 3493
3493 3495
3494 3495
3495 3496
3496 3499
3496 3497
3498 3499
3499 3503
3500 3501
3501 3503
3502 3503
3505 3506
3507 3508
3509 3510
3510 3626
3517 3662
3518 3519
3520 3522
3521 3522
3524 3525
3526 3527
3529 3530
3532 3533
3534 3535
3537 3538
3540 3541
3541 3545
3542 3543
3543 3545
3544 3545
3554 3555
3556 3557
3557 3558
3568 3570
3585 3674
3586 3587
3588 3590
3589 3590
3590 3591
3592 3593
3596 3627
3599 3600
3601 3602
3607 3609
3608 3609
3609 3610
3611 3612
3613 3614
3615 3616
3619 3620
3625 3626
3629 3630
3633 3635
3634 3635
3636 3637
3638 3640
3639 3640
3641 3642
3643 3644
3645 3646
3646 3649
3646 3647
3647 3648
3648 3649
3657 3658
3659 3660
3665 3666
3672 3674
3673 3674
3681 3683
3682 3683
3683 3684
3685 3686
3687 3689
3688 3689
3689 3690
3691 3693
3691 3692
3692 3695
3692 3696
3693 3695
3694 3695
3697 3698
3699 3700
3701 3702
3704 3705
3706 3707
3708 3709
3710 3711
3713 3714
3714 3715
