0 57
0 62
1 160
1 57
1 450
2 3
2 56
2 162
3 4
3 476
4 389
4 6
5 393
5 387
5 408
6 388
6 392
7 150
7 900
7 969
8 408
8 386
8 727
9 727
9 1056
9 10
10 11
10 407
11 12
11 407
12 400
12 13
13 747
13 371
14 876
14 16
14 378
14 808
15 955
15 789
15 954
16 809
16 17
17 375
17 357
18 122
18 357
18 896
19 896
19 178
20 895
20 898
21 926
21 22
22 749
22 1048
22 1045
23 24
23 26
23 749
24 703
24 77
25 26
25 27
25 78
26 1045
27 28
27 351
28 351
28 29
29 812
29 806
30 101
30 806
30 803
31 968
31 233
31 90
32 90
32 33
32 995
33 328
33 329
34 246
34 329
34 1010
35 46
35 775
35 45
36 868
36 239
37 258
37 257
38 259
38 262
38 269
39 263
39 260
39 259
40 866
40 763
40 864
41 864
41 863
41 263
41 862
42 868
42 763
42 238
42 266
43 50
43 44
43 751
44 45
44 54
45 46
46 47
47 396
47 397
48 55
48 49
48 397
49 163
49 160
50 51
50 54
51 164
51 621
52 53
52 79
52 164
53 165
53 79
54 166
55 161
55 402
56 62
56 162
57 447
58 800
58 449
58 796
59 1008
59 1006
59 1007
60 61
60 1036
61 1003
62 824
63 176
63 175
63 653
64 173
64 172
64 176
65 66
65 173
65 657
66 174
67 841
67 840
67 176
68 167
68 623
68 75
68 170
69 168
69 134
69 167
70 71
70 99
70 168
71 169
71 99
72 73
72 74
72 169
73 170
73 623
74 850
74 169
75 924
76 891
76 171
76 730
77 78
77 704
78 805
79 756
80 81
80 87
80 804
81 82
81 83
82 805
82 84
83 84
83 802
84 728
85 995
85 90
85 728
86 87
86 804
86 704
87 721
88 722
88 802
88 721
89 715
89 720
89 717
91 92
91 529
91 813
91 546
92 93
92 95
93 544
93 95
94 708
94 709
94 575
95 708
96 97
96 100
96 553
97 731
97 100
98 575
98 574
98 576
99 100
101 699
101 360
102 192
102 103
102 815
103 192
103 183
104 785
104 182
104 231
105 311
105 944
106 831
106 223
106 181
107 108
107 308
107 181
107 306
108 109
108 212
108 306
109 938
109 110
110 209
110 302
110 853
111 201
111 180
111 112
112 113
112 935
112 235
113 358
113 202
114 115
114 358
114 204
114 699
115 116
115 965
115 757
116 699
116 227
117 758
117 118
117 757
118 811
118 361
119 807
119 909
119 369
120 121
120 807
120 910
121 736
121 381
122 123
122 738
123 361
123 363
124 472
124 872
124 471
124 467
125 157
125 472
125 874
125 127
126 127
126 927
126 471
127 472
127 157
128 129
128 932
128 431
129 481
129 409
130 829
130 1057
130 826
131 828
131 827
131 410
132 825
132 828
132 941
133 382
133 941
133 384
134 135
134 168
135 596
135 589
136 319
136 137
137 305
137 880
138 144
139 479
140 697
140 674
140 673
141 143
141 671
142 979
143 670
143 682
144 527
145 674
145 1053
145 667
146 493
146 187
147 189
147 726
147 188
148 909
148 502
148 369
149 467
149 970
150 433
150 1047
151 153
151 470
151 320
152 321
152 153
153 470
154 320
154 156
154 155
156 320
156 966
157 874
157 967
158 904
158 321
159 774
159 523
160 161
161 162
163 751
163 434
164 621
165 923
165 166
166 923
167 170
171 924
171 841
172 890
172 891
173 657
174 175
175 653
177 243
177 250
177 239
178 894
178 353
179 853
179 194
179 197
180 195
180 254
181 215
182 908
182 230
183 315
183 785
184 188
184 186
184 187
185 186
185 190
185 319
186 187
188 189
189 190
190 319
191 499
191 498
191 192
193 815
193 364
193 758
194 195
194 255
195 196
195 255
196 200
196 199
197 855
197 198
198 216
198 199
199 854
202 203
203 222
204 204
205 785
205 206
205 231
206 842
206 228
207 209
207 210
207 213
207 208
208 939
208 212
209 855
210 211
210 985
212 213
213 215
214 219
214 215
214 984
216 217
216 855
217 985
217 218
218 920
218 984
219 223
219 221
220 228
220 221
220 222
221 224
222 988
223 921
224 230
224 921
225 814
226 814
227 812
227 811
228 229
229 230
229 745
231 745
232 811
233 234
233 968
234 1013
234 236
235 1012
235 236
236 936
237 243
238 239
238 297
238 249
240 286
240 242
240 287
241 860
241 857
241 244
241 858
241 861
242 244
242 250
243 296
244 245
245 246
245 869
246 250
247 1013
248 251
248 301
248 302
249 253
249 1029
252 253
252 1010
252 1012
253 254
254 255
256 257
256 261
256 267
257 258
258 262
259 260
260 261
261 267
262 269
263 265
264 266
264 866
264 867
266 294
267 268
268 278
268 281
269 270
270 271
270 291
271 289
271 292
272 274
273 296
273 276
273 275
273 274
274 761
275 760
275 764
276 296
276 762
277 870
277 871
277 328
278 323
278 281
279 282
280 283
281 284
282 283
282 284
283 1018
284 858
285 857
285 870
285 869
286 860
286 859
287 856
288 764
288 856
288 762
289 292
290 948
291 948
291 947
292 293
292 294
294 298
295 297
297 1028
299 300
299 1028
299 1030
300 879
300 878
300 301
301 1030
302 303
303 306
303 781
304 879
304 881
307 911
307 309
307 308
308 310
309 882
309 893
310 831
310 887
311 831
311 887
312 944
312 313
312 908
314 886
314 887
314 315
315 318
316 1049
316 317
316 893
318 820
318 892
322 770
322 772
322 336
322 771
323 1055
323 773
324 1055
324 325
324 327
325 1055
325 821
326 327
327 871
328 329
330 331
330 994
330 334
331 332
331 333
334 802
334 728
335 338
335 336
335 339
335 777
336 337
337 338
337 771
338 339
338 347
339 775
339 347
340 743
340 748
340 775
341 744
341 343
341 344
341 743
342 776
342 744
342 750
343 750
343 770
344 746
344 748
345 746
345 594
345 346
346 348
346 746
347 703
348 349
349 350
350 906
350 766
350 566
351 356
351 782
352 355
352 356
352 362
353 363
353 355
354 355
354 356
354 778
357 372
357 365
358 359
359 936
359 360
360 699
361 362
362 363
362 812
364 700
364 366
364 738
365 368
365 738
366 738
366 367
367 370
367 736
369 370
370 700
371 876
371 747
372 532
372 937
373 379
373 374
373 377
374 737
374 375
375 376
376 808
376 377
377 383
378 384
378 808
380 737
381 737
381 496
382 910
382 496
383 832
383 737
384 399
385 398
385 942
385 943
386 387
386 408
387 388
388 389
389 403
390 418
390 888
390 1058
391 422
391 889
391 888
392 393
392 982
393 789
394 395
395 836
395 765
396 961
396 765
397 401
398 725
398 399
399 400
400 406
401 402
401 961
402 404
403 405
403 404
404 405
405 407
408 943
409 933
409 427
410 411
411 414
412 786
413 417
415 416
415 417
415 826
417 418
418 419
420 428
420 421
420 426
422 954
422 431
423 909
423 425
423 956
424 427
425 827
425 828
427 428
428 429
429 430
429 712
431 1015
432 1047
432 1015
433 969
433 1047
434 751
434 445
435 442
436 440
437 440
438 441
439 441
440 444
441 444
442 443
442 1007
443 452
443 453
444 452
445 446
445 971
447 448
447 450
448 795
448 794
449 796
449 795
450 801
451 452
454 734
454 455
454 819
455 516
455 457
456 463
456 458
456 516
457 830
457 464
458 517
458 459
459 1040
459 460
460 846
460 848
461 848
461 849
461 468
461 847
462 465
464 740
464 488
465 741
465 468
466 930
466 928
466 1017
467 471
467 473
468 787
469 470
469 787
469 847
473 872
474 478
475 477
475 479
475 476
476 477
477 478
478 962
479 962
480 1017
481 483
481 487
482 483
482 484
482 830
483 485
484 485
484 486
485 487
487 489
488 489
488 742
489 1017
490 492
491 970
491 492
491 969
494 519
494 521
494 1059
495 832
495 496
495 497
499 700
499 835
500 509
500 1031
500 505
501 502
502 726
503 508
503 726
503 504
504 505
504 901
505 507
506 508
507 512
507 1026
508 511
510 1024
510 514
510 1032
511 1026
511 1025
513 514
513 1025
513 1060
514 517
515 1027
515 1054
515 516
517 518
518 1039
518 1038
520 522
520 1042
521 1041
521 522
523 904
523 525
523 899
524 525
525 526
526 905
526 851
527 724
528 701
528 716
528 548
528 540
529 701
529 546
529 813
530 531
530 547
530 559
530 552
531 972
531 557
532 535
532 534
533 537
533 534
533 535
534 561
535 950
536 945
536 537
536 946
537 565
538 705
538 906
538 542
539 556
539 541
539 705
539 793
540 701
540 813
541 792
541 723
541 793
542 793
542 783
543 951
543 544
543 545
544 545
545 552
546 547
546 548
547 549
548 550
548 701
549 551
549 550
550 551
551 810
552 972
553 707
553 951
554 561
554 707
554 564
555 810
555 556
555 558
556 557
557 558
558 559
559 810
560 561
562 563
562 625
562 850
563 565
563 564
564 565
567 568
568 569
568 571
569 739
569 570
570 571
570 574
571 729
571 573
572 574
572 702
572 575
573 574
573 839
573 576
576 577
577 731
577 732
578 1019
579 580
579 582
579 581
582 584
582 1019
583 834
583 977
583 587
584 1022
584 1043
585 587
586 1020
586 1021
586 1044
587 1020
588 591
589 590
590 591
591 1023
592 593
592 594
593 595
595 822
596 822
597 730
598 602
598 599
598 1014
600 605
601 604
601 626
601 913
603 619
604 620
604 627
605 607
605 912
606 631
606 619
606 608
607 633
607 608
608 620
608 917
609 612
609 611
609 799
610 614
610 647
610 613
611 799
611 616
612 917
612 613
613 917
614 615
614 918
615 616
615 918
616 622
617 639
617 638
617 641
618 629
618 677
618 639
619 620
621 622
622 918
623 624
625 850
625 946
628 630
628 629
628 919
629 634
631 916
631 632
633 916
634 635
634 637
636 643
638 639
638 643
640 643
640 641
640 799
641 643
642 646
642 799
642 645
642 644
648 914
648 769
648 768
649 998
649 915
649 914
650 654
651 690
651 689
651 652
652 653
652 659
652 654
653 661
653 656
654 694
655 940
657 940
658 659
659 660
662 682
662 940
663 664
663 919
663 675
664 676
664 845
665 666
665 675
665 668
666 666
667 890
667 674
668 669
668 676
671 672
671 697
675 676
677 845
677 964
678 679
678 681
678 964
680 844
680 1053
680 681
681 843
682 996
683 685
683 684
685 686
686 981
686 688
687 688
687 690
689 690
689 980
691 989
691 693
691 692
692 840
692 695
693 696
693 694
694 695
695 925
698 996
703 704
705 793
706 707
708 709
709 723
710 714
710 788
710 711
710 712
711 712
711 790
712 788
713 1057
713 790
713 786
714 786
714 1058
715 719
715 802
716 720
716 718
717 718
717 719
718 720
719 722
721 722
723 791
724 874
725 798
725 1056
727 798
729 739
730 924
731 732
732 838
733 819
733 1060
733 816
734 818
734 819
735 817
735 818
735 933
736 737
740 742
740 741
741 742
743 748
743 744
744 750
747 836
749 1045
752 754
752 950
752 753
753 754
753 755
754 755
755 756
756 945
757 758
759 910
759 909
759 807
760 764
760 762
761 862
761 865
763 865
765 961
766 767
766 906
770 772
771 773
772 773
774 1033
775 776
776 777
778 897
779 781
779 780
780 881
780 885
781 878
782 1048
783 791
783 792
784 976
788 1058
789 983
790 1057
791 792
792 793
794 795
794 797
796 1005
798 1056
800 971
800 801
801 971
803 806
803 986
804 805
814 815
816 817
816 934
817 934
818 933
821 949
821 823
825 942
825 828
826 829
827 829
832 833
836 1046
837 839
837 1021
837 838
838 839
840 841
846 848
846 849
847 849
851 905
851 852
857 861
858 859
858 861
859 860
862 863
863 865
863 864
866 867
867 947
870 871
872 873
873 874
875 957
875 956
875 909
876 990
877 990
878 879
880 883
880 884
881 884
882 885
882 883
883 884
884 885
888 889
889 955
890 891
892 1050
893 1051
894 895
897 898
897 926
898 937
900 982
900 983
901 903
901 902
907 908
912 1014
912 913
913 1014
914 915
915 999
922 1060
923 950
927 928
929 931
929 930
931 932
934 960
942 943
945 946
947 948
949 995
951 952
952 953
952 972
954 955
957 958
958 959
959 960
963 988
964 1053
966 967
968 986
973 974
974 976
974 977
975 976
977 1019
978 981
978 979
979 980
980 981
982 983
984 985
986 987
988 1037
990 991
991 993
991 992
997 998
997 1009
999 1000
1000 1002
1001 1002
1001 1035
1004 1006
1004 1005
1006 1007
1008 1009
1010 1011
1011 1012
1011 1013
1015 1016
1020 1021
1022 1023
1024 1025
1024 1026
1028 1029
1029 1030
1031 1034
1031 1032
1032 1033
1033 1034
1035 1036
1038 1041
1038 1039
1039 1040
1040 1042
1041 1042
1043 1044
1050 1052
1051 1052
1059 1059
