0 408
0 414
0 1183
1 1638
1 1183
1 1722
2 1745
2 1738
2 1739
3 2076
3 1737
3 1954
4 1255
4 1914
5 1109
5 1097
5 1114
5 1134
6 1699
6 1133
6 2097
7 249
7 2045
7 2085
8 266
8 580
8 2084
9 266
9 2426
9 122
10 1924
10 642
10 122
11 644
11 1640
11 1641
12 1641
12 92
12 1640
13 407
13 14
13 405
14 2013
14 405
15 406
15 1659
15 2214
16 1657
16 1656
16 2288
16 1653
17 611
17 1654
17 105
18 515
18 1674
19 59
19 725
19 1674
20 1294
20 714
20 725
21 2319
21 2079
21 2320
22 1766
22 23
22 2463
23 24
23 169
24 170
24 169
25 172
25 171
26 138
26 61
26 49
27 1007
27 51
27 29
27 1041
28 2185
28 2376
28 1003
28 996
29 150
29 2420
30 31
30 150
30 151
31 32
31 160
32 2420
32 62
33 63
33 72
33 1386
33 147
34 616
34 145
34 2399
35 1886
35 2179
35 1887
36 509
36 37
36 614
37 508
38 155
38 1716
38 98
39 950
39 41
39 1497
40 1509
40 42
40 950
41 1751
41 43
42 617
42 950
43 2017
43 71
44 1906
44 1255
45 46
45 626
45 1013
46 2363
46 154
46 1910
47 2363
47 86
47 2441
48 49
48 72
48 144
49 1388
50 637
50 51
50 1923
51 636
51 2420
52 628
52 2095
52 96
53 108
53 107
53 115
53 109
54 55
54 1997
55 2028
56 57
56 2029
56 357
57 187
57 485
58 131
58 179
58 2039
58 181
59 60
59 2323
61 145
61 1047
62 634
62 636
62 625
63 1002
63 1004
64 148
64 1002
64 989
65 136
65 70
65 1048
66 922
66 67
66 443
67 918
67 922
68 444
68 107
68 2338
68 109
69 1150
69 1177
69 1101
70 138
70 1023
71 617
71 619
72 85
73 1625
73 1624
73 85
73 84
74 1614
74 1620
74 1871
75 633
75 76
75 1065
76 2351
76 632
77 78
78 134
78 633
79 80
79 133
79 135
80 1611
80 81
81 83
81 2328
82 1629
82 83
82 1627
83 2352
84 1923
84 85
86 1922
86 87
87 88
87 91
88 89
88 1978
89 90
89 92
90 91
90 120
91 120
92 1640
93 94
93 517
93 627
94 95
94 517
95 96
95 1169
96 628
97 155
97 999
97 154
97 161
98 625
98 999
99 100
99 152
99 162
99 2129
100 1729
100 2185
101 1685
101 102
101 1382
102 1381
102 1687
102 1380
102 1382
102 1686
103 1380
103 1579
103 1687
104 105
104 1649
104 1980
105 1650
106 137
106 1032
106 1045
107 2407
107 108
108 439
109 2006
110 111
111 114
111 112
112 1673
112 2276
112 1172
113 118
114 1673
114 116
114 118
115 116
115 2099
116 117
117 1169
117 2093
118 119
119 1160
119 1673
120 1909
121 1978
122 259
123 583
124 125
124 192
124 130
125 126
125 202
126 127
126 132
127 128
127 131
128 129
128 221
129 130
129 283
130 282
131 200
131 180
132 200
132 202
132 196
133 134
133 1610
134 2350
136 141
136 139
138 1037
139 1090
139 140
142 989
142 1693
142 143
143 1015
143 993
144 145
144 2445
146 147
147 1387
148 2293
148 987
149 1385
149 2293
149 1007
150 151
151 1730
152 153
152 626
153 1079
153 1014
154 156
155 156
156 1908
157 1716
158 1716
159 163
160 161
160 625
161 162
162 2148
163 164
163 642
165 1695
165 966
165 1209
165 1271
166 362
166 1722
166 1639
167 168
167 1025
167 1726
167 2369
168 1038
168 1052
168 2370
169 174
170 171
170 175
171 175
172 173
173 174
176 1210
176 623
176 2001
177 1815
177 1818
178 195
178 184
178 213
179 185
179 180
180 221
181 199
181 200
182 917
182 183
182 184
183 184
183 2039
184 199
185 186
185 2090
186 201
186 316
186 221
187 317
187 316
188 189
188 214
188 215
189 207
189 190
190 195
190 197
191 204
191 282
191 203
191 320
192 198
192 315
192 320
193 1911
193 194
193 207
194 197
194 198
195 196
196 199
197 202
198 202
201 2090
201 485
203 1921
203 282
204 2153
204 347
205 648
205 313
205 1292
206 207
206 217
206 648
208 920
208 918
208 220
209 213
209 210
209 2049
210 1974
210 216
211 232
212 2049
213 214
214 215
215 246
216 1972
216 1977
217 2047
217 249
217 246
218 219
218 445
218 918
219 220
219 2338
220 444
221 222
222 224
222 223
223 281
223 283
224 2069
224 225
226 240
226 2339
226 2342
227 228
228 229
228 233
229 2340
229 256
230 239
230 233
230 2339
231 237
231 234
231 236
232 234
232 233
234 235
236 237
236 239
237 238
238 2342
238 239
240 2341
240 1641
241 242
241 273
241 2341
242 243
242 275
243 270
243 279
244 248
244 2049
244 2048
245 2443
245 2048
245 2047
246 2048
247 251
247 264
247 2443
248 2444
248 254
249 250
249 2047
250 251
250 260
251 265
252 255
252 253
252 2444
253 254
253 264
254 2443
255 263
255 269
256 257
256 267
257 258
257 268
259 261
259 262
260 262
260 261
262 265
262 263
263 264
265 2426
266 2426
267 268
267 269
268 2444
269 270
270 271
272 275
273 276
273 275
274 276
276 277
277 279
277 278
279 645
279 640
280 323
280 2055
280 289
281 294
281 287
283 284
284 285
284 293
286 311
286 297
286 1921
287 288
287 290
288 318
288 289
289 290
290 291
291 2298
291 292
293 294
293 295
293 329
294 2298
295 299
295 298
296 299
297 338
297 305
297 299
300 303
300 2295
300 324
300 331
301 302
301 308
301 303
302 310
302 304
303 335
305 306
305 2080
306 307
306 308
307 337
307 335
308 309
311 338
311 349
312 384
312 353
312 354
313 315
313 1911
314 1292
314 2091
314 2230
315 2091
316 317
317 318
317 2349
318 319
320 2153
321 322
322 323
322 326
323 324
324 325
327 2073
327 331
327 2072
328 333
329 2295
329 330
331 332
332 1683
332 384
333 334
333 343
335 336
336 1682
336 2155
337 341
337 342
338 339
339 340
339 345
342 343
342 345
343 344
345 346
345 2155
346 350
346 349
347 349
347 348
348 2076
348 2075
350 2075
350 1953
351 353
351 1681
351 352
352 353
352 2071
354 355
354 385
356 2449
357 1963
357 2055
358 1695
358 2021
358 1261
359 361
359 360
359 483
360 2022
360 361
361 482
362 2335
362 1987
363 2394
363 365
363 367
364 374
366 2388
366 370
366 1703
366 2391
367 1588
367 2007
367 1703
368 369
368 371
368 393
369 386
369 388
370 371
370 2056
371 372
373 393
374 375
374 377
375 389
375 382
376 377
376 384
376 380
377 378
378 379
378 2070
381 385
383 389
385 2449
386 392
386 387
389 396
390 393
390 391
390 2227
391 392
394 397
394 395
394 2210
395 396
395 2227
396 2449
397 398
397 400
398 2391
398 399
399 400
399 1246
400 1227
401 1721
401 2024
401 1719
402 1719
402 2226
402 403
403 1718
403 1720
404 1659
404 407
404 2035
405 1660
406 1660
406 1661
407 2035
408 1281
409 1275
409 410
409 1286
410 610
410 415
411 412
411 503
411 610
412 1753
412 1752
413 1286
413 1754
413 1753
414 415
414 1281
415 1275
416 1207
416 1195
416 2204
417 418
417 1190
417 1197
418 2259
418 1196
419 2405
419 2403
419 2408
420 2400
420 1779
421 1771
421 1774
421 1770
421 1760
422 423
423 424
423 433
425 427
425 426
425 2278
426 428
426 1146
427 428
427 436
428 2138
429 430
429 431
429 432
431 432
431 2282
432 433
433 1205
433 434
434 435
435 2139
436 1186
436 439
436 1205
437 1200
438 1185
439 1113
440 1734
440 2039
440 444
441 948
441 2403
441 446
442 468
442 948
442 470
443 1973
443 2064
443 2006
444 1735
445 2338
445 2006
446 474
446 2020
447 449
447 456
447 2086
448 449
448 2037
448 453
449 1198
450 451
450 454
450 452
451 451
452 2141
452 467
453 460
453 458
454 1795
454 2387
455 455
455 1189
456 2086
456 1208
456 1201
457 461
457 1208
457 463
458 459
458 467
459 461
459 460
460 2038
461 462
463 467
463 1259
463 469
464 466
464 465
464 470
466 2074
466 1201
468 471
468 473
469 475
469 471
470 471
472 477
473 474
473 475
474 484
475 476
476 477
476 2077
477 479
478 481
479 2077
479 480
480 1259
480 1267
481 1267
481 1194
482 2021
482 483
483 2030
484 2019
484 2077
485 2077
486 1968
486 1074
486 1044
487 1175
487 2114
487 1135
488 1039
488 1034
488 490
489 490
489 2088
489 2087
490 1039
491 1123
491 492
491 1171
492 1728
492 1114
492 1727
493 2376
493 995
493 2377
494 495
494 1143
494 1158
495 1149
495 1109
496 1124
496 1145
496 2331
497 2330
497 1736
497 1926
498 2329
498 2008
498 2068
499 1277
499 503
499 610
500 2065
500 1994
500 1996
501 502
501 2065
501 2235
502 704
502 1740
504 1325
504 1360
504 1745
505 1861
505 1646
505 1724
505 1318
506 1362
506 1308
506 1861
506 1330
507 511
507 509
508 509
510 1886
510 614
510 1889
511 1389
511 1889
512 1134
512 1151
512 1181
513 514
513 911
513 689
514 2255
514 2256
515 2255
515 516
515 1674
516 2256
517 1728
517 1181
518 552
518 2236
518 519
519 532
519 557
520 556
520 525
520 530
521 2458
521 545
521 551
522 560
523 538
523 528
523 546
524 565
525 535
525 565
526 558
527 533
527 529
527 563
530 554
530 2042
530 2043
531 552
532 539
532 561
533 2239
533 2238
534 1962
535 2042
535 791
535 751
536 561
536 710
536 721
537 545
538 546
538 551
539 1962
539 547
540 562
540 546
540 550
541 595
541 2044
541 600
542 555
542 816
542 559
543 558
544 560
545 555
548 2236
549 562
550 751
550 752
551 565
552 557
553 562
554 2044
554 2045
555 820
555 2458
557 559
558 563
559 560
561 1962
563 2458
564 2043
564 591
564 607
566 586
566 1636
567 603
567 584
567 588
568 575
568 1636
568 593
569 582
570 578
570 580
571 583
572 601
572 576
572 597
573 590
574 586
575 1636
575 2231
576 596
576 605
577 590
577 1635
577 1675
578 600
579 587
579 594
579 608
580 601
581 597
582 593
582 602
583 2231
584 598
584 603
585 606
585 591
585 604
589 599
589 2291
589 594
590 592
591 2041
592 852
592 2291
593 1635
594 605
595 607
595 604
596 609
596 599
597 601
599 606
600 609
602 605
602 608
603 608
604 607
604 609
606 2042
606 814
611 1652
611 1654
611 1651
612 1655
612 1654
613 2445
613 1389
613 616
614 2157
615 2156
615 1678
616 2176
616 2178
617 619
618 1236
618 1528
618 1545
619 1578
620 621
620 1701
620 1998
621 622
621 1992
622 1999
622 1992
623 2002
623 2001
624 1588
626 994
627 628
627 2363
629 2351
629 2352
629 2350
630 2133
630 637
630 2131
631 632
631 634
631 1086
632 1868
633 1081
634 1029
634 1095
635 636
637 2132
638 645
638 641
638 1924
639 645
640 644
640 645
642 643
644 1924
646 1715
646 647
646 2184
647 1352
647 1715
648 2063
648 1911
649 701
649 2206
649 667
650 701
650 659
650 669
651 667
652 727
652 698
652 1595
652 2379
653 666
654 656
654 668
654 663
655 703
655 677
655 671
657 670
657 702
658 667
659 664
659 661
660 664
661 2438
662 682
663 717
663 682
664 670
665 666
666 669
669 702
671 688
671 682
672 718
672 2379
672 681
672 724
673 676
673 687
673 681
674 684
674 696
674 677
675 676
676 678
677 680
678 713
678 717
679 684
679 692
679 696
681 2379
683 684
685 695
685 690
685 692
686 703
687 700
687 691
689 741
689 692
690 706
690 701
692 693
693 2151
693 697
694 696
698 702
698 729
699 729
699 730
699 709
703 2206
704 2323
704 722
705 717
706 715
706 707
708 716
708 720
708 1590
709 726
709 764
710 719
710 721
711 720
711 1596
711 2347
712 724
712 731
712 1694
714 728
714 1694
716 729
716 730
718 2378
718 2379
718 2380
719 1694
719 2052
720 727
721 723
722 728
722 2323
723 724
723 2378
725 731
726 738
726 729
727 2380
728 731
730 2345
732 744
732 764
732 752
733 742
734 743
734 1879
734 2089
735 742
736 744
737 787
737 1881
737 764
738 739
738 740
740 2089
740 942
741 942
741 745
742 744
746 750
746 761
746 772
747 758
747 751
747 757
748 781
748 798
748 753
749 754
750 769
750 759
752 781
753 769
753 759
754 757
754 759
755 834
755 778
755 783
756 775
756 766
756 761
757 834
760 780
760 777
760 779
761 782
762 769
763 771
765 795
765 1882
765 770
766 2304
766 786
767 773
768 1440
768 776
768 1445
770 1426
770 1431
771 782
771 777
773 2150
773 782
774 1600
774 2332
774 784
775 790
775 779
777 835
777 1440
778 789
778 826
779 790
781 787
782 2149
783 792
783 796
784 2306
784 913
784 1947
785 1445
785 788
785 1407
787 1407
789 2304
789 796
790 795
791 2058
791 810
792 1193
792 1199
793 806
793 794
793 802
794 802
794 797
795 805
796 802
796 872
797 801
797 807
799 804
800 804
800 2042
800 812
801 807
801 803
803 805
803 806
804 1204
805 806
807 869
808 2058
809 869
809 873
809 883
810 1193
810 1204
811 1188
811 2447
811 814
812 813
812 814
815 820
815 2310
815 816
816 819
817 820
818 819
819 821
819 822
823 2311
824 841
824 828
824 843
825 831
825 845
825 838
826 832
826 834
827 833
828 835
828 830
829 835
829 1449
829 1440
830 836
830 840
831 1438
831 838
833 845
833 837
836 844
836 840
837 843
837 842
838 1408
839 845
840 842
841 843
841 844
842 844
846 856
846 849
846 852
847 858
847 850
847 855
848 895
848 883
848 1384
849 854
849 852
850 861
850 859
851 858
851 864
851 862
853 1676
854 863
854 857
857 1675
857 1637
858 1676
859 1675
859 860
862 1383
862 867
862 866
865 897
865 881
865 1565
866 1383
866 895
867 893
867 887
868 869
868 879
868 885
869 2289
870 875
871 884
872 875
872 1676
873 892
873 886
874 889
874 2289
874 886
875 885
876 894
877 889
877 897
877 1882
878 891
878 1486
878 1476
879 1384
879 890
880 894
880 884
880 896
881 888
881 891
882 896
883 892
884 888
884 896
885 890
886 888
889 897
890 1383
891 894
892 1512
895 1384
898 901
899 903
899 906
899 907
900 902
900 1376
900 1563
901 905
901 904
902 1947
902 1573
903 1565
903 1947
904 1409
904 1446
908 913
908 910
908 1397
909 910
910 1450
911 916
911 1878
912 1428
912 929
912 914
913 1395
914 915
915 916
916 2418
917 1974
917 1973
917 919
919 2275
919 921
920 1971
920 921
921 1971
922 1971
922 1976
923 925
923 926
923 1404
924 1398
924 928
924 929
925 927
925 1883
926 926
927 1430
927 929
929 1415
930 937
930 944
930 945
931 1415
931 1417
931 941
932 935
932 937
932 943
933 934
933 944
933 1400
934 2089
934 942
936 945
937 940
938 941
938 940
938 943
939 943
940 941
944 945
946 2331
946 1111
946 1149
947 1098
947 1142
947 1116
947 1126
948 949
951 2392
951 1932
952 956
952 955
952 972
953 2162
953 960
953 954
954 2050
954 961
955 2050
955 2393
956 2162
956 960
957 2160
957 960
957 982
957 1273
958 983
958 2285
958 975
959 979
959 982
959 981
960 961
961 2164
962 963
962 980
962 979
963 964
963 967
964 965
964 1698
965 2050
965 1696
966 979
966 967
967 1696
968 1842
968 972
968 1707
968 1711
969 1711
969 970
969 1713
970 972
970 971
972 1842
973 974
974 975
974 976
975 977
976 977
976 984
977 2452
978 2452
978 979
978 1697
980 981
980 2164
981 982
981 2164
982 983
983 2160
984 1209
985 1836
985 2285
985 2283
986 1840
986 1838
986 1827
987 2125
987 992
988 2129
988 1005
988 1003
989 1006
990 999
991 1002
993 1000
993 1010
994 1008
994 1009
995 1013
995 1001
996 1052
996 1011
997 1003
998 1007
1001 1013
1001 1008
1002 1012
1008 2128
1009 2154
1009 1014
1011 2377
1011 2376
1014 2127
1015 2126
1015 2185
1016 1030
1017 1031
1017 1021
1017 1082
1018 1082
1019 1060
1019 1082
1019 1031
1020 1077
1021 1084
1021 1030
1022 1077
1022 1026
1022 1062
1024 1038
1025 2115
1025 1059
1027 1056
1027 1035
1027 1089
1028 1055
1028 1046
1028 1052
1029 1081
1029 2241
1030 1070
1031 1042
1032 1047
1032 1071
1033 1053
1033 1040
1033 1074
1034 1077
1034 1074
1035 1066
1035 1057
1036 1047
1037 1058
1038 1055
1039 1057
1040 1043
1040 1044
1041 2185
1041 1088
1042 1063
1042 1084
1042 1059
1043 1053
1043 1085
1044 1970
1045 2147
1045 1693
1046 1054
1046 1091
1049 1086
1050 1083
1050 1123
1050 1062
1051 1065
1053 1064
1055 1078
1057 1066
1058 1093
1059 1094
1061 1088
1062 1067
1063 1092
1063 2158
1065 2242
1066 2087
1068 1088
1069 1081
1072 1093
1073 2242
1073 2241
1075 1090
1076 1084
1078 1915
1078 1914
1080 1083
1083 1135
1086 2133
1087 2375
1087 1912
1087 2367
1090 1093
1092 1912
1096 1106
1096 1148
1096 1115
1097 2366
1097 2331
1098 2114
1098 1174
1099 1161
1100 1156
1100 1123
1100 1107
1101 1162
1101 1165
1102 1152
1102 1173
1102 1138
1103 1157
1103 1132
1103 1125
1104 1164
1104 1154
1104 1175
1105 1131
1105 2088
1105 1136
1106 1155
1106 1119
1107 1171
1107 2114
1108 2365
1108 1158
1108 1116
1109 1149
1110 1144
1110 1122
1110 1127
1111 1159
1111 2112
1112 1118
1112 2278
1112 1150
1113 1177
1113 1165
1114 2344
1114 1728
1115 1139
1115 1168
1115 1141
1116 1120
1117 1164
1121 1166
1122 1127
1122 2118
1124 1151
1124 2366
1125 1127
1125 1157
1126 1142
1126 1163
1128 1130
1128 1170
1128 1144
1129 1148
1129 1203
1129 1146
1129 2448
1130 1144
1130 2119
1131 1175
1131 1135
1132 1163
1132 1379
1133 2005
1133 1699
1134 2366
1136 1176
1136 2270
1137 1147
1139 2112
1139 1168
1140 1164
1141 2142
1141 1180
1142 1173
1143 1158
1143 1171
1145 1160
1145 1159
1146 2448
1147 1178
1147 1153
1148 1179
1150 1162
1151 1181
1151 1169
1151 2366
1152 1166
1152 1179
1152 1167
1153 2145
1153 2144
1157 2117
1159 1180
1160 1169
1161 2120
1161 1170
1162 2276
1163 2116
1165 1177
1166 2299
1168 2299
1168 2300
1170 1179
1172 2143
1172 1180
1173 1179
1178 2114
1178 2121
1182 1194
1183 1190
1184 1187
1184 2137
1184 1192
1184 1202
1185 1200
1185 1205
1186 1200
1186 2205
1187 1202
1187 1192
1188 1204
1188 1199
1189 2021
1189 1194
1190 1206
1191 1198
1192 1203
1193 1199
1195 2203
1195 2259
1196 2258
1196 1638
1197 1207
1197 2257
1198 2383
1201 1208
1202 2136
1203 2324
1203 2135
1206 1290
1206 1638
1207 2257
1209 2202
1210 1211
1210 1714
1212 1250
1212 2220
1212 1252
1213 1545
1213 1664
1213 1236
1214 1219
1214 1850
1214 1848
1215 1508
1216 1506
1217 1507
1217 1532
1217 1577
1218 2111
1218 1236
1219 1903
1219 1224
1220 1243
1220 2220
1220 2221
1221 2211
1221 1253
1221 1224
1221 2035
1222 1562
1222 1230
1223 1247
1223 1251
1223 1234
1223 1246
1224 1852
1225 1525
1225 1513
1225 1523
1226 1494
1226 1482
1226 1577
1227 1586
1227 1587
1228 2413
1228 2416
1228 1902
1229 1508
1229 1521
1229 1245
1229 1248
1230 1249
1231 1241
1231 2103
1231 2108
1232 1244
1232 1243
1232 2009
1233 1237
1233 1844
1233 1843
1234 1247
1234 2416
1234 1253
1235 1542
1235 1479
1235 1532
1237 1846
1237 2243
1238 1547
1238 1506
1238 1455
1239 2424
1239 1898
1239 1901
1240 1252
1240 2012
1240 1244
1241 1457
1241 1557
1242 2173
1242 1253
1242 1985
1243 2009
1244 1252
1245 1469
1245 1521
1246 1933
1247 2175
1248 1455
1248 1562
1248 1480
1249 2009
1249 2011
1249 2014
1251 1933
1251 1898
1254 1517
1254 1507
1254 1488
1256 1258
1256 1261
1256 2439
1257 1262
1257 1270
1258 1919
1258 2343
1259 1267
1260 1270
1260 1271
1261 2387
1262 1264
1262 2439
1263 1264
1263 1919
1263 1265
1265 1918
1266 2201
1268 1269
1268 2321
1268 1271
1269 1802
1269 1801
1270 1272
1272 1798
1272 1797
1272 1725
1273 1842
1273 1836
1274 1788
1274 1754
1274 2140
1274 1781
1275 1276
1276 1285
1276 2324
1277 2159
1277 1284
1278 1289
1278 1287
1278 2384
1279 1284
1279 1289
1279 2326
1280 1791
1280 1282
1280 2325
1281 1285
1282 1691
1282 1783
1282 1789
1283 1288
1283 2385
1283 1284
1285 2324
1286 1754
1287 2384
1287 1288
1288 2385
1289 2326
1290 2326
1290 2159
1291 1296
1291 1318
1291 1336
1292 2183
1293 1310
1294 2078
1294 2015
1295 1307
1295 1352
1295 1368
1296 1374
1296 1346
1297 2382
1297 1316
1297 1470
1297 1370
1298 1857
1298 1853
1298 1855
1299 1320
1299 1303
1299 1342
1300 1319
1301 1319
1301 1357
1301 1859
1302 1344
1304 1349
1304 1322
1304 1370
1305 1365
1305 2382
1306 2191
1306 2190
1306 1375
1307 1307
1308 1343
1308 1345
1309 1353
1310 1324
1310 1312
1311 1359
1311 1364
1311 1327
1312 1358
1312 1371
1312 1325
1313 1348
1313 1364
1313 1328
1314 1928
1314 2051
1314 2337
1315 1351
1315 1854
1315 1853
1317 1344
1318 2195
1319 1360
1320 1863
1320 1370
1321 1366
1321 1331
1321 1342
1322 1354
1322 1372
1323 1338
1323 1363
1323 1367
1325 1724
1326 1339
1326 1334
1326 2191
1328 1338
1328 1359
1329 1335
1329 1357
1329 1860
1330 1860
1330 1859
1331 2192
1331 2193
1332 1356
1333 1863
1336 1375
1336 2193
1337 2192
1338 1356
1339 1347
1339 2190
1340 1375
1340 1857
1340 1353
1341 1346
1341 1371
1341 1350
1342 2194
1343 1372
1343 1361
1344 1371
1346 1855
1349 2197
1349 1644
1350 1374
1350 1724
1352 2186
1353 2451
1354 1372
1354 1361
1355 1854
1356 1359
1357 1360
1361 1370
1364 1368
1365 1369
1367 1854
1367 2451
1367 1368
1373 1374
1376 2332
1376 1484
1376 1605
1377 1940
1377 1570
1377 1945
1378 1484
1378 1945
1378 1462
1379 2079
1379 1752
1380 1381
1385 1387
1385 1923
1386 1388
1386 2123
1387 2124
1388 2122
1389 1391
1390 1617
1390 2328
1390 1614
1391 1630
1391 2302
1391 2328
1392 1429
1393 1406
1393 1436
1393 1452
1394 1449
1394 1442
1395 1454
1395 1396
1395 1443
1396 1401
1396 1441
1399 1444
1399 1412
1399 1404
1400 1417
1400 1432
1402 1439
1403 1409
1404 1409
1404 1443
1405 1423
1406 1449
1406 1421
1407 1421
1408 1434
1408 1438
1410 1448
1411 1447
1411 1433
1411 1437
1412 1416
1413 1419
1414 1419
1415 1432
1416 1436
1417 1432
1418 1430
1419 1429
1420 1441
1421 1452
1422 1448
1423 1447
1423 2418
1424 1876
1424 1439
1425 1426
1426 1450
1427 1439
1428 1447
1428 1443
1429 1454
1430 1884
1431 2306
1431 1450
1433 1876
1433 1875
1435 1451
1435 1442
1435 1436
1438 1446
1441 1448
1443 1885
1445 1449
1446 1453
1452 1877
1454 2152
1455 1526
1456 1491
1456 1558
1456 1519
1457 1562
1457 1546
1458 1744
1458 2428
1458 1520
1458 1743
1459 1574
1459 1491
1459 1553
1460 1466
1460 1528
1460 1493
1461 1473
1462 1672
1462 1689
1463 1483
1463 1471
1463 2348
1464 2432
1464 1475
1464 1533
1465 1477
1466 1578
1466 1485
1467 1572
1467 1504
1467 1670
1468 1548
1468 1533
1468 1475
1469 1472
1469 1508
1470 1704
1470 1569
1471 1568
1471 1483
1472 1544
1472 1478
1473 1493
1473 1528
1473 1477
1474 1500
1474 1549
1474 2436
1475 1533
1476 1581
1476 1512
1477 1493
1478 1499
1478 2111
1479 1480
1479 1571
1480 1518
1481 1540
1482 1525
1482 1488
1483 1538
1484 1566
1485 1539
1485 1555
1486 1505
1486 1556
1487 1489
1487 1534
1487 1507
1488 2348
1489 1489
1490 1740
1490 1742
1490 1931
1491 1527
1492 1546
1492 1534
1492 1559
1493 1524
1494 1547
1494 1555
1495 1750
1496 1567
1496 1547
1497 1751
1497 1554
1497 1503
1498 1531
1499 1510
1499 1521
1501 1563
1501 1515
1501 1564
1502 1555
1503 1575
1503 1747
1503 2430
1506 1540
1509 1513
1509 1523
1511 1576
1512 1570
1513 2348
1514 1548
1515 1566
1516 1549
1517 1531
1517 1557
1520 1742
1520 1574
1520 1741
1522 1540
1525 1539
1529 1548
1530 2436
1530 1743
1530 1744
1531 1535
1532 1577
1534 1546
1535 1560
1535 1552
1536 1549
1537 1576
1538 1554
1538 1568
1539 1578
1541 1558
1541 2381
1542 1542
1543 1554
1544 1544
1545 1576
1550 1557
1551 2430
1551 2431
1551 2432
1556 2362
1556 1565
1561 1672
1563 1943
1567 1577
1568 1575
1570 1581
1574 1741
1575 2427
1579 1608
1579 1580
1580 2254
1581 1941
1582 1586
1583 1585
1583 2024
1583 1584
1584 1585
1584 2234
1585 2234
1586 2036
1587 2024
1587 2208
1588 2007
1589 1591
1590 1594
1590 1595
1591 1596
1591 1592
1592 2308
1592 2309
1592 1596
1593 1595
1597 1599
1597 1598
1597 1602
1598 1601
1599 1603
1599 1600
1600 1875
1604 1605
1605 1606
1606 1723
1607 1668
1609 2254
1612 1867
1612 1619
1612 1613
1613 1618
1613 1616
1614 1618
1615 1620
1615 1621
1615 1618
1620 1866
1622 1623
1622 1622
1623 1866
1623 1625
1624 1868
1624 2419
1625 1626
1627 1628
1627 1871
1630 1631
1630 1632
1633 2301
1633 1634
1633 2302
1635 2459
1639 2015
1639 2016
1642 2198
1642 2083
1642 1646
1643 2197
1643 2198
1643 1645
1646 2082
1647 2195
1647 2083
1647 2082
1648 1823
1648 1825
1649 1955
1650 1651
1650 1656
1651 1652
1651 1656
1652 1653
1652 1655
1653 1655
1657 2214
1657 1658
1658 2214
1658 2288
1658 1659
1660 1661
1661 2217
1662 2216
1662 2215
1663 2026
1665 1666
1666 1668
1666 1667
1668 1670
1669 1671
1670 1671
1671 1672
1677 1680
1677 1679
1678 1679
1680 1907
1684 2155
1685 1686
1685 1689
1686 1688
1687 1688
1688 1689
1690 1783
1692 1693
1695 1696
1699 2441
1700 2188
1701 1702
1701 1998
1702 2389
1702 1703
1704 1705
1705 2260
1706 1707
1706 1839
1706 1836
1707 1710
1708 1711
1709 1710
1710 1713
1712 1713
1714 1840
1714 1892
1715 2153
1716 1717
1719 2226
1720 1721
1720 2225
1721 2225
1722 1986
1725 1798
1725 1801
1726 1969
1726 1967
1727 2377
1727 1916
1729 1730
1729 1732
1730 1731
1733 1734
1733 2402
1733 2412
1734 1735
1735 2401
1736 1949
1736 2034
1737 1950
1737 2033
1738 1952
1738 1745
1739 2059
1739 2078
1740 2337
1741 1742
1741 1931
1742 1743
1743 1744
1744 1746
1746 2428
1746 2434
1747 2429
1747 1748
1748 1749
1748 1750
1749 1750
1749 1751
1752 1753
1755 1756
1756 1757
1756 1762
1758 1770
1759 1763
1761 1762
1762 1765
1763 1767
1763 1766
1764 1765
1765 1769
1766 1767
1767 2318
1768 1773
1769 1771
1769 1770
1771 1948
1772 1773
1773 1780
1773 1779
1774 1778
1774 2263
1775 1777
1776 1777
1777 1778
1778 1779
1780 1904
1781 1782
1783 1785
1784 1785
1785 1788
1786 1792
1787 1789
1788 1789
1790 2325
1791 2325
1791 2385
1792 1793
1792 1794
1793 1795
1793 2201
1794 2384
1794 2386
1795 2386
1796 2386
1797 2360
1797 2359
1798 1800
1799 1802
1800 2358
1800 2357
1801 2354
1802 2440
1803 2321
1803 2439
1803 2440
1804 1806
1805 1814
1806 1807
1806 1808
1807 1813
1808 2271
1808 1811
1809 1810
1809 2273
1809 2271
1810 1812
1810 1813
1812 1816
1812 1815
1813 1815
1814 1816
1816 1817
1816 1820
1817 1818
1817 1823
1818 1823
1819 1821
1821 1828
1822 1825
1824 1828
1825 1830
1826 1831
1827 1828
1827 2284
1829 2422
1830 2422
1830 1831
1831 1837
1832 1837
1833 1835
1834 1843
1835 1838
1835 1839
1837 1844
1838 1839
1840 1841
1843 1890
1844 1957
1845 1845
1845 1846
1846 1849
1847 1848
1848 1850
1849 1850
1849 1851
1852 1957
1852 1982
1855 1856
1857 1858
1859 1860
1861 1862
1863 1865
1864 1865
1865 2322
1866 1871
1868 1869
1869 1872
1869 1870
1873 1875
1874 1876
1877 1881
1877 1883
1879 1884
1879 1881
1880 1882
1883 1884
1886 1887
1887 1888
1888 2146
1888 1889
1890 2264
1890 1891
1891 2264
1891 1893
1892 1893
1892 2265
1893 2265
1894 2266
1894 2267
1894 2264
1895 1896
1895 2417
1895 2267
1896 1897
1897 1898
1899 2414
1899 1901
1899 2025
1900 2415
1900 2417
1900 2414
1901 2025
1902 1903
1902 2415
1903 2415
1905 2398
1905 2399
1905 1906
1907 2397
1908 1910
1908 1909
1909 1910
1912 1913
1913 1915
1913 1914
1915 2372
1916 1965
1916 1966
1917 1918
1918 1919
1920 1921
1925 2067
1925 2233
1925 2235
1926 2330
1926 1927
1927 2015
1927 2329
1928 2059
1928 2078
1929 2032
1929 2051
1929 2337
1930 1931
1930 2031
1930 2032
1932 1933
1934 1943
1934 1940
1934 1935
1935 1936
1935 1937
1935 1938
1939 1940
1941 1942
1941 2361
1943 1944
1945 1946
1948 2461
1948 2079
1949 1951
1949 2034
1950 2033
1950 1954
1951 1952
1951 1988
1952 1954
1955 1961
1956 1957
1958 1960
1959 1960
1960 2250
1961 2247
1961 2248
1963 2055
1963 2027
1964 1998
1964 2002
1964 2392
1965 1967
1965 1966
1966 1968
1967 1969
1968 1970
1969 1970
1971 1972
1972 1976
1972 1977
1973 1975
1974 1977
1975 1976
1975 2046
1976 2046
1978 2442
1979 1980
1980 1981
1982 2244
1982 2287
1983 1985
1984 1985
1986 2334
1986 2327
1987 2334
1987 2396
1988 2051
1988 2059
1989 1990
1989 1995
1989 1996
1990 2229
1990 2394
1991 1995
1991 2395
1991 1994
1992 2007
1993 2022
1993 2004
1993 2336
1994 2229
1995 2395
1996 2159
1997 2336
1997 2003
1999 2000
1999 2393
2000 2001
2000 2393
2002 2392
2003 2336
2003 2335
2004 2327
2004 2022
2005 2442
2005 2064
2008 2061
2008 2062
2010 2011
2011 2012
2012 2013
2013 2222
2016 2068
2016 2330
2018 2020
2018 2019
2018 2039
2019 2020
2023 2411
2024 2210
2025 2413
2026 2216
2027 2028
2027 2029
2028 2030
2029 2030
2031 2110
2031 2381
2032 2109
2033 2034
2036 2101
2036 2107
2039 2090
2040 2054
2040 2053
2040 2409
2041 2042
2041 2043
2043 2044
2044 2045
2046 2049
2047 2048
2053 2203
2053 2054
2054 2411
2056 2056
2057 2058
2060 2226
2060 2081
2060 2067
2061 2235
2061 2062
2062 2109
2064 2342
2064 2442
2065 2233
2066 2110
2066 2109
2066 2081
2067 2081
2068 2329
2075 2076
2082 2083
2084 2085
2086 2258
2087 2088
2091 2230
2092 2095
2092 2094
2092 2100
2093 2094
2093 2095
2094 2098
2096 2100
2096 2097
2096 2441
2097 2099
2098 2099
2098 2100
2101 2106
2101 2107
2102 2108
2102 2106
2102 2223
2103 2104
2103 2108
2104 2105
2104 2224
2105 2107
2105 2224
2106 2166
2110 2381
2112 2113
2129 2130
2133 2134
2153 2230
2156 2157
2160 2161
2162 2163
2165 2167
2165 2171
2165 2166
2165 2425
2166 2222
2166 2223
2167 2168
2167 2262
2169 2170
2170 2262
2170 2253
2171 2173
2171 2172
2172 2174
2172 2173
2175 2209
2175 2212
2176 2179
2176 2177
2177 2178
2177 2268
2178 2269
2179 2180
2180 2181
2180 2182
2183 2184
2186 2188
2186 2187
2188 2189
2189 2189
2190 2191
2192 2193
2195 2196
2197 2198
2199 2201
2200 2202
2203 2204
2204 2205
2205 2257
2206 2207
2210 2213
2211 2287
2213 2213
2215 2218
2215 2216
2217 2218
2217 2219
2218 2219
2219 2221
2220 2221
2222 2223
2224 2225
2227 2228
2229 2394
2231 2232
2233 2234
2236 2237
2238 2240
2238 2239
2239 2346
2241 2242
2244 2247
2244 2245
2245 2249
2245 2252
2246 2247
2246 2249
2246 2248
2248 2250
2248 2249
2250 2252
2251 2252
2255 2256
2258 2259
2261 2262
2265 2266
2266 2267
2271 2272
2272 2273
2272 2274
2273 2274
2276 2277
2278 2280
2279 2280
2280 2281
2283 2284
2285 2286
2287 2288
2289 2290
2291 2292
2293 2294
2295 2296
2297 2298
2299 2300
2300 2364
2302 2303
2304 2305
2306 2307
2310 2311
2310 2312
2311 2312
2312 2313
2314 2447
2315 2317
2315 2316
2315 2447
2319 2462
2319 2320
2320 2464
2327 2335
2332 2333
2334 2396
2339 2340
2340 2341
2345 2347
2345 2346
2346 2347
2350 2351
2352 2353
2354 2356
2354 2355
2364 2365
2367 2375
2367 2373
2368 2370
2368 2369
2368 2374
2369 2374
2370 2371
2371 2372
2371 2373
2372 2373
2374 2375
2378 2380
2388 2390
2388 2389
2389 2390
2390 2391
2395 2396
2398 2399
2401 2406
2401 2410
2402 2410
2402 2405
2403 2412
2403 2408
2404 2409
2404 2407
2404 2406
2405 2412
2406 2410
2407 2409
2408 2411
2413 2416
2414 2417
2418 2421
2422 2423
2424 2424
2428 2431
2429 2433
2429 2430
2431 2432
2433 2434
2433 2435
2434 2435
2435 2454
2436 2455
2437 2437
2437 2438
2441 2442
2445 2446
2450 2451
2452 2453
2454 2455
2454 2456
2455 2456
2456 2457
2460 2465
2460 2461
2460 2462
2461 2462
2463 2464
2463 2465
2464 2465
