0 643
0 415
0 502
1 415
1 2
1 500
1 643
2 500
2 267
2 3
2 62
3 492
3 379
4 484
5 12
5 6
6 545
6 16
7 703
7 356
8 15
8 731
9 626
9 405
10 403
10 405
10 404
11 395
11 404
11 588
12 14
12 35
13 51
13 14
13 19
14 254
15 16
15 52
16 17
17 708
17 528
18 19
18 731
18 356
19 20
20 588
20 711
21 25
21 88
21 23
22 926
23 88
23 384
24 242
24 841
24 199
25 173
25 733
25 184
26 509
26 76
26 855
27 855
27 55
27 507
28 352
28 55
28 1020
29 30
29 36
29 40
30 971
30 31
31 32
31 626
32 50
32 49
33 336
33 842
33 49
34 402
34 400
34 842
35 36
35 400
36 44
37 47
37 149
37 836
38 981
38 983
39 40
39 43
40 43
41 233
41 165
41 928
42 244
42 266
42 301
42 188
43 836
44 45
44 46
45 46
46 932
47 933
47 932
48 935
48 51
48 50
49 337
50 626
52 909
53 935
54 55
54 60
54 57
54 485
56 485
56 482
56 833
57 667
57 855
58 66
58 553
58 63
59 60
60 269
61 651
61 278
61 62
61 63
62 239
62 278
63 487
64 354
64 75
64 484
65 856
65 916
65 833
66 841
66 349
67 376
67 291
67 645
67 663
68 1019
68 916
68 352
69 289
69 627
69 290
69 361
70 295
70 291
70 289
71 290
71 236
71 476
72 73
72 271
72 74
73 816
73 272
75 76
75 354
75 271
76 816
76 271
76 667
77 312
77 386
77 97
78 80
78 310
78 550
79 633
79 387
79 84
80 495
80 83
80 81
81 82
81 95
82 550
82 407
84 85
84 631
84 635
85 659
85 592
86 95
86 265
86 407
86 635
87 182
87 634
87 835
88 970
88 382
88 182
89 380
89 90
89 498
90 835
90 300
91 92
91 413
91 407
92 414
92 691
92 93
93 264
93 380
94 502
94 413
94 505
94 497
95 494
96 659
96 495
96 594
97 100
97 98
98 309
98 388
99 100
99 389
101 847
101 305
101 391
102 985
102 942
102 719
103 926
104 255
104 542
104 926
105 164
105 740
105 209
105 106
106 179
106 844
107 882
107 178
107 865
107 704
108 844
108 421
108 178
109 421
110 111
110 171
110 177
111 165
111 230
112 118
112 205
112 277
113 205
113 697
113 919
114 115
114 119
114 116
115 393
115 229
116 217
116 259
117 547
117 118
117 258
118 878
119 613
119 325
120 147
120 129
120 617
121 122
121 294
121 123
122 476
122 478
123 126
123 987
124 987
124 646
124 559
124 717
125 987
125 151
125 717
126 127
126 581
127 717
127 735
127 690
127 559
128 581
128 516
128 888
129 153
129 628
130 517
130 131
130 153
131 480
131 716
132 150
132 159
132 996
133 699
133 741
133 930
134 690
134 463
134 766
135 453
135 795
135 461
136 574
137 396
138 975
138 809
138 515
138 805
139 570
139 668
139 141
140 376
140 507
140 570
141 142
141 507
142 509
142 508
142 511
143 790
143 662
143 427
143 788
144 339
144 819
144 790
144 665
145 945
145 519
145 520
146 843
146 237
146 279
147 346
147 628
147 629
148 212
148 968
148 948
149 836
150 723
150 722
151 717
151 729
152 670
152 558
152 153
154 155
154 723
154 156
155 373
155 285
156 976
156 341
157 375
157 722
157 340
157 341
158 752
158 272
158 681
159 248
159 741
159 418
160 468
160 579
160 840
161 248
161 580
161 840
161 579
162 945
162 468
162 163
163 945
163 666
163 466
164 171
164 165
165 235
166 263
166 167
166 251
167 170
167 168
168 175
168 169
169 251
169 171
170 172
170 834
172 946
172 173
172 187
173 174
174 176
174 946
175 946
175 209
177 230
177 251
178 844
179 918
179 180
180 277
180 235
181 231
181 243
181 556
182 185
183 185
183 244
183 303
184 733
184 186
185 186
186 187
187 385
187 303
188 244
188 300
189 899
189 952
190 567
190 197
190 194
191 192
191 198
191 567
192 193
193 194
194 567
195 196
195 894
195 198
197 198
197 901
199 242
199 240
199 243
200 204
200 201
201 532
201 202
202 910
202 203
203 751
204 751
205 228
206 862
206 864
206 705
207 208
207 705
208 546
210 332
210 211
210 216
211 218
211 316
211 216
212 237
212 238
213 214
213 374
213 921
214 372
214 525
215 877
215 938
215 256
215 259
216 713
216 938
217 878
217 261
217 876
218 713
218 317
219 831
219 920
219 220
220 843
220 949
221 222
221 616
221 999
221 1001
222 524
222 1000
223 885
223 297
223 968
224 226
224 225
224 322
225 317
225 523
226 227
226 719
227 720
227 316
228 393
228 235
229 318
229 393
230 231
231 263
231 234
232 266
232 239
232 378
233 392
233 343
233 951
234 243
234 240
236 661
236 768
237 554
238 920
238 948
239 250
240 241
240 381
241 565
241 242
241 250
242 278
243 348
245 247
245 249
245 246
246 522
246 247
247 248
249 581
250 301
252 949
252 630
252 843
253 394
253 401
253 985
254 886
254 336
255 384
255 913
256 258
256 257
256 880
257 258
257 260
259 703
260 880
260 399
261 876
261 274
262 917
262 704
262 399
262 706
263 381
264 300
264 266
265 330
266 691
267 503
268 269
268 481
268 270
269 270
270 503
272 512
273 602
273 832
273 831
274 275
274 713
275 748
275 732
276 277
279 921
279 374
280 281
280 614
280 287
281 630
281 571
282 288
282 283
282 345
283 284
283 346
284 525
284 285
284 372
285 286
286 373
286 646
287 345
287 288
288 743
289 290
290 476
291 292
292 293
292 295
293 294
293 295
294 919
295 627
296 977
298 395
298 299
298 403
299 394
299 395
301 302
302 383
302 565
303 304
304 383
304 385
305 390
305 308
306 309
307 390
307 309
307 747
308 347
308 823
309 389
310 312
311 312
311 387
311 386
313 314
313 326
313 887
314 720
314 315
315 948
315 720
316 317
318 721
318 319
319 846
319 321
320 846
321 322
321 845
322 721
323 323
323 845
324 325
324 698
324 326
324 927
325 326
327 536
327 409
327 871
327 408
328 534
328 540
328 409
329 540
329 408
329 913
330 380
331 448
331 511
331 514
332 557
332 937
333 891
333 335
333 912
334 911
334 557
334 912
334 1005
335 980
335 1006
336 742
337 549
337 909
338 370
338 756
338 693
338 683
339 785
339 683
339 984
340 479
340 419
341 977
342 745
343 344
343 1003
344 392
344 555
345 572
346 374
347 988
348 841
348 377
349 856
349 552
349 350
350 351
350 841
350 353
351 645
351 377
352 833
352 1020
353 1018
353 1016
354 667
355 703
355 356
355 595
357 432
357 427
357 459
358 619
358 359
358 1013
359 620
359 621
360 685
360 975
361 476
361 628
362 778
362 562
362 689
363 760
363 730
363 364
363 367
364 772
364 475
365 366
365 772
365 771
366 560
366 655
367 936
367 368
368 369
368 729
368 693
369 674
369 424
369 735
370 665
370 799
370 674
371 799
371 425
371 762
371 797
372 998
373 716
376 406
377 555
378 691
378 415
379 486
379 490
381 834
382 575
382 970
383 834
384 970
384 914
385 834
386 947
387 594
389 847
390 847
391 544
392 556
393 928
394 731
395 528
396 692
396 573
397 398
398 962
398 589
399 863
399 870
400 404
401 402
401 842
402 403
405 971
406 1019
406 507
407 499
408 850
408 412
408 849
409 410
411 412
412 534
413 414
414 415
416 820
416 821
416 591
417 591
417 418
417 741
418 419
419 734
419 997
420 421
422 882
422 867
423 561
423 560
423 655
423 755
424 763
424 764
425 765
425 953
426 429
426 958
426 624
427 958
428 777
428 429
428 957
429 430
430 958
430 957
431 622
431 956
431 737
432 619
432 955
433 434
433 442
433 441
433 435
434 807
434 780
435 436
435 440
437 440
437 957
437 780
438 622
438 439
438 685
439 618
439 685
439 623
440 956
441 444
441 443
442 809
442 444
443 447
443 446
444 806
445 446
445 813
445 510
446 808
447 806
447 448
448 805
449 811
449 679
449 561
450 648
450 451
450 768
451 452
451 654
451 813
452 852
452 853
453 455
453 656
454 455
454 904
454 656
455 814
456 653
456 573
456 686
457 642
457 750
457 794
458 750
458 473
458 749
459 675
459 696
460 461
460 652
460 464
461 994
462 688
462 995
462 815
463 695
464 465
464 586
464 468
465 466
465 467
465 468
467 583
467 585
467 587
469 574
469 582
469 649
470 472
470 925
470 473
471 473
471 749
471 922
472 642
472 677
473 923
473 922
474 475
475 477
477 770
478 730
478 987
479 479
482 483
482 551
484 485
487 488
487 492
487 491
488 490
488 644
489 491
490 491
492 651
493 552
494 659
494 495
496 497
497 550
498 634
498 631
500 501
500 962
501 502
501 643
503 504
504 589
505 506
505 962
508 510
508 668
509 817
510 511
512 817
512 514
513 514
514 515
515 681
516 888
516 903
517 888
517 905
518 897
518 715
518 893
519 903
519 520
520 902
521 902
521 715
522 695
522 652
523 602
523 720
524 1004
524 919
525 628
526 965
527 965
527 982
527 709
528 588
528 529
530 889
531 532
531 564
531 590
532 533
533 590
533 563
534 535
536 537
536 850
536 869
537 822
537 538
538 539
539 868
540 542
541 542
541 988
541 548
543 914
543 860
543 915
545 566
545 548
546 862
547 548
547 566
549 742
549 909
551 552
551 856
551 682
552 553
553 644
554 881
554 921
555 556
557 942
558 559
558 670
560 818
560 803
561 973
561 680
562 654
562 973
563 563
564 907
564 908
565 834
568 854
568 569
568 640
569 570
569 661
571 572
574 639
575 824
575 823
576 577
576 1011
576 578
577 1010
577 947
578 1009
578 747
579 840
582 586
582 584
583 587
583 725
584 585
584 587
585 586
588 714
590 821
591 908
592 593
592 594
596 604
596 609
596 608
597 609
597 607
597 611
598 610
598 606
598 603
599 603
599 604
599 606
600 605
601 610
601 612
601 605
602 832
603 605
603 604
606 608
607 609
607 611
608 718
610 630
611 832
613 617
613 614
614 615
615 1001
615 616
616 617
618 620
618 623
619 621
620 621
622 623
624 625
624 819
627 629
628 629
631 635
632 636
632 1011
632 633
633 947
634 636
636 1011
637 647
637 694
637 672
638 682
639 649
639 653
640 694
640 671
641 660
642 792
644 676
645 658
646 670
648 679
648 655
649 749
650 750
650 653
650 793
651 664
652 673
654 679
654 811
655 776
656 662
657 687
657 755
658 972
660 666
661 663
662 677
663 986
665 683
665 678
668 671
669 759
669 678
670 716
671 672
672 694
674 693
674 761
675 792
675 677
678 758
680 785
680 784
681 752
682 738
683 687
684 696
684 793
684 726
687 754
688 767
688 766
689 812
689 811
690 735
692 727
692 728
693 757
696 791
697 1000
697 950
698 951
698 928
699 990
699 930
700 931
700 906
700 989
701 989
701 990
701 991
702 702
702 706
704 868
705 862
706 878
707 710
707 1008
707 709
708 709
708 711
710 712
711 712
715 897
718 718
719 985
721 927
722 723
724 726
726 728
727 1013
727 728
729 936
730 936
736 737
736 955
736 956
737 955
739 740
740 865
743 744
743 745
744 746
744 745
747 825
753 943
756 803
756 757
757 760
759 762
760 804
760 818
761 763
761 765
762 767
763 764
764 800
764 801
765 801
766 767
768 769
769 776
769 775
770 774
770 773
771 773
771 775
772 774
773 774
775 776
777 984
777 1014
778 807
778 779
779 786
779 782
780 782
781 782
783 787
785 787
786 984
786 787
789 790
791 794
791 793
792 794
795 924
795 796
797 799
797 798
801 954
802 818
803 818
805 810
806 810
807 808
808 812
809 810
812 813
814 815
816 817
819 984
820 908
820 821
823 828
824 825
824 826
825 826
826 827
828 830
828 829
831 949
835 1021
837 838
837 839
838 851
839 851
839 900
845 846
848 991
848 907
849 861
849 850
849 960
850 858
852 854
852 853
853 854
857 858
858 960
859 960
860 861
860 915
861 915
863 872
864 874
864 875
865 882
866 868
866 867
866 882
868 869
868 917
869 871
869 917
870 871
870 917
871 873
872 873
872 874
873 875
874 875
876 879
876 877
877 880
878 879
879 880
883 891
884 884
884 977
885 887
885 886
886 887
888 893
888 905
888 889
889 905
890 891
892 929
892 931
893 903
894 898
894 895
895 896
895 900
896 899
896 901
897 898
898 900
899 901
906 910
906 989
910 1015
911 980
911 1005
912 1005
913 915
913 914
913 970
916 1018
920 948
922 923
922 924
923 925
924 925
927 928
927 966
929 930
929 931
932 933
933 934
934 981
937 939
937 940
938 939
939 940
940 941
942 943
943 944
950 959
950 1002
951 959
954 954
959 1017
961 1007
961 1006
961 1008
963 964
963 980
963 978
964 979
964 965
966 967
969 988
972 1019
972 1018
973 974
976 976
990 991
992 993
992 995
993 994
994 995
996 997
999 1001
999 1000
1002 1003
1002 1004
1003 1004
1006 1007
1007 1008
1012 1013
1019 1020
