0 520
0 1
1 2
1 19
2 5
2 9
3 8
3 9
3 4
4 5
4 7
6 7
7 8
8 42
9 19
10 11
10 13
11 13
11 12
11 16
12 15
12 14
12 16
13 26
14 15
14 30
15 520
17 40
17 505
17 507
18 504
18 505
18 39
19 41
20 28
20 411
21 476
21 29
21 28
22 23
22 98
22 403
23 497
23 410
24 497
24 410
24 199
25 30
25 32
25 419
26 27
26 31
27 403
27 476
28 29
29 30
31 384
32 420
33 35
33 279
33 288
34 288
34 284
34 439
35 317
35 503
36 439
36 501
36 516
37 317
37 38
37 318
37 458
37 43
38 39
38 43
39 40
39 42
40 41
41 42
42 43
44 424
45 522
45 264
45 262
46 339
46 203
46 51
47 55
47 339
47 48
48 49
48 166
49 50
49 84
50 80
50 84
51 52
51 55
52 53
52 54
53 54
53 206
54 205
55 56
56 57
57 435
57 81
57 431
58 320
58 314
58 434
59 522
59 60
59 61
60 253
60 205
61 256
61 253
62 322
62 251
62 64
63 389
63 320
63 387
64 321
64 391
65 67
65 256
65 392
66 393
66 392
66 386
66 388
66 483
67 407
67 324
68 212
68 308
68 144
68 211
69 213
69 70
69 211
70 300
70 302
71 75
71 294
71 301
72 77
72 75
72 74
73 327
73 305
73 390
73 302
75 76
76 327
76 77
77 303
78 475
79 521
79 401
79 398
80 81
80 132
81 235
82 108
82 311
82 492
83 391
83 386
83 389
84 394
85 242
85 244
85 245
86 89
86 193
86 502
87 194
87 88
87 89
88 119
88 118
89 90
90 97
90 93
91 451
91 99
91 97
92 195
93 195
93 94
94 96
94 97
95 486
95 96
95 150
95 485
96 460
98 476
98 403
98 460
99 150
99 151
100 170
100 101
100 450
101 110
101 127
102 171
102 115
102 368
103 131
104 459
104 378
104 292
105 106
105 249
105 539
105 185
106 107
106 183
107 489
107 108
108 489
109 122
109 123
109 112
110 430
110 368
110 170
111 430
111 112
111 123
112 171
112 172
113 176
113 173
113 417
114 417
114 414
114 265
114 418
115 265
115 418
116 191
116 422
116 117
117 192
117 364
118 192
118 371
119 153
119 120
120 376
120 170
121 489
121 480
121 128
121 179
122 481
122 172
123 165
124 394
124 125
124 267
125 177
125 336
126 127
126 166
126 165
127 430
128 459
128 345
129 147
129 356
129 373
129 233
130 138
130 146
130 131
131 549
132 236
132 234
133 266
133 234
133 394
134 328
134 444
134 135
135 346
135 233
136 138
136 373
136 346
137 226
137 208
137 146
138 225
138 222
139 141
139 217
139 147
139 222
140 142
140 141
140 145
141 143
142 433
142 145
143 325
143 217
143 326
144 209
144 325
145 326
146 466
147 355
148 487
148 411
148 484
149 150
149 275
151 275
152 423
152 366
154 446
154 155
154 246
155 469
155 247
156 157
156 163
156 159
156 158
158 271
158 163
159 160
159 402
160 161
161 162
162 402
162 493
163 480
164 173
164 268
164 399
165 336
166 456
167 400
168 200
168 400
168 273
169 273
169 526
169 452
171 368
172 176
173 174
174 175
174 270
175 176
177 180
177 178
178 179
178 180
179 267
180 181
182 310
182 313
182 480
183 312
183 528
184 185
184 186
184 540
185 186
186 187
187 188
187 382
188 189
188 378
189 190
189 443
190 292
190 542
192 370
193 194
193 517
194 371
195 196
197 198
198 488
198 199
199 508
199 316
199 509
201 202
202 339
202 338
203 264
203 204
205 206
206 362
207 208
208 438
209 210
209 387
210 325
210 326
211 212
212 214
213 215
213 214
214 325
214 217
215 216
215 218
216 217
216 220
218 232
218 219
219 231
219 220
220 221
221 222
221 223
223 224
223 230
224 227
224 225
225 465
226 227
226 232
227 229
228 229
228 231
228 232
229 230
230 231
233 345
233 234
235 237
235 332
236 238
236 332
237 355
237 238
238 356
239 240
239 531
239 244
240 330
240 241
241 244
241 349
242 243
242 349
243 245
245 449
246 474
246 472
247 379
247 380
248 381
249 380
249 381
250 362
250 322
250 404
251 406
251 407
252 405
252 362
252 255
253 260
254 260
254 255
254 257
255 259
256 257
257 258
260 261
262 523
263 454
263 523
264 453
265 343
266 267
266 345
268 337
268 271
269 336
269 270
269 313
270 337
271 337
272 273
274 411
274 484
275 276
276 277
276 278
279 280
280 281
280 550
281 551
281 282
282 283
282 409
284 367
284 369
284 440
285 369
285 287
285 286
288 289
289 369
289 363
290 369
291 547
292 463
293 444
293 463
293 462
294 296
294 298
294 295
296 297
299 300
299 301
300 302
303 327
303 304
305 308
305 306
306 307
306 323
307 309
307 308
311 493
311 490
312 495
312 494
313 480
314 315
314 321
315 432
315 404
316 498
316 502
317 500
318 478
318 458
319 524
320 387
321 322
323 482
323 393
323 388
324 408
324 386
328 329
328 459
330 331
330 347
331 350
331 351
332 333
333 335
333 334
337 479
340 515
340 512
340 370
340 519
341 385
341 424
341 426
341 427
342 366
342 429
342 385
343 412
343 366
344 415
344 396
344 413
344 414
346 373
348 349
351 352
351 442
353 404
354 357
355 357
356 359
357 359
358 359
360 361
360 455
360 454
364 421
364 510
365 437
365 377
365 436
367 514
367 441
370 519
371 372
374 478
374 524
374 375
377 425
377 428
378 541
380 381
383 395
384 485
385 424
386 392
388 389
390 482
390 475
391 408
392 483
393 482
393 475
393 483
395 525
396 397
396 413
397 415
397 398
397 416
398 402
400 457
401 402
401 521
401 491
407 408
410 497
412 413
412 414
414 415
415 416
416 417
417 418
419 420
419 487
420 484
421 436
421 422
422 436
424 426
425 426
425 427
427 428
427 429
428 429
431 435
431 432
432 434
433 434
433 435
438 438
439 440
440 511
441 518
441 514
444 464
445 446
446 470
447 448
448 474
448 471
450 452
450 451
451 452
458 477
460 486
461 463
465 466
465 467
466 468
470 472
470 471
471 473
472 473
473 474
477 478
477 524
484 487
485 486
490 493
490 492
490 494
490 491
490 495
491 494
492 495
496 502
496 503
496 517
497 507
498 505
498 504
498 506
499 502
499 500
499 504
500 503
501 516
501 503
502 503
505 506
506 509
506 508
507 508
508 509
510 519
510 518
511 514
511 515
511 516
512 513
512 515
513 517
513 516
514 515
518 519
522 523
525 527
526 527
528 532
528 535
529 538
529 534
529 530
530 536
530 531
530 533
531 537
532 533
532 537
533 537
533 536
534 536
534 535
535 536
538 539
540 541
542 543
543 546
544 545
544 547
544 548
545 549
546 548
546 547
547 548
