0 1858
0 508
1 346
1 397
1 340
2 3252
2 337
2 344
3 1070
4 229
4 1172
4 1835
5 3116
5 526
5 772
6 3491
6 3492
6 885
6 3116
7 1077
7 118
7 2286
8 781
8 873
8 118
8 117
9 3352
9 861
9 3351
9 178
10 2536
10 2535
10 3438
10 3473
11 649
11 427
11 426
11 929
11 1801
12 1803
12 784
12 13
12 426
13 374
13 784
13 14
14 2368
14 842
15 2378
15 2368
15 378
15 2383
16 1209
16 377
16 1766
17 18
17 124
17 1317
18 720
18 1846
19 1162
19 89
19 1839
19 1161
20 52
20 374
20 21
20 371
21 1205
21 1207
22 1203
22 23
22 1205
22 77
23 1196
23 24
23 1202
24 79
24 132
24 1197
25 1841
25 88
25 1840
26 890
26 88
26 1201
26 887
27 884
27 883
27 886
28 3179
28 3236
28 880
28 1838
29 874
29 873
29 3493
30 231
30 1121
30 524
31 34
31 2287
31 2288
32 1844
32 3489
32 33
33 3490
33 2814
34 1124
34 225
34 2853
35 2789
35 49
36 146
36 1081
36 147
37 144
37 3468
37 38
37 2766
38 142
38 152
39 1848
39 179
39 1847
39 3044
40 1179
40 3441
40 3440
40 1587
41 1586
41 174
41 108
41 3441
41 47
42 2516
42 45
42 2523
42 43
42 981
43 153
43 44
44 154
44 982
44 3181
45 2517
45 2516
46 47
46 2517
46 2526
47 177
48 1112
48 1111
48 174
49 50
50 134
50 394
51 394
51 3309
51 3304
52 1803
53 677
53 2584
53 2364
54 3499
54 677
54 920
55 928
55 3460
55 3463
56 272
56 58
56 2836
56 3461
57 2359
57 3065
58 934
58 927
59 2928
59 2540
59 258
59 1307
60 3479
60 2062
60 115
60 847
61 1480
61 852
61 3446
62 68
62 1603
62 3480
63 3449
63 70
63 1603
64 65
64 626
64 2060
65 66
65 626
66 455
66 2075
67 3263
67 455
67 3501
68 69
68 1603
69 1601
69 3445
70 2046
70 72
71 72
71 205
71 499
72 1605
73 1737
73 1747
73 1749
74 2908
74 77
74 75
75 76
77 1204
78 126
78 2863
78 80
79 3204
79 3455
80 3455
80 3204
81 83
81 1849
81 1067
82 1068
82 1179
82 1849
83 99
83 1171
83 84
84 85
84 1217
85 86
85 3087
86 1071
86 87
87 96
87 88
87 892
88 888
89 90
89 888
90 91
90 95
91 94
91 92
92 3294
92 3295
93 94
93 128
93 3294
94 95
94 129
95 887
95 889
97 603
97 1217
97 1219
97 1201
98 1219
98 1220
98 3077
98 1218
99 101
99 100
100 1218
100 101
101 2539
102 2544
102 3276
102 1029
102 3371
103 1029
103 3477
103 266
103 2544
104 1061
104 1029
104 1062
105 106
105 2530
106 835
106 783
106 2529
107 108
107 783
108 1079
109 110
109 179
109 1586
110 260
110 1848
111 3501
111 1226
111 264
112 380
112 1228
112 264
112 379
113 1232
113 836
113 114
114 1846
114 3263
115 116
115 2294
115 3478
116 1806
116 2066
116 2065
117 873
117 1127
117 3491
118 833
118 834
119 781
119 780
119 1122
119 228
120 381
120 3307
120 3306
120 3302
121 883
121 882
121 3236
122 874
122 885
122 875
123 604
123 738
123 603
124 1210
124 843
125 735
125 737
125 1212
126 131
126 130
127 128
127 129
127 130
128 133
129 889
130 131
131 3204
132 889
132 890
132 3203
132 1200
133 3293
133 3294
134 135
134 2520
135 393
135 2523
136 141
136 222
136 181
137 138
137 181
137 145
137 247
138 248
138 143
139 253
139 2422
139 2873
139 142
140 3283
140 3178
140 2117
141 216
141 1153
142 2146
143 3247
143 148
144 147
144 1084
145 146
145 3247
146 186
146 185
147 2766
148 187
148 149
149 150
149 152
150 151
150 2842
151 188
151 152
153 982
154 3180
154 2423
155 3181
155 156
155 2522
156 313
156 2521
156 3180
157 1115
157 257
157 158
157 2154
158 329
158 396
158 315
159 160
159 2154
159 1843
159 1842
160 2524
160 2138
160 2525
161 799
161 476
161 1104
162 165
162 2899
162 1548
163 166
163 164
163 2205
164 671
164 165
165 2897
166 612
166 620
167 3336
167 619
167 610
168 269
168 2512
168 2454
169 1986
169 1306
169 2122
170 620
170 611
170 3014
171 173
171 2533
171 3044
171 179
172 2514
172 2531
172 1146
172 3475
173 3169
173 177
174 1080
175 178
175 176
175 1077
176 871
176 872
177 1147
178 865
180 186
180 2531
180 185
181 182
181 859
182 244
182 241
182 1087
183 308
183 329
183 327
183 184
184 2761
184 3086
185 3437
186 859
188 189
188 190
191 1552
191 292
191 295
192 3188
192 3189
192 974
193 1530
193 2457
193 3188
193 3190
194 2209
194 608
194 2424
195 2208
195 768
195 1324
196 1253
196 2567
196 2566
197 495
197 496
197 691
198 199
198 1135
198 1296
199 3278
199 3422
200 588
200 201
200 3278
201 1255
201 588
202 818
202 2425
202 609
203 1102
203 475
203 501
204 2580
204 402
204 497
205 498
205 210
206 3486
206 364
206 2995
206 207
206 3218
206 3485
207 364
207 367
208 2616
208 209
208 3126
209 678
209 3353
210 498
210 1221
211 819
211 3512
211 1908
212 1148
212 2526
212 213
213 238
213 215
213 2516
214 1148
214 1149
214 215
215 217
216 1149
216 1152
216 217
217 227
217 222
218 219
218 1118
218 2522
218 3220
219 769
219 1156
219 313
220 320
220 317
220 314
221 2808
221 2463
221 2464
222 226
223 3220
223 1159
223 315
223 1156
224 1124
224 231
224 1123
224 1125
225 228
225 385
226 240
226 1087
226 227
227 239
228 1122
229 1177
229 775
230 231
230 524
230 1857
230 641
232 1576
232 234
232 574
233 893
233 1343
233 1139
234 1576
234 1343
235 3030
235 2960
235 333
236 3340
236 1139
236 341
237 571
237 570
238 1116
238 1113
239 240
239 1116
239 1118
240 1119
240 242
241 243
241 242
241 2786
242 2785
242 1087
243 311
244 245
244 247
245 311
245 246
246 1086
246 248
248 249
249 250
249 312
250 251
250 312
251 2528
251 254
252 253
252 2528
252 254
253 2134
254 2528
255 2115
255 2134
255 2110
256 2098
256 257
256 312
256 2105
257 2786
258 832
258 2536
259 260
259 2537
259 267
259 2538
260 1587
261 2454
261 2541
261 2455
261 740
261 2453
262 743
262 3456
262 353
262 2456
263 1010
263 368
263 1012
263 2622
264 380
264 1229
265 1229
265 3262
265 266
266 267
266 2930
267 740
267 2544
268 3176
268 3175
268 1304
269 1303
269 826
269 3176
270 2122
270 594
270 1310
271 2373
271 2385
272 2408
273 1950
273 2104
274 1522
274 3436
274 1523
275 2030
275 2125
275 1522
276 1543
276 792
276 487
276 1541
277 279
277 3368
277 976
278 279
278 976
278 281
278 973
279 3507
279 280
280 296
280 281
280 975
281 974
281 299
282 1090
282 1082
282 283
283 1307
283 1081
283 284
284 2920
284 285
285 828
285 1301
286 3502
286 1301
286 827
286 287
287 288
287 831
288 1300
288 1303
289 3454
289 2454
289 353
289 2456
290 998
290 453
290 1007
290 3323
291 293
291 295
291 3507
292 295
293 294
293 295
294 490
294 984
296 300
296 975
297 301
297 485
297 3255
298 1859
298 3075
298 3433
298 2138
299 974
299 977
300 304
300 485
301 3258
301 303
302 3029
302 303
302 3255
303 304
304 3029
305 1591
305 1596
306 1593
306 688
306 307
307 685
308 689
308 316
309 332
309 2103
310 800
310 3466
310 3433
313 771
314 3039
314 2807
315 1158
316 323
316 3474
317 325
317 324
317 318
318 2807
318 319
318 326
319 770
319 2808
320 324
320 617
321 323
321 322
322 617
322 616
323 327
323 618
324 328
324 618
325 769
325 328
325 326
326 771
327 1160
327 1051
328 1051
329 330
330 3086
330 396
331 3086
331 2130
331 688
332 3392
333 342
333 902
334 1341
334 343
334 1340
335 346
335 345
335 2050
336 747
336 413
336 3219
337 339
337 1336
338 345
338 397
338 554
339 3028
339 671
340 789
340 1858
341 1339
341 3338
342 902
342 3340
343 1338
343 2052
344 2205
344 789
345 2049
346 554
347 506
347 2072
347 1568
348 1006
348 997
348 506
349 351
349 997
349 1003
350 3271
350 2558
350 2294
350 351
350 3416
351 352
351 2558
352 991
352 3416
353 1022
354 528
354 2922
354 2865
355 2921
355 3496
355 2922
355 3497
356 2865
356 3076
356 2921
357 3444
357 3199
357 3198
357 3443
357 851
358 2998
358 2068
358 3481
359 1635
359 2064
359 2712
360 3206
360 2071
360 456
361 3207
361 456
361 1377
361 681
362 3209
362 2918
362 681
362 684
363 3207
363 1814
363 3228
364 3484
364 2064
364 3485
365 778
365 2173
365 2167
366 788
367 1635
367 1814
368 370
368 1012
369 1015
369 1022
369 1017
369 370
369 454
370 1013
370 1014
371 372
371 373
371 1207
372 842
372 1208
372 378
373 842
373 374
375 1206
375 376
375 2978
376 2979
376 377
377 378
379 1233
379 1232
380 1229
380 3074
381 382
381 780
383 388
383 389
383 2821
384 390
384 2788
384 385
385 391
386 2851
386 2853
386 388
387 389
387 2851
387 388
389 1856
390 391
390 1120
391 392
393 394
395 2926
395 753
395 818
396 2525
397 448
398 1039
398 399
398 410
399 2911
399 1880
400 438
400 409
400 412
401 629
401 438
401 439
402 497
402 630
403 1047
403 408
403 2991
404 447
404 405
404 406
405 1814
405 3145
405 445
406 457
406 447
407 1046
407 567
407 483
407 1054
408 1479
408 482
408 441
409 1474
409 1471
410 411
410 468
411 1475
411 633
412 1475
412 1476
413 788
413 1880
414 1751
414 434
414 1753
415 416
415 3446
415 1751
416 1754
416 2046
417 418
417 3503
417 422
418 423
418 943
419 3398
419 423
419 1788
420 1781
420 424
420 653
421 1815
421 422
421 3397
422 1815
423 1788
424 3396
424 1782
425 2449
425 784
425 437
426 427
427 428
428 930
428 429
429 430
429 437
429 436
430 431
430 2365
430 2377
431 786
431 432
432 433
432 786
433 435
433 1779
434 1737
434 3034
434 3036
435 2365
435 1780
436 930
436 2369
436 2940
437 2405
437 2381
438 439
439 440
440 1434
440 1444
441 481
441 483
442 597
442 444
442 1431
442 566
443 564
443 1382
443 457
443 567
444 446
444 564
445 2759
445 3486
446 447
446 2759
448 1318
449 459
449 3155
449 1488
449 3364
450 458
450 477
450 3229
451 1384
451 457
451 458
452 2895
452 514
452 3366
452 2898
453 1011
454 1013
454 990
454 1009
455 2559
456 3206
456 2232
458 1057
458 1055
459 2763
459 3155
460 1381
460 461
460 3152
461 3229
461 1482
462 2763
463 468
463 2682
463 3032
464 465
464 2993
464 1704
464 1714
465 3032
465 3031
465 1703
466 582
466 587
466 2691
467 1672
467 1692
467 967
468 469
469 2682
469 1474
470 1098
470 3410
470 3413
471 1909
471 472
471 1532
472 473
472 3411
473 1532
473 474
474 500
474 1532
475 1532
475 1102
475 1883
475 476
476 1883
476 787
476 1102
477 1488
477 2994
477 478
478 1390
478 1055
478 3225
479 480
479 2121
479 487
480 489
480 490
481 482
481 1444
481 1443
482 1478
482 1476
483 1443
484 3257
484 972
484 3464
485 977
486 3465
486 978
486 3029
487 2121
487 2847
488 3312
488 489
488 984
489 3312
489 490
490 984
491 492
491 509
491 2580
492 596
492 1428
493 1431
493 596
493 631
494 496
494 1480
494 3453
495 1468
495 496
496 2578
496 1468
497 2579
497 2578
498 499
499 3453
499 2579
500 501
500 600
500 752
501 1904
501 751
502 1905
502 1093
502 1904
503 1959
503 803
503 504
504 813
504 1947
505 1947
505 802
505 1971
506 507
506 2072
506 992
507 2294
507 2558
508 648
508 1562
509 3485
509 728
510 511
510 728
511 1432
511 597
512 968
512 1298
512 964
512 1278
513 1276
513 1251
513 1298
514 1105
514 2895
515 790
515 521
515 797
516 1561
516 517
516 533
516 979
517 3378
517 534
518 3376
518 531
518 534
519 536
519 520
519 531
520 978
520 791
521 1563
521 791
522 797
522 2893
522 1105
523 1850
523 1127
523 1128
524 2172
524 3045
524 2161
525 1130
525 2160
525 2172
526 2714
526 774
526 3508
527 883
527 885
527 882
527 884
527 1178
528 1728
528 2867
528 756
529 3076
529 754
529 855
530 755
530 857
530 1728
531 532
532 536
532 535
533 535
533 536
534 535
537 814
537 1565
537 2617
538 543
538 820
538 2618
539 540
539 543
539 545
540 3235
540 541
541 542
541 3235
542 544
542 610
543 545
544 820
544 612
545 2054
546 550
546 2054
546 547
547 550
547 2418
548 549
548 552
548 674
549 553
549 2418
550 2417
551 552
551 661
551 2417
552 674
553 2186
553 2418
554 2186
555 1879
555 699
555 1851
556 558
556 557
557 634
557 1039
558 3136
558 635
558 559
559 3136
559 560
560 634
560 3136
561 562
562 563
562 564
565 2464
565 2462
565 3039
566 1054
566 1429
566 567
567 1383
568 569
568 919
568 3394
569 2184
569 3407
570 571
570 1575
571 572
572 574
572 575
573 1575
573 1577
573 1576
574 575
575 576
576 2195
576 2192
577 578
577 1852
577 2953
578 579
578 2659
579 580
579 2657
580 3020
580 2662
581 587
581 584
581 2659
582 2657
582 587
583 1691
583 587
583 2573
584 1703
584 587
585 586
585 2573
585 1704
586 587
586 2573
588 589
589 761
589 764
590 762
590 591
590 761
590 764
591 763
591 592
592 765
592 762
593 764
593 1260
593 763
594 1304
594 595
595 1862
595 2545
596 1428
597 1428
598 599
598 3412
598 1891
599 600
599 1097
600 3098
601 677
601 2835
601 2364
602 2362
602 2359
603 1198
603 604
604 731
605 732
605 1220
605 1066
606 759
606 614
606 1804
607 608
607 3162
607 1910
608 2424
609 1257
609 2424
610 612
611 613
611 619
613 3015
613 654
614 615
614 757
615 758
615 1804
616 617
616 618
618 1051
619 654
620 779
621 622
621 1827
621 779
622 1104
622 1100
623 1813
623 2964
623 2965
623 3449
624 1751
624 1750
624 2037
625 1032
625 1728
625 2627
625 1030
626 3478
626 3479
627 2741
627 2037
627 3424
628 630
628 632
628 629
629 630
631 1430
631 1433
631 632
632 1469
633 693
633 699
634 693
635 3137
635 2990
636 2990
636 637
636 1372
637 639
637 2805
638 1048
638 1049
638 1497
638 3472
639 1366
639 3154
640 2167
640 2163
640 2159
641 775
641 2159
642 901
642 644
642 2557
643 2556
643 2557
643 645
643 2555
644 645
644 2957
645 2553
645 2957
646 3172
646 647
647 3319
647 648
648 1562
649 650
649 3042
649 3043
649 929
650 2943
650 2370
651 935
651 931
651 2980
652 2753
652 2980
652 2838
653 3398
653 3516
654 2958
655 3088
655 690
656 1463
656 1454
656 3088
657 1449
657 1454
657 1451
658 1449
658 659
658 1422
659 3333
659 1408
660 2299
660 3333
660 2298
661 1572
661 2417
662 765
662 766
662 663
662 2206
663 3399
663 2206
664 1329
664 3402
664 3403
665 3403
665 666
665 1329
666 3280
666 1325
666 3281
667 1325
667 668
667 905
668 670
668 669
669 903
669 2560
671 3327
672 673
672 1271
672 1290
673 3089
673 3272
674 675
675 3069
675 2176
676 2835
676 2581
677 2362
678 3213
678 2296
679 3213
679 3088
679 680
680 3214
681 3208
682 3208
682 3228
682 683
683 3228
683 2292
684 3210
684 2299
684 1319
685 686
685 983
686 687
686 2764
687 688
687 2757
688 1597
689 1592
689 1598
690 3211
690 2297
690 1319
691 692
691 2576
692 2577
692 1658
692 2576
692 3452
693 1039
694 695
694 3231
695 3464
696 1560
696 1555
696 1556
697 698
697 1560
698 698
699 1040
700 3113
700 3269
700 2202
701 878
701 2872
701 1723
701 2871
701 726
702 1223
702 726
702 703
703 707
703 3197
703 710
704 2366
704 3197
704 3514
705 706
705 2399
705 1773
705 2371
706 1782
706 1779
707 708
707 1223
708 722
708 746
709 746
709 2431
709 720
709 2434
710 1790
710 711
710 2411
711 712
711 1792
711 2406
712 2605
712 2598
712 1793
713 945
713 2599
713 2598
713 714
714 946
714 2601
714 715
715 2259
715 2258
716 2259
716 2648
716 717
716 2260
717 718
717 2242
718 1823
718 719
719 1823
719 1821
720 1317
721 727
721 745
721 876
722 723
722 876
723 724
723 876
724 725
724 877
725 1223
725 878
725 726
727 877
729 3056
729 1879
729 3057
730 1261
730 823
730 2548
730 1963
731 1066
731 739
732 733
732 1064
733 736
734 736
734 1066
734 2859
735 1210
735 3060
737 2860
737 2211
738 1197
738 739
740 742
741 742
741 1012
741 1019
742 2930
742 743
743 3456
743 1019
744 879
744 2777
744 745
745 2431
746 2431
746 3174
747 1336
747 748
748 2055
748 749
749 1339
749 2051
750 1893
750 2955
750 1934
750 1952
751 2425
751 2925
752 1908
752 2425
753 3513
753 2955
754 856
754 857
755 856
755 756
756 858
756 855
757 758
757 3015
758 1917
759 760
759 1892
759 2927
760 1910
760 2547
760 2927
761 762
763 764
764 1255
765 766
766 767
766 2207
767 2207
767 2208
768 1245
768 2208
769 771
770 771
770 2521
772 3508
772 2160
772 2822
773 2160
773 775
773 2846
774 2846
774 1177
774 2715
775 776
776 777
776 2824
777 1835
777 778
778 1167
779 1805
780 781
781 1127
782 872
783 2529
785 2432
785 786
785 2439
786 1773
787 801
787 1102
789 3385
790 3190
790 791
792 796
792 793
793 796
793 794
794 795
794 2023
795 811
795 2157
795 809
796 2210
797 1564
798 3259
798 970
798 3257
799 3434
799 1973
800 1548
800 3466
801 802
801 1094
801 1096
802 813
803 1093
803 1321
804 3388
804 805
804 3389
805 806
805 2024
806 2029
806 807
807 808
807 3415
808 2033
808 2025
809 812
809 3310
809 2025
810 2157
810 2149
810 2100
811 812
811 2021
812 1107
813 1092
814 815
814 3287
815 3083
815 3082
816 1980
816 1262
816 817
817 1267
817 2956
818 2011
819 3162
819 2424
820 2618
821 3510
821 3205
821 3511
822 823
822 1874
822 1864
823 1861
824 825
824 1962
824 1867
824 2156
825 2007
825 1861
826 1303
826 3175
826 3176
827 828
827 1312
828 1935
829 1311
829 830
829 3502
830 1310
830 831
831 1305
832 1847
832 2538
833 2519
833 2286
834 870
834 835
835 868
835 867
836 1230
836 1231
837 1239
837 1238
837 2624
838 839
838 3061
838 1230
838 1233
839 1236
839 3062
839 1235
840 1241
840 1214
840 1236
841 2625
841 2211
843 1775
843 1209
844 851
844 3442
844 845
844 1034
844 2070
845 2564
845 846
846 1279
846 2730
847 2062
847 1806
848 2730
848 2563
848 849
849 854
849 2730
849 850
850 2036
850 1282
851 1038
852 1813
852 3444
853 2059
853 854
853 1132
854 1265
854 2066
855 856
857 1224
859 2112
860 861
860 1110
860 2112
861 862
862 863
862 864
863 1146
863 864
864 3351
865 866
865 1147
865 3352
866 871
866 867
866 1080
867 1078
867 870
868 869
869 881
869 3087
869 3080
870 872
870 871
872 1077
873 3495
873 3068
874 3491
875 3494
875 882
877 878
880 1074
880 1073
880 3179
881 882
881 3080
881 3179
883 1837
884 1175
884 1165
886 1161
886 1836
887 888
890 2460
891 2460
892 1076
892 2975
893 2190
893 2193
894 2193
894 899
894 1578
895 1342
895 899
895 2193
896 1327
896 2706
896 1328
897 898
897 2707
897 900
898 2962
898 899
899 2193
900 904
900 901
901 2960
902 2962
903 904
903 907
904 907
905 906
905 1325
906 1326
906 907
908 1355
909 1459
909 1460
910 1460
910 1445
911 1574
911 1855
911 912
912 2282
913 2164
913 1574
914 1170
914 915
915 962
916 3248
916 2581
917 918
917 1584
917 1585
918 919
920 2982
920 2981
921 922
921 2939
921 2938
921 1808
922 1812
922 951
922 2343
923 924
923 2590
923 925
924 926
924 1789
925 2939
925 926
925 2752
926 941
927 2401
927 933
928 3459
928 2981
929 930
930 2382
931 2404
931 932
932 933
932 3173
933 934
934 3360
935 939
935 3360
936 937
936 2984
936 3173
937 3171
937 938
939 2837
939 2754
940 2753
940 2836
940 2837
941 2595
941 949
942 2595
942 945
942 944
943 2406
943 3504
943 2605
944 3504
944 1789
945 946
945 2600
946 952
946 3384
947 948
947 2876
947 957
948 2599
948 1794
949 950
949 952
949 2600
950 951
950 2752
950 958
951 959
951 3033
952 958
952 953
953 954
953 2646
954 956
954 955
955 3384
955 3383
956 3321
956 3324
957 2601
957 1739
957 2878
958 959
958 3240
959 3033
959 2085
960 3381
960 961
961 1106
961 1875
962 3320
962 1053
962 1170
963 1135
963 965
963 968
964 965
964 967
964 2570
965 966
965 968
966 967
966 2689
966 2567
967 1691
969 3297
969 1162
970 3254
971 979
971 3253
971 3259
972 3258
972 3464
973 976
973 2848
975 1552
977 3465
978 3465
979 3253
980 1280
980 1282
980 3089
981 2523
981 1112
982 2423
983 1875
985 987
985 2550
985 3457
986 987
986 2065
986 2067
987 2775
988 2075
989 1566
989 1005
989 998
989 1567
990 991
990 1002
991 1003
992 1006
992 1566
993 996
993 1002
993 994
993 1005
994 999
994 1001
994 995
995 1009
995 1004
996 1006
996 997
996 1003
998 1008
999 1008
999 1004
999 1005
1000 1001
1000 1002
1000 1009
1002 1003
1004 1007
1005 1006
1007 1008
1010 3262
1010 2622
1010 1013
1011 1027
1011 3454
1014 1020
1014 1015
1015 1021
1016 1021
1017 1024
1017 1027
1017 1018
1019 1020
1020 1021
1021 1022
1022 1023
1023 3454
1023 1024
1024 1028
1025 1028
1026 1027
1027 1028
1029 1061
1029 3477
1030 1031
1030 1035
1031 1033
1031 1032
1032 1224
1033 1034
1033 2060
1033 3442
1034 2062
1035 3199
1035 1036
1036 2635
1036 1037
1037 2640
1037 2636
1040 3053
1040 3056
1041 1043
1041 1041
1042 1043
1043 1045
1044 1045
1045 1049
1046 1387
1046 1385
1046 1056
1047 1484
1047 1495
1048 1507
1048 1495
1049 1492
1049 1050
1050 1050
1051 1159
1052 3058
1052 1121
1052 1122
1052 2287
1053 3341
1054 1434
1054 1433
1055 1057
1056 1384
1056 1383
1056 1057
1057 1387
1058 2614
1058 3067
1058 1355
1059 1060
1059 1063
1060 3265
1060 1062
1061 3266
1061 3265
1062 1063
1063 1065
1064 1065
1064 1216
1065 3268
1067 1068
1067 3331
1068 3331
1069 3296
1069 3292
1070 3293
1071 2976
1071 1072
1072 1073
1072 1076
1073 1075
1073 2976
1074 1075
1074 3298
1075 1076
1075 2975
1078 1079
1078 1080
1081 3473
1082 1090
1082 2769
1083 1088
1083 2150
1083 3467
1084 3247
1084 1085
1088 1929
1088 1984
1089 1090
1089 1929
1089 2006
1091 1095
1092 1095
1092 1093
1094 1095
1096 1906
1096 1916
1098 1099
1098 1533
1098 1922
1099 3365
1099 3273
1100 1103
1100 3366
1100 3365
1101 1826
1101 1830
1101 3082
1103 3366
1103 3409
1104 1897
1105 2893
1106 2128
1106 2524
1107 2029
1107 2133
1108 2035
1108 2133
1108 3022
1109 2029
1109 3389
1109 3393
1110 1111
1110 3309
1111 1112
1114 2785
1114 1115
1114 1119
1115 3220
1116 1117
1117 1118
1117 2522
1118 1119
1119 3220
1121 1123
1122 1129
1123 2288
1124 1126
1125 2850
1125 2174
1125 1857
1128 1129
1128 3045
1128 3058
1129 3058
1130 2822
1130 1131
1131 2161
1131 2823
1132 1264
1132 1263
1133 1292
1133 1269
1133 1273
1134 1244
1134 1296
1134 2056
1134 1250
1135 1245
1135 1296
1136 1142
1136 1143
1136 3091
1137 3511
1137 1145
1137 1140
1138 1139
1138 3127
1138 1339
1140 1145
1140 1141
1141 1142
1141 3205
1142 3205
1143 3091
1143 1144
1144 1337
1144 3127
1145 1337
1146 3349
1147 1150
1148 3232
1149 1155
1150 3350
1150 3349
1151 1153
1151 3233
1151 2526
1152 1153
1152 1155
1154 1155
1156 1157
1158 1160
1158 1159
1160 2858
1161 1174
1162 1163
1163 1164
1163 1169
1164 1165
1164 1173
1165 1168
1166 1172
1166 1168
1166 1175
1167 3341
1168 3341
1169 1170
1169 2861
1171 2529
1171 1849
1172 1835
1172 3341
1175 1176
1176 2716
1176 1178
1177 2716
1178 2714
1179 1191
1180 3264
1180 3371
1180 1181
1180 3267
1181 1182
1181 1185
1182 1186
1182 1183
1183 1184
1183 1193
1184 2543
1184 1185
1184 1188
1185 3078
1186 3440
1186 3276
1187 1194
1187 1192
1187 1188
1187 1190
1188 1193
1188 1195
1189 3331
1189 1190
1189 1194
1190 1191
1191 1192
1192 1193
1194 2539
1195 2539
1195 2543
1196 2908
1196 1197
1199 1200
1200 3203
1201 3203
1202 2919
1202 3455
1203 3158
1203 2919
1204 3170
1204 1206
1205 3170
1206 2977
1207 1208
1208 2978
1209 3063
1209 1845
1210 3367
1211 3060
1211 1213
1211 1212
1212 2214
1213 1216
1214 2215
1214 2212
1215 3268
1215 2218
1215 2215
1216 3268
1217 1218
1217 1219
1220 3059
1221 3450
1221 2580
1221 3451
1222 3481
1222 1626
1222 1467
1224 1225
1225 1876
1226 1227
1227 3416
1227 3501
1228 1234
1228 3061
1228 3074
1230 1238
1231 1232
1231 2924
1231 1233
1234 2217
1235 2216
1235 2219
1235 3061
1236 3237
1237 1238
1237 1239
1237 3062
1239 1240
1240 1241
1240 2625
1241 3062
1242 2726
1242 1264
1242 1263
1243 1293
1243 2726
1243 1273
1244 1269
1244 1272
1245 2565
1245 2566
1246 1253
1246 1247
1246 1248
1247 1252
1247 2568
1248 1249
1248 1254
1250 1251
1251 1271
1252 1331
1252 1266
1253 2565
1255 1258
1255 3279
1256 3279
1256 1324
1256 2209
1256 2553
1257 1258
1257 3279
1258 1259
1259 1267
1259 1268
1260 1261
1260 1262
1261 1262
1262 1268
1263 3017
1263 1860
1264 1265
1265 2727
1267 1268
1269 1270
1270 1289
1270 1271
1270 1272
1271 1663
1272 1287
1273 1860
1274 1297
1274 1276
1274 1278
1275 1277
1275 1278
1275 1297
1278 1298
1279 1345
1279 2036
1280 1281
1280 1282
1280 2036
1281 1284
1281 2301
1282 1283
1283 1285
1283 3272
1283 2727
1284 1350
1284 1347
1285 1288
1285 1293
1286 1288
1286 1289
1286 1292
1288 2966
1289 1290
1290 1291
1292 1293
1294 3018
1294 2572
1294 1344
1295 2572
1295 1617
1295 1642
1296 1297
1298 1299
1299 2608
1299 2314
1300 1302
1300 1301
1304 1305
1305 3175
1306 2545
1306 2156
1306 2017
1307 1308
1309 1312
1309 1311
1309 3502
1310 1313
1311 2155
1311 1313
1312 1967
1312 1315
1313 1314
1315 2913
1315 1931
1316 2155
1317 1775
1318 1851
1319 3184
1319 2885
1320 1905
1320 3513
1320 1995
1320 1321
1321 1959
1322 1959
1322 1954
1322 1936
1323 1990
1323 2013
1323 2005
1324 3012
1326 1328
1328 2701
1329 3400
1329 3404
1330 1333
1330 1334
1330 1331
1331 1333
1332 3404
1332 1334
1333 1335
1336 1338
1337 3127
1338 2053
1340 3336
1340 3338
1341 3091
1342 2961
1342 1343
1344 1349
1344 1345
1345 1348
1346 1350
1347 1349
1347 1348
1348 1349
1349 3018
1350 1353
1351 3018
1351 1353
1351 1354
1352 1662
1352 1354
1352 1353
1354 2337
1355 2612
1356 2615
1356 1357
1356 2614
1357 3143
1357 2614
1358 3141
1358 3142
1358 1359
1358 3140
1360 3140
1360 2804
1360 2806
1360 3141
1361 3364
1361 3363
1362 1365
1363 1364
1364 1374
1364 1365
1365 1370
1366 1368
1366 1367
1367 1369
1367 1374
1368 1375
1368 1369
1369 1376
1370 1371
1370 1374
1371 1372
1372 1373
1377 1413
1377 1401
1378 1398
1378 2230
1378 1426
1379 1380
1379 3150
1379 3145
1379 3146
1380 3147
1380 3145
1381 3149
1381 3152
1382 1384
1382 1383
1385 2991
1385 1389
1385 1386
1386 1386
1387 1389
1387 1390
1388 1389
1388 1391
1388 2991
1389 1393
1390 1393
1390 3222
1391 1396
1391 1392
1392 3487
1392 3488
1392 1485
1393 1394
1394 2900
1394 3223
1395 1396
1396 1397
1397 1512
1397 1485
1397 2900
1398 2918
1398 3096
1399 2889
1399 1400
1399 1408
1400 2780
1400 2889
1401 1412
1401 2230
1402 3405
1402 1404
1402 1426
1403 2889
1403 2783
1403 1405
1404 1406
1404 1405
1405 1406
1406 1407
1408 3006
1408 3096
1409 1410
1409 2780
1409 3006
1410 1419
1410 1420
1411 3096
1411 3333
1414 2784
1414 1419
1414 3007
1415 1422
1415 1419
1415 1417
1416 1417
1417 1418
1421 1422
1423 1424
1423 1423
1424 1425
1424 1426
1425 1425
1427 1432
1427 1427
1429 1431
1429 1430
1430 1433
1432 2995
1433 1435
1434 1435
1435 1436
1437 1444
1438 1441
1439 1441
1439 1443
1439 1440
1441 1442
1446 1447
1446 1450
1446 1448
1447 1448
1447 1452
1448 1460
1449 1450
1450 1452
1451 1451
1452 1453
1454 1456
1455 1458
1455 1457
1456 1457
1456 1459
1457 1464
1458 1464
1461 1462
1461 1463
1461 1466
1462 1462
1463 1464
1465 1466
1467 1470
1467 3450
1468 1471
1470 3451
1470 3484
1471 1472
1472 2683
1472 1473
1473 1474
1473 2683
1475 1476
1477 1481
1477 1477
1478 1492
1478 1479
1478 1481
1479 1497
1480 3452
1480 3453
1481 1493
1482 2901
1482 3229
1483 2901
1484 3488
1484 1502
1485 1509
1485 3487
1486 1487
1487 1491
1487 3227
1488 3225
1488 3183
1489 1490
1489 3226
1489 3227
1490 2914
1490 1491
1490 3183
1491 3227
1492 1493
1492 1497
1493 1494
1495 1496
1496 1503
1496 1498
1499 1507
1500 1503
1501 1506
1501 1502
1501 1510
1502 1511
1503 1504
1504 1505
1504 1507
1505 1506
1505 1515
1506 1508
1508 1509
1508 1513
1508 1515
1509 3318
1509 1512
1512 1513
1512 1514
1513 1520
1513 1516
1515 1516
1516 1519
1517 1519
1518 3154
1518 1519
1518 1521
1522 1524
1523 1526
1523 1524
1524 1525
1525 1545
1525 1540
1527 2847
1527 1528
1527 2849
1528 1531
1528 1529
1529 2848
1529 3187
1530 3187
1530 3192
1530 3193
1532 2457
1533 1534
1533 1536
1535 2725
1535 2893
1535 3290
1536 1901
1536 1537
1537 1538
1537 1539
1541 2023
1541 1542
1542 1543
1542 1544
1543 1546
1545 3191
1545 1547
1548 1549
1549 3193
1549 1897
1550 1551
1550 3409
1550 3408
1552 1553
1554 1558
1554 3319
1554 1555
1555 1556
1556 1559
1557 1559
1557 3064
1557 1558
1558 3319
1559 3064
1562 3261
1564 3311
1564 1565
1565 1570
1566 1567
1567 1568
1568 2771
1569 3027
1570 1573
1570 3027
1570 1571
1571 3027
1571 1573
1571 2749
1572 1573
1572 2415
1572 2182
1575 1577
1577 2184
1578 1882
1578 3163
1579 1585
1579 3163
1579 1580
1580 1882
1580 2421
1581 1583
1582 1583
1583 1584
1584 1585
1586 1587
1588 3385
1589 1590
1590 3385
1591 1592
1591 1594
1592 1595
1593 1596
1593 2857
1594 1595
1594 1596
1595 1598
1597 1598
1597 2857
1598 1599
1599 3167
1599 3166
1600 1764
1600 3164
1600 1765
1601 1765
1601 3445
1602 1606
1602 2270
1602 2274
1603 1604
1604 1605
1604 1813
1605 1608
1606 3425
1606 3009
1607 1609
1607 1608
1608 1612
1609 1610
1610 2973
1610 3101
1611 3003
1611 3001
1611 3004
1612 2973
1612 1637
1613 1614
1613 1640
1613 1639
1614 1615
1614 1638
1615 1636
1615 3480
1616 3005
1616 3316
1616 1636
1617 2710
1617 2709
1618 1619
1618 2444
1618 2710
1618 1626
1619 1627
1619 1629
1620 3316
1620 1623
1620 1622
1621 1622
1622 1625
1623 1634
1623 1625
1624 1625
1626 1632
1628 1629
1629 2997
1630 2997
1631 1632
1632 1633
1634 2076
1634 3395
1634 2235
1635 3206
1636 1641
1637 1638
1637 1640
1638 1639
1639 2444
1640 2058
1641 3480
1641 2076
1642 1643
1642 1653
1643 1659
1643 1669
1644 1655
1644 1645
1644 1659
1645 1647
1646 1659
1646 1648
1647 1650
1647 1657
1648 1649
1648 1650
1649 1674
1649 1675
1650 1651
1652 2574
1652 1653
1652 2575
1653 1654
1653 1655
1654 2574
1654 1655
1656 1657
1656 2576
1656 1678
1656 2660
1657 1676
1657 1658
1658 2844
1660 2323
1660 2311
1660 1661
1661 2307
1661 2318
1661 1662
1662 2315
1662 2611
1663 2306
1663 2309
1663 2333
1664 1666
1664 1665
1664 1670
1664 2319
1665 2309
1665 2322
1665 2327
1666 2718
1666 2332
1666 2729
1667 2719
1667 2610
1667 2718
1668 2319
1668 2970
1668 2323
1669 1671
1669 1674
1670 1671
1670 2300
1670 2332
1671 2336
1672 2569
1672 1673
1673 2571
1673 2569
1674 1675
1675 1676
1676 2570
1676 1677
1676 3128
1677 1678
1677 3128
1678 1679
1679 2571
1679 1680
1680 1685
1680 1686
1681 1685
1682 1693
1682 1685
1682 1684
1682 1683
1686 3133
1686 1687
1687 2660
1687 3135
1688 1699
1688 3134
1688 3133
1689 1708
1689 3282
1689 1690
1690 3282
1690 3134
1691 1695
1692 1695
1692 2988
1693 1694
1693 2571
1694 1695
1694 1696
1695 1697
1696 1702
1696 1698
1699 1700
1699 1702
1700 1704
1700 2573
1701 1702
1703 1704
1705 1709
1705 1708
1705 1706
1706 1707
1706 1710
1708 2993
1709 3354
1709 1710
1710 2653
1711 2653
1711 2992
1711 1712
1712 1713
1712 3354
1713 2680
1713 1714
1714 2682
1715 3031
1716 2733
1716 2630
1716 1719
1717 1721
1717 3332
1717 2872
1718 1721
1719 1723
1719 2743
1720 1732
1720 1722
1720 1721
1722 2886
1722 1724
1723 1724
1724 2886
1725 1726
1725 3239
1725 1727
1726 2886
1726 3238
1727 2737
1727 2748
1728 1729
1729 1731
1729 1730
1730 1732
1730 2867
1732 2887
1733 2626
1734 2887
1734 1750
1734 2631
1735 2876
1735 1738
1735 2256
1735 1796
1736 3034
1736 2738
1736 1745
1737 2639
1737 1738
1738 1741
1739 1740
1739 2040
1739 1798
1740 1799
1740 1741
1740 2254
1741 1742
1742 1744
1742 1743
1743 1755
1743 1757
1744 1757
1745 2594
1745 2626
1746 3246
1746 1750
1746 2594
1747 1749
1747 1753
1748 1755
1748 1749
1748 3429
1750 2636
1752 1753
1752 1754
1752 2042
1754 2042
1755 3427
1756 1759
1757 1758
1758 2249
1758 1759
1759 1761
1760 1761
1760 2251
1760 2891
1760 2247
1761 3165
1762 1763
1762 2740
1762 3424
1763 3447
1763 2965
1764 2046
1764 1765
1766 2378
1766 1774
1767 1768
1767 1776
1767 1772
1768 2427
1768 2407
1769 1771
1769 2428
1769 2432
1769 1772
1770 1772
1770 2828
1770 1778
1771 1777
1771 2828
1773 2438
1774 1845
1774 2451
1775 2443
1775 1845
1776 2435
1776 2443
1777 2458
1777 3174
1777 2452
1778 2452
1778 2435
1779 1780
1779 1782
1780 1783
1780 1781
1781 1783
1783 2395
1784 1785
1784 2395
1784 2917
1785 1786
1785 2384
1786 1787
1786 2409
1787 2985
1787 3516
1788 1789
1790 1791
1790 2733
1791 2629
1791 2736
1792 1793
1792 2637
1792 2736
1793 1794
1793 1797
1794 2875
1794 1795
1796 2875
1796 1797
1796 2639
1797 2637
1797 2639
1798 2256
1798 1799
1799 2038
1800 1801
1801 1802
1802 3042
1803 3038
1804 1834
1804 1902
1805 1834
1805 2205
1806 2562
1807 2750
1807 2841
1807 1809
1808 1809
1808 2750
1809 1810
1810 2343
1810 2841
1810 3161
1811 1812
1811 2419
1811 2085
1812 3243
1815 1816
1816 3515
1816 2392
1817 3118
1817 1818
1817 2648
1818 1878
1818 2239
1818 1819
1819 1820
1819 2685
1820 1821
1820 3505
1821 3505
1822 3505
1822 1824
1822 3500
1823 1824
1824 3500
1825 1925
1825 1827
1825 1828
1826 1828
1826 1827
1827 1828
1829 3369
1829 1907
1829 1831
1830 1831
1830 3082
1831 3083
1832 1833
1832 3369
1832 1887
1833 1900
1833 1902
1834 1917
1836 1837
1836 1840
1837 3298
1838 3236
1838 3298
1839 3509
1839 3299
1840 3298
1840 3509
1840 2975
1840 1841
1841 3299
1842 1843
1842 3329
1843 2873
1844 2204
1846 3263
1847 1848
1850 3045
1850 2161
1851 3219
1852 2953
1852 1854
1853 1854
1853 3046
1853 3020
1854 3046
1855 1857
1855 2166
1856 2174
1856 3490
1857 2159
1858 3028
1859 3329
1859 3330
1859 3435
1860 2552
1861 1945
1861 1864
1862 1874
1862 1867
1862 2545
1863 1866
1863 1865
1863 1872
1864 1867
1864 1874
1865 1870
1865 1868
1866 1871
1866 1868
1868 1873
1869 1872
1869 1871
1869 1992
1870 1873
1870 1926
1871 1945
1872 2009
1873 1963
1875 2126
1877 2267
1878 2089
1878 3322
1879 3055
1880 1881
1881 3052
1881 3050
1882 2199
1882 2191
1882 2421
1882 3163
1883 1897
1884 3413
1884 3408
1884 1909
1885 1916
1886 1922
1887 1901
1887 1921
1888 1925
1889 1914
1889 1899
1889 1919
1890 1894
1890 1891
1890 1895
1891 1901
1892 1919
1892 1898
1892 3512
1893 1995
1893 3084
1896 1912
1898 1913
1898 1903
1899 3098
1899 1908
1902 3327
1902 1903
1903 1918
1904 1905
1909 2457
1910 2927
1911 1920
1911 1913
1911 1921
1912 1923
1912 2903
1913 1915
1915 2731
1915 2732
1916 1923
1917 3014
1919 2732
1921 3356
1922 3274
1923 1999
1924 1976
1925 3380
1926 1934
1926 1952
1927 1943
1927 2001
1927 2018
1928 1940
1928 2012
1928 1969
1928 1953
1929 1942
1930 2017
1930 1986
1930 1968
1931 2000
1931 2950
1932 2016
1932 2012
1932 2001
1933 2003
1933 1937
1933 1989
1934 1980
1935 1981
1935 1961
1936 1992
1936 1954
1936 2010
1937 1969
1937 2014
1938 1972
1938 2005
1938 2950
1938 3277
1939 2010
1940 1985
1940 2001
1941 1980
1942 2006
1942 3123
1943 2949
1943 2913
1944 1975
1944 2009
1944 1995
1945 1963
1946 3420
1946 3421
1946 1953
1947 3414
1948 1991
1949 1960
1950 2912
1950 2150
1951 2002
1952 2009
1953 1971
1954 1983
1954 1969
1955 1997
1956 2004
1956 1974
1956 2015
1957 1995
1958 1987
1960 1994
1960 1987
1961 1985
1961 1971
1962 1964
1962 3277
1964 1990
1964 2005
1965 1996
1965 1979
1965 3202
1966 1991
1967 1981
1967 2913
1970 1989
1972 2012
1972 1998
1972 2016
1973 1976
1973 1996
1974 1999
1974 1982
1976 2020
1977 1991
1977 2008
1977 1986
1978 2012
1979 1993
1979 3334
1981 2018
1982 1984
1982 2006
1983 1997
1983 2910
1984 3123
1985 2018
1987 1999
1988 1997
1988 2002
1988 2910
1989 2014
1990 2007
1992 2007
1993 3370
1993 2020
1996 2020
2002 2909
2010 2013
2011 2425
2011 2925
2013 2014
2016 2949
2017 2152
2019 2909
2021 2034
2021 2031
2022 2031
2023 2149
2024 2026
2024 2027
2025 2028
2027 2513
2027 3075
2030 3310
2030 2892
2031 2032
2033 2892
2033 3195
2037 2740
2039 2045
2041 2741
2041 2043
2042 3426
2043 3426
2043 2272
2043 2270
2044 2878
2044 2268
2044 2879
2045 3426
2045 2273
2047 2271
2047 2972
2048 2972
2048 3115
2048 2272
2049 2055
2049 2050
2050 2053
2051 2052
2051 2055
2052 2053
2054 3081
2056 3422
2056 2057
2058 2076
2058 3481
2059 2073
2059 2067
2060 2075
2060 2062
2061 2073
2063 3482
2063 2068
2063 2076
2064 3484
2065 2069
2066 2073
2067 2069
2068 3481
2069 2073
2070 3442
2070 3198
2071 2074
2072 2774
2074 2880
2076 3481
2077 2090
2077 2222
2077 2225
2078 2091
2079 2082
2080 2092
2080 2651
2080 2086
2081 2220
2081 2090
2081 2094
2082 2093
2082 2088
2083 2085
2084 2091
2084 2651
2084 2095
2087 2088
2088 2092
2089 2092
2089 2238
2090 2221
2090 2233
2091 2096
2094 2243
2094 2652
2096 2097
2096 3240
2098 2131
2098 2110
2099 2109
2099 2102
2099 2150
2100 2118
2100 2125
2101 3387
2103 2133
2103 3085
2104 2111
2104 3370
2105 2148
2105 2131
2106 2136
2107 2140
2107 2146
2107 2137
2108 2149
2110 2153
2111 2114
2111 2144
2112 2143
2113 2126
2113 2124
2113 2757
2114 2144
2114 2123
2115 2134
2115 2127
2116 2157
2116 2119
2116 2151
2117 2129
2117 2139
2120 2142
2121 3315
2122 2155
2123 2135
2123 2158
2125 2145
2126 2136
2127 2147
2127 2131
2128 2136
2128 2130
2130 2757
2131 2154
2132 2155
2135 2142
2135 2137
2137 2142
2138 3177
2139 3434
2139 3335
2140 2158
2140 3335
2141 3335
2141 3200
2141 3334
2144 2158
2146 3283
2152 3277
2152 2156
2162 2173
2162 2169
2162 2171
2162 2167
2163 2169
2163 2166
2164 2289
2164 2283
2165 2172
2166 2862
2166 2170
2168 2169
2171 2282
2174 2289
2175 2182
2175 2623
2176 2181
2177 2413
2177 2179
2178 3023
2178 2756
2178 2183
2179 2183
2179 2756
2180 2181
2181 3361
2182 2183
2184 2185
2186 2187
2187 2188
2187 2947
2189 3230
2189 3144
2189 2195
2190 2947
2190 2946
2191 2199
2191 2946
2192 2195
2192 2201
2194 2198
2194 2197
2194 3230
2196 2199
2196 2946
2196 3291
2197 3120
2197 2198
2198 2201
2199 2421
2200 2201
2200 2200
2203 3048
2206 2207
2209 2554
2211 2213
2212 2213
2212 2214
2214 2215
2216 2855
2216 2218
2217 3477
2217 2219
2218 2219
2220 3500
2220 2226
2222 2234
2222 2778
2223 2231
2223 3405
2223 2225
2224 2226
2225 2231
2226 2698
2227 2232
2227 2235
2227 2230
2228 2231
2229 2778
2232 2843
2235 2882
2236 3011
2237 2239
2238 2240
2238 2239
2241 2242
2242 3215
2244 2249
2244 2255
2244 2246
2245 2253
2245 2251
2245 2255
2246 2255
2246 2692
2248 2253
2248 2686
2249 2250
2250 2891
2250 2692
2251 2692
2252 2256
2257 2264
2257 2267
2257 2263
2259 2265
2261 2269
2262 2269
2262 2262
2263 3383
2263 2266
2267 2269
2270 2271
2271 2695
2271 2277
2271 2272
2274 2275
2274 3445
2276 2278
2276 3159
2276 3425
2276 2280
2276 2697
2277 2279
2277 2693
2278 2695
2278 2696
2279 3425
2279 2696
2281 2282
2283 2285
2284 2285
2285 2289
2286 2290
2286 2527
2287 2288
2291 3073
2291 3071
2292 2293
2292 3146
2295 2297
2296 3156
2296 3212
2299 3285
2300 2335
2300 2336
2300 2708
2301 2305
2301 2606
2302 3040
2302 2323
2302 2708
2303 2989
2303 2337
2303 2611
2304 2320
2304 2324
2304 2316
2305 2325
2305 2315
2306 2328
2306 2329
2307 2315
2307 2311
2307 2325
2308 2326
2308 2720
2308 2690
2309 2328
2309 2317
2310 2337
2310 2572
2310 2312
2311 2322
2311 2334
2312 2335
2312 2611
2312 2321
2313 2332
2314 2324
2314 2329
2316 2331
2316 2690
2316 2610
2317 2322
2317 2334
2317 2333
2318 2335
2318 3040
2319 2322
2319 2708
2320 2570
2320 2717
2320 2608
2321 2335
2321 2336
2324 2607
2324 2608
2325 2334
2326 2722
2326 2717
2327 2328
2327 2609
2327 2331
2329 2330
2330 2331
2330 2607
2330 2967
2332 2723
2333 2606
2334 2606
2338 2341
2338 2587
2338 2588
2339 2589
2339 2341
2339 2340
2340 2593
2340 2984
2341 2983
2342 2934
2342 2933
2342 2420
2342 2356
2343 3249
2344 2354
2345 2864
2345 3249
2345 2347
2346 2354
2346 2357
2346 2352
2347 2356
2347 2602
2348 2936
2349 2354
2350 2932
2351 2932
2351 2419
2351 2420
2352 2420
2352 2353
2353 2936
2353 2419
2355 2830
2355 2367
2356 2603
2358 2360
2358 2361
2358 2839
2359 2360
2360 2362
2363 2832
2363 2364
2365 2387
2365 2916
2366 2392
2366 2375
2366 2411
2367 2397
2367 2829
2368 2372
2369 2382
2369 2459
2370 2382
2370 2404
2371 2392
2371 3514
2372 2840
2372 2383
2373 2398
2374 2645
2374 2391
2374 2380
2375 3515
2375 2411
2376 2405
2376 2396
2376 2377
2376 2381
2376 2450
2377 2381
2377 2396
2378 2389
2379 2645
2380 2942
2380 2387
2383 2389
2383 2410
2384 2916
2384 2400
2385 2641
2386 2393
2386 2644
2386 2604
2387 2940
2388 2987
2389 2407
2389 2436
2390 2395
2391 2459
2391 2393
2392 2399
2393 2404
2394 2401
2396 2439
2397 3161
2397 3249
2398 2408
2398 2643
2399 3035
2400 2604
2400 2945
2401 2982
2402 2643
2402 2838
2402 3470
2403 2641
2403 2408
2405 2449
2405 2448
2406 3423
2406 3503
2407 2451
2410 2436
2410 2448
2410 2840
2412 3024
2412 2416
2412 3025
2413 2415
2413 2416
2414 3081
2415 3025
2416 2758
2422 3283
2422 2873
2426 2428
2427 2429
2427 2433
2428 2438
2429 2436
2429 2825
2430 2440
2430 2443
2430 2451
2432 2433
2433 2442
2434 2435
2436 2450
2437 2438
2439 2441
2441 2442
2441 2450
2442 2825
2444 2445
2446 2447
2447 3362
2448 2449
2452 2458
2453 2512
2453 2542
2455 2456
2455 3456
2458 3174
2459 2942
2460 2461
2462 3039
2462 3066
2463 2464
2465 2472
2465 2907
2465 2801
2466 2471
2466 2801
2466 2802
2467 2475
2467 2802
2467 3472
2468 2475
2469 2476
2470 2471
2471 2476
2472 2474
2472 2494
2473 2474
2474 2494
2475 2478
2476 2480
2477 2478
2478 2482
2479 2480
2480 2483
2481 2482
2482 2485
2483 2485
2483 2484
2483 2488
2485 2490
2486 2489
2487 2488
2488 2492
2489 2490
2489 2493
2490 2498
2491 2492
2492 2497
2494 2990
2495 2498
2496 2497
2497 2500
2498 2504
2498 2501
2499 2500
2500 2502
2502 2503
2502 2505
2503 2507
2503 2504
2504 2510
2506 2507
2507 2508
2509 2510
2510 2511
2512 2929
2513 3177
2513 3388
2514 2532
2514 2531
2514 3475
2515 3044
2515 2532
2515 2535
2517 2526
2518 3302
2518 3300
2518 2519
2519 2527
2524 2525
2527 3303
2530 3087
2532 2534
2534 3438
2534 2535
2536 3473
2537 2544
2537 3440
2538 2540
2539 3328
2540 2541
2541 2542
2542 2928
2542 2929
2543 3476
2546 2547
2547 2549
2548 2550
2548 2552
2549 2621
2549 2554
2550 3457
2550 3458
2550 2770
2551 2957
2551 2553
2551 2621
2552 3457
2553 2555
2554 2621
2555 2556
2555 2561
2556 3216
2556 2557
2559 3076
2559 3271
2560 2561
2560 3216
2561 3280
2561 3216
2562 2563
2562 2564
2563 2564
2565 2566
2567 2568
2568 2702
2569 3128
2574 2844
2574 2575
2575 2577
2577 3452
2578 2579
2581 2582
2583 2584
2585 2588
2586 2986
2588 2829
2590 2985
2590 2592
2591 2593
2593 2829
2594 2596
2595 2600
2597 2598
2599 2601
2604 2645
2605 3504
2607 2728
2609 2729
2609 2610
2612 2613
2612 2615
2613 2615
2617 2619
2617 2620
2618 2619
2619 2620
2620 3090
2622 3262
2624 2860
2624 2625
2626 2748
2627 2631
2627 2628
2629 2630
2629 2634
2630 2874
2631 2632
2633 2635
2633 2633
2634 2743
2634 2746
2635 2636
2637 3036
2637 2746
2638 3444
2638 2640
2638 2964
2640 2740
2641 2642
2647 2648
2647 2649
2647 3221
2649 2649
2650 2651
2653 2992
2654 2655
2654 3019
2654 3342
2655 2658
2655 3342
2656 2658
2657 3342
2658 2662
2659 3106
2660 2661
2661 2665
2661 2664
2662 3020
2663 2667
2663 3135
2663 3037
2664 2665
2664 3093
2665 2666
2666 2668
2666 3250
2667 2670
2667 2671
2668 3092
2668 3251
2669 3250
2669 2711
2669 3251
2670 2671
2670 2672
2671 2673
2672 2992
2672 2675
2674 2711
2674 2677
2675 2677
2675 2676
2676 2963
2676 2678
2677 3016
2678 3016
2678 3094
2679 3104
2679 2954
2679 3103
2680 2681
2680 2682
2681 3217
2681 3094
2683 3016
2684 3047
2687 2689
2688 2703
2689 2691
2690 2717
2691 2703
2694 2695
2695 2696
2697 3313
2697 3314
2699 2882
2700 2701
2701 3402
2703 2704
2705 2706
2706 2707
2707 2971
2709 2710
2709 3101
2712 2713
2712 2998
2714 2715
2715 2716
2718 2723
2719 2720
2719 2721
2720 2721
2721 2722
2722 2723
2724 2725
2725 3287
2726 2727
2729 3041
2731 2732
2731 3021
2733 2734
2735 2736
2737 2738
2737 2739
2738 2739
2741 2742
2743 2744
2745 2748
2746 2747
2750 3386
2751 2752
2753 2754
2754 2755
2759 2760
2762 2763
2765 3194
2766 2767
2768 2769
2769 3439
2770 2771
2770 2772
2771 2774
2772 2773
2772 2775
2774 2775
2776 2777
2777 3362
2778 2779
2780 2782
2781 2782
2782 3007
2785 2786
2787 2788
2788 2821
2790 3214
2791 2793
2792 2793
2793 2795
2794 2795
2794 2798
2794 2801
2795 2796
2796 2799
2796 2797
2799 2800
2799 2802
2800 2800
2803 2904
2804 2804
2805 2806
2805 3138
2806 3139
2807 2808
2809 2810
2810 2811
2811 2812
2811 2815
2812 2813
2813 2815
2813 2814
2814 2817
2815 2820
2816 2817
2817 2820
2818 2820
2819 2821
2822 2845
2823 2845
2823 3492
2825 2826
2827 2828
2831 2832
2832 2833
2834 2835
2836 2837
2846 3508
2847 2848
2851 2852
2853 2854
2856 2857
2859 3060
2863 3158
2863 3157
2865 2922
2865 2921
2866 2868
2868 2869
2868 3332
2869 2870
2869 3332
2871 3497
2871 2872
2875 2876
2877 2878
2880 2881
2880 3483
2882 2883
2884 3155
2884 3088
2884 3213
2884 3212
2887 2888
2890 2891
2892 3196
2893 2894
2894 2897
2894 2896
2895 2896
2895 2898
2896 2899
2896 2897
2898 2899
2900 3067
2901 2994
2902 3226
2902 2994
2902 3183
2904 3139
2904 2905
2906 2906
2906 2907
2907 3136
2908 3234
2909 2910
2911 3049
2911 3051
2915 2916
2918 3285
2922 3496
2923 3074
2925 3513
2926 2927
2926 3512
2928 2929
2931 2932
2935 2936
2937 2985
2937 2938
2937 2986
2938 2939
2940 2942
2941 2943
2943 2980
2944 2945
2945 3173
2947 2948
2949 2950
2951 2952
2951 3046
2951 3114
2953 2954
2954 3103
2955 2956
2956 3162
2958 2959
2958 3337
2959 3030
2959 2960
2961 3340
2961 2962
2964 2965
2965 3448
2967 2968
2967 2969
2972 3079
2973 2974
2976 3179
2977 2978
2977 3170
2981 3459
2982 3065
2982 2983
2983 3065
2983 2984
2984 2987
2986 2987
2990 3137
2993 3354
2995 3218
2996 2997
2998 2999
3000 3001
3001 3009
3002 3003
3003 3005
3004 3011
3005 3100
3006 3097
3007 3008
3009 3010
3012 3013
3012 3281
3014 3015
3025 3026
3030 3337
3031 3032
3033 3243
3034 3036
3035 3397
3035 3396
3037 3135
3037 3282
3038 3038
3042 3043
3043 3471
3047 3343
3047 3104
3048 3050
3048 3110
3049 3109
3049 3050
3051 3052
3051 3053
3052 3054
3053 3054
3054 3055
3055 3057
3056 3057
3064 3186
3067 3154
3068 3493
3068 3494
3068 3495
3069 3073
3069 3070
3070 3071
3070 3073
3071 3072
3075 3433
3075 3177
3077 3078
3077 3476
3078 3476
3080 3495
3082 3083
3085 3312
3087 3179
3089 3272
3094 3095
3098 3099
3101 3102
3103 3105
3104 3343
3105 3106
3105 3107
3106 3107
3107 3109
3108 3110
3108 3344
3108 3345
3109 3110
3111 3131
3111 3345
3111 3132
3112 3129
3112 3348
3112 3130
3114 3119
3114 3121
3116 3117
3119 3346
3119 3121
3120 3122
3120 3346
3121 3347
3122 3347
3122 3346
3123 3124
3125 3224
3125 3222
3125 3223
3126 3156
3126 3226
3126 3150
3129 3130
3131 3132
3133 3134
3137 3138
3138 3139
3139 3140
3140 3141
3142 3143
3144 3269
3144 3230
3146 3148
3146 3151
3147 3152
3147 3149
3148 3209
3148 3151
3149 3150
3150 3151
3151 3156
3153 3223
3160 3161
3168 3169
3169 3475
3171 3171
3172 3185
3172 3186
3178 3330
3178 3329
3180 3181
3182 3185
3184 3211
3184 3210
3185 3186
3187 3188
3187 3191
3188 3189
3189 3190
3191 3192
3192 3193
3194 3196
3194 3195
3195 3201
3195 3200
3196 3436
3198 3199
3200 3201
3200 3334
3201 3202
3202 3334
3206 3207
3207 3208
3208 3209
3209 3210
3211 3212
3213 3214
3217 3217
3218 3486
3224 3225
3224 3364
3235 3510
3240 3241
3242 3245
3243 3245
3244 3245
3248 3498
3248 3499
3250 3251
3252 3260
3253 3256
3254 3260
3254 3261
3255 3256
3256 3258
3257 3259
3260 3261
3264 3267
3265 3266
3266 3267
3269 3270
3271 3416
3273 3274
3273 3275
3274 3380
3276 3371
3278 3422
3280 3281
3284 3285
3286 3287
3288 3290
3289 3290
3292 3293
3295 3296
3295 3297
3296 3297
3299 3509
3300 3302
3300 3306
3300 3301
3301 3303
3301 3306
3301 3308
3303 3308
3304 3309
3304 3305
3305 3307
3305 3309
3306 3307
3308 3309
3310 3417
3315 3368
3316 3317
3323 3458
3324 3326
3324 3325
3327 3369
3330 3435
3334 3370
3336 3339
3337 3339
3338 3339
3343 3344
3344 3345
3347 3348
3350 3351
3350 3352
3355 3356
3356 3357
3357 3359
3357 3358
3372 3375
3373 3375
3374 3375
3375 3376
3376 3377
3377 3378
3379 3380
3381 3382
3382 3391
3383 3384
3387 3391
3387 3388
3389 3391
3389 3390
3390 3393
3390 3391
3390 3392
3392 3393
3396 3397
3398 3516
3399 3400
3399 3401
3400 3401
3401 3404
3402 3403
3405 3406
3406 3406
3408 3409
3409 3413
3410 3412
3410 3411
3411 3412
3417 3418
3417 3419
3423 3515
3423 3503
3428 3429
3429 3431
3430 3431
3431 3432
3434 3435
3436 3466
3437 3473
3437 3438
3439 3469
3446 3447
3447 3448
3448 3449
3450 3451
3459 3498
3460 3463
3461 3462
3462 3463
3467 3469
3467 3468
3468 3469
3470 3471
3478 3479
3482 3483
3487 3488
3491 3492
3493 3494
3496 3497
3498 3499
3506 3507
3510 3511
