0 1319
0 685
0 691
0 1318
1 369
1 368
1 2
2 3
2 350
3 350
3 387
4 1388
4 106
4 1386
4 1387
5 830
5 94
5 974
5 829
6 111
6 1153
6 7
7 14
7 8
8 15
8 16
9 16
9 830
9 771
9 1320
10 99
10 832
10 102
11 913
11 100
11 24
11 13
12 101
12 23
12 913
13 23
13 17
13 770
14 1057
14 22
15 770
15 16
16 829
17 22
17 18
19 54
19 20
19 58
21 22
23 913
24 37
24 25
25 1302
25 26
26 1036
26 1211
26 82
27 802
27 31
27 38
27 28
28 81
28 120
29 43
29 39
29 30
30 1302
30 31
31 1302
32 45
32 33
32 34
32 43
33 42
33 46
34 436
34 437
35 50
35 1485
35 1337
36 1338
36 58
36 1169
37 119
37 100
38 915
38 914
38 812
38 916
39 802
39 42
40 41
40 49
40 399
40 433
41 46
41 44
41 47
42 43
42 75
44 72
44 399
45 47
45 49
46 48
47 48
49 1337
50 433
50 404
50 70
50 1142
51 1485
52 809
52 55
52 70
53 69
53 55
53 809
54 124
54 69
55 56
56 57
56 59
57 60
57 1169
58 67
59 68
59 60
60 67
61 62
61 115
61 1152
62 63
62 115
63 1151
63 112
64 1153
64 117
64 1151
65 111
65 1152
65 1153
66 1152
66 124
66 111
67 68
68 69
69 810
70 71
71 899
71 808
72 75
72 811
73 74
73 1056
73 399
73 411
74 811
74 80
74 79
75 812
76 77
76 79
76 130
77 79
77 130
78 1069
78 79
78 125
80 800
80 125
81 121
81 1211
82 1034
82 1049
83 1049
83 85
83 84
83 86
84 109
84 380
85 464
85 465
86 109
86 87
87 90
87 395
88 97
88 96
88 832
89 1034
89 90
89 91
90 105
90 1358
91 95
91 105
92 93
92 1512
92 1514
93 973
93 976
93 1516
94 976
94 1397
95 96
95 1511
96 832
97 1514
97 1397
98 103
98 100
98 99
98 101
99 833
99 834
101 771
102 103
102 119
103 104
105 1389
106 1511
106 1389
107 467
107 470
107 108
108 1389
108 469
110 1071
110 395
110 1358
112 831
112 1151
113 751
113 114
113 132
114 118
114 752
115 116
116 364
116 362
117 118
117 829
118 831
119 1036
120 121
120 914
121 970
122 897
122 123
122 438
122 445
123 912
123 1481
124 810
125 453
126 128
126 127
126 836
127 398
127 415
127 430
128 836
128 1068
128 1070
129 1391
129 406
129 414
130 1068
131 139
131 751
131 253
132 972
132 248
132 974
133 134
133 363
133 362
133 366
134 135
134 804
135 158
135 750
135 806
136 161
136 157
136 158
136 137
137 887
137 162
137 165
138 750
138 139
138 161
139 1249
140 1244
140 1316
140 1245
140 1247
140 1248
141 1253
141 142
141 166
141 1252
142 189
142 1253
143 189
143 151
143 144
144 1489
144 186
145 768
145 588
145 626
146 480
146 610
146 605
146 607
147 570
147 609
147 481
148 567
148 481
149 1489
149 1330
149 1488
150 151
151 1252
152 1252
152 156
152 1250
153 1354
153 612
153 941
154 1230
154 1258
154 1315
155 601
155 896
155 1230
156 1231
156 894
156 164
156 887
157 805
157 158
159 160
159 1356
159 803
160 1353
161 162
162 163
163 164
163 1246
164 167
164 887
164 1231
164 1242
166 1251
166 1244
166 1254
167 1250
167 1242
167 1231
168 169
168 252
168 942
169 170
169 259
170 171
170 255
171 172
171 188
172 173
172 185
173 174
173 182
174 942
174 175
175 178
175 784
176 1145
176 177
176 1256
177 783
177 948
178 182
178 179
179 181
179 1474
180 204
180 192
180 1474
181 194
181 182
181 192
183 184
183 189
183 190
183 186
184 188
184 185
185 187
186 769
186 187
187 194
188 1253
191 209
191 1082
191 207
192 195
192 984
193 769
193 195
193 194
195 1408
195 207
196 200
196 197
196 1408
197 981
197 201
197 198
198 980
199 200
200 1407
201 1440
201 980
202 206
202 980
202 203
203 205
203 983
204 986
204 210
206 754
206 245
207 885
207 208
208 879
208 209
209 769
210 247
210 1448
211 218
211 951
211 216
212 213
213 214
213 218
214 1424
214 215
215 216
215 217
216 217
217 1516
218 219
220 991
220 242
220 989
221 224
221 821
222 1006
222 223
222 231
223 238
223 548
223 225
224 225
226 906
226 903
226 902
227 228
227 1218
227 1029
228 1031
229 1215
229 232
229 230
230 1032
230 1214
231 239
231 995
232 233
232 236
233 233
234 235
235 236
235 995
236 237
237 237
238 1409
238 241
238 243
239 993
239 1409
240 988
240 821
241 987
241 988
242 243
242 1460
242 1030
243 991
243 987
244 1460
244 1471
245 1262
246 1470
246 1471
246 1262
247 1255
247 793
248 1235
248 249
248 783
249 1233
249 253
249 1232
250 251
250 1233
250 1234
251 252
251 256
251 259
252 1232
252 1257
253 1234
254 258
254 1247
254 256
255 1254
255 258
256 257
257 259
257 258
260 389
260 461
260 462
261 295
261 1385
261 1383
262 628
262 656
262 696
262 1162
263 1405
263 1461
263 1385
264 294
264 296
264 1461
265 852
265 638
265 1179
265 1461
266 293
266 645
266 294
267 301
267 1101
267 1099
268 1105
268 661
268 1103
269 1382
269 270
269 1384
270 335
270 274
270 275
271 1119
271 637
271 1352
271 272
272 1345
272 1344
273 638
273 633
273 274
273 1464
274 334
275 277
275 276
276 281
276 278
277 280
277 278
278 279
279 280
279 1500
280 1499
281 335
281 323
282 1500
282 1301
282 849
283 1374
283 853
283 835
284 853
284 849
284 285
285 288
285 287
286 1499
286 287
286 1301
287 849
288 655
288 1238
288 835
289 1052
289 835
289 1051
290 1053
290 1052
290 291
291 627
291 292
292 1186
292 923
293 651
293 815
294 297
295 297
295 299
296 297
296 1405
297 298
299 300
299 1096
301 301
302 1164
302 319
302 1163
303 310
303 304
303 319
303 1201
304 1369
304 746
305 742
305 737
305 306
306 741
306 307
307 1323
307 1067
308 1491
309 321
309 315
309 1490
310 315
310 317
311 314
311 312
311 321
312 1377
312 313
313 1345
313 1464
315 319
315 316
316 318
316 317
317 1372
320 1118
320 861
321 322
322 424
322 422
323 327
323 333
323 431
324 1377
324 1378
324 629
325 326
325 421
325 328
326 327
326 332
327 424
328 329
328 331
330 421
330 331
330 427
331 332
332 333
333 427
334 632
334 335
336 339
336 697
336 1130
336 1333
337 373
337 351
337 1333
338 460
338 1166
338 339
339 340
340 697
340 1132
341 1400
341 1399
341 1402
342 672
342 1402
342 1401
343 350
343 1483
343 348
343 349
344 385
344 345
344 1140
345 353
345 354
345 383
346 1140
346 354
346 1400
347 459
347 477
347 387
347 1140
348 671
348 837
349 837
349 350
349 1241
351 352
351 367
352 354
352 374
352 353
353 358
353 357
355 382
355 393
355 381
355 358
356 357
356 378
356 379
356 1172
357 376
357 381
358 383
359 468
359 476
359 459
360 441
360 361
360 365
361 366
361 795
362 363
362 1480
363 1480
363 366
364 1481
364 899
364 1480
365 366
365 912
365 1481
367 673
367 697
368 369
368 678
369 1241
369 370
370 1303
370 371
371 844
371 478
371 676
372 373
372 375
372 377
373 374
374 376
375 376
375 1172
377 466
377 1131
378 380
378 381
379 380
379 464
379 1171
382 383
382 384
384 1074
384 475
386 1074
386 476
386 388
387 1423
387 679
389 390
389 463
390 1171
390 461
390 464
391 393
392 471
392 393
392 394
394 471
394 395
394 1072
396 1310
396 1056
396 1055
396 1144
397 402
397 443
397 401
398 406
398 937
398 1063
399 1395
400 1143
400 405
400 404
401 402
401 1143
402 403
403 1141
403 445
404 1142
405 434
405 1143
406 1450
407 701
407 772
407 924
408 1451
408 924
408 925
409 934
409 454
409 1035
410 1035
410 455
410 454
411 1309
411 414
412 1147
412 434
412 1144
413 1147
413 1450
413 1148
414 1148
415 1374
415 426
415 1050
416 1066
416 432
416 1065
416 419
417 1066
417 418
417 420
418 419
418 1064
418 732
418 1065
419 1065
419 1064
419 1063
419 1062
420 1417
420 421
422 423
422 1060
422 424
423 425
423 1060
424 1378
426 431
426 429
427 428
428 429
428 432
429 431
429 430
430 432
433 1395
433 434
434 435
435 1055
435 1395
436 1337
436 1340
437 1343
438 1088
438 1146
439 440
439 807
439 441
440 441
442 1419
442 1088
442 444
442 443
443 703
444 1236
444 447
445 1420
446 704
446 1432
446 1237
447 448
448 450
448 451
449 888
449 451
449 450
451 452
453 923
453 627
454 1452
455 700
455 456
456 457
456 938
458 1452
458 699
459 477
460 466
460 1130
460 1160
461 466
462 1039
462 1211
463 464
463 465
465 1039
467 470
467 469
468 469
468 470
469 483
470 1071
471 472
472 1072
472 1073
473 1073
473 1074
473 474
474 1073
474 475
476 477
479 841
479 1122
479 843
480 1427
480 481
482 1427
483 485
483 487
483 1028
484 485
484 487
484 490
485 493
486 1027
487 1027
488 489
488 953
488 491
489 490
491 492
491 494
491 495
492 953
492 796
493 494
493 679
494 1421
495 516
495 680
495 496
496 511
496 515
497 515
497 1083
497 952
498 792
498 501
498 499
498 1084
499 508
499 513
500 1084
500 889
500 1502
501 502
501 1084
502 1492
502 792
503 504
503 553
503 1492
504 505
504 552
505 506
505 799
506 1502
506 799
507 528
507 526
507 525
508 509
508 510
509 1085
509 512
510 520
510 512
511 512
511 517
511 513
512 518
513 515
514 527
514 526
514 1040
516 527
516 517
517 518
518 521
519 1005
519 902
520 538
520 889
521 522
521 524
523 524
524 527
524 526
528 529
528 1209
528 1261
529 1305
529 1210
530 681
530 1317
530 682
530 1041
531 1210
531 531
532 1307
532 534
532 533
533 1308
533 1304
534 1307
534 1260
535 536
536 538
536 1305
537 538
539 540
540 1412
540 1413
541 1413
542 543
542 826
542 828
543 546
543 799
544 883
544 1006
544 884
545 546
546 883
547 826
547 549
548 551
548 903
548 904
549 1013
549 1006
550 551
551 1004
552 553
552 1000
553 949
554 555
554 1224
554 558
555 1150
555 563
556 557
556 758
556 1150
557 558
557 562
558 562
559 1267
559 567
559 569
559 570
560 757
560 758
561 757
561 577
561 571
561 1223
562 565
563 900
563 1150
564 583
564 901
564 1225
564 1445
565 569
565 566
565 595
566 756
566 755
566 572
567 568
569 1459
570 608
570 1225
571 572
571 1508
572 757
573 574
573 1509
573 1223
574 576
574 624
575 756
575 759
575 1509
576 577
576 1444
577 1443
578 579
578 625
578 623
579 581
579 1446
580 581
581 582
582 1447
582 583
583 625
583 584
584 597
584 1226
585 586
585 1226
585 598
586 1227
586 587
587 604
587 626
587 1269
588 1269
588 1429
589 590
589 765
589 594
590 591
590 595
591 592
591 595
592 593
592 755
593 594
593 596
594 596
596 1178
597 598
597 599
598 600
599 619
599 620
600 602
600 614
601 602
601 613
602 766
603 606
603 604
603 1227
604 605
605 1429
606 608
606 607
607 609
608 609
611 891
611 1441
611 612
612 615
612 1430
613 1258
613 616
614 616
614 621
614 622
615 617
615 616
615 1441
617 625
617 1185
617 618
618 620
618 621
619 622
619 620
620 621
621 622
623 624
623 1185
624 1505
624 1503
626 766
627 1050
628 1054
628 1161
628 655
629 633
629 630
630 631
630 632
632 1376
633 635
634 635
635 636
636 636
637 1117
638 1384
638 1181
639 652
639 646
639 852
640 642
640 649
640 651
641 642
642 652
642 643
643 644
643 648
643 647
644 650
644 645
645 646
646 647
647 652
648 649
648 650
649 650
651 850
653 654
654 1089
654 658
655 656
655 1382
656 657
656 1392
657 666
657 1089
658 1469
658 1091
659 1094
659 1404
659 1091
660 1116
660 661
660 813
661 813
662 663
663 696
663 666
664 844
664 841
664 677
665 1121
665 1425
665 839
666 1479
667 670
667 672
667 675
667 1402
668 675
668 839
668 669
669 676
669 670
670 671
671 672
673 674
673 1399
674 675
674 839
676 677
677 1425
678 682
678 1133
679 680
680 1041
681 1423
681 682
682 1260
683 1304
683 1318
683 686
683 1260
683 684
684 685
684 689
685 1318
685 689
685 1135
686 691
686 1318
687 692
687 694
687 961
688 694
688 1136
688 1303
688 1319
689 1133
690 1403
690 691
690 956
691 1319
692 957
692 693
694 958
695 958
696 1132
697 1132
698 943
698 1381
698 699
699 700
700 1501
701 702
701 773
702 704
702 703
703 704
705 1380
705 825
705 706
706 825
706 1451
707 708
708 718
709 720
710 1193
710 726
710 727
711 715
711 945
711 718
712 715
712 725
712 1193
713 716
713 722
713 723
714 824
714 1364
714 729
715 1364
716 725
716 717
716 723
717 719
717 722
718 721
719 721
719 720
720 721
722 1168
722 1359
723 724
724 1362
724 726
725 726
727 728
727 729
727 1229
728 1212
728 744
728 1367
729 1193
729 1299
730 1062
730 736
730 1064
731 940
731 939
731 1326
731 1327
732 733
732 1324
733 734
733 1373
734 1228
734 736
734 1311
735 736
737 1368
737 743
738 1311
738 936
739 740
739 1229
739 741
741 744
743 746
743 744
745 746
745 1367
745 1201
747 854
747 855
747 1312
748 947
748 1275
748 855
749 1278
749 1292
749 1212
749 1289
750 751
753 1239
753 1456
755 760
756 1508
759 760
759 878
760 761
761 1170
761 1081
762 1170
762 868
762 1038
763 863
763 875
763 1219
764 864
764 790
764 791
765 1456
765 1189
766 767
767 1428
767 768
768 1329
768 879
770 771
772 1380
773 774
774 1494
775 778
775 776
776 1167
777 779
777 780
777 1381
778 943
778 779
779 1381
781 1502
782 889
783 784
783 942
784 1256
784 1255
785 786
785 873
786 1149
787 789
787 871
787 1149
788 790
788 871
789 873
789 865
790 864
791 1328
792 1083
793 994
793 996
793 1002
794 804
794 795
796 952
796 1504
797 798
797 952
797 950
800 918
800 916
800 919
801 920
801 919
801 1186
803 1353
803 1354
804 806
805 893
805 806
807 1086
807 912
808 809
808 810
811 812
813 819
814 820
814 1116
814 955
815 955
815 816
816 1127
816 979
817 820
818 819
819 1106
820 1113
821 990
822 866
822 1037
823 824
826 827
827 828
827 1137
828 1412
830 1320
831 944
832 1398
833 1320
833 834
834 1398
836 1069
837 1241
838 846
838 843
840 841
840 842
840 844
843 846
845 847
845 1121
846 964
847 1122
848 851
850 851
850 852
851 1124
853 1238
854 855
856 861
856 857
857 859
858 1195
858 860
859 1279
860 1313
862 877
862 870
862 863
863 865
863 875
864 875
864 1328
866 1328
867 876
867 878
867 872
868 1175
868 911
869 872
869 1081
870 874
872 876
874 877
876 878
879 1330
880 1038
881 1219
882 883
885 1407
885 886
888 1086
888 1087
890 891
890 1507
892 898
892 896
892 894
893 1356
893 898
894 896
895 898
897 1141
897 899
900 901
903 904
904 1005
905 906
907 1037
907 1176
907 910
908 1178
908 1188
908 909
909 1175
909 910
910 1174
910 1176
911 1173
911 1174
915 917
915 921
916 917
917 918
917 920
918 920
918 919
920 921
921 1187
922 923
924 928
925 926
925 927
926 928
926 927
927 929
928 930
929 931
929 934
930 935
930 933
931 934
931 932
932 936
932 1334
933 1334
933 935
935 937
936 1336
936 1035
937 1467
938 1191
938 1168
939 1191
939 940
940 1325
940 1228
941 1315
941 1314
946 1278
948 949
948 1487
949 1487
950 951
950 1487
951 1504
953 1504
954 955
956 957
956 1403
957 961
958 959
960 1403
960 966
960 962
961 962
962 967
963 964
964 965
965 1415
965 968
966 967
967 969
968 969
970 971
970 1154
971 1157
971 1154
972 973
972 975
973 1080
974 975
975 976
977 1128
977 1129
977 1125
978 979
978 1129
981 985
981 984
982 983
983 985
984 986
985 986
987 1031
988 990
989 991
989 1032
990 992
993 993
994 997
994 1216
995 998
996 1331
996 1009
998 1003
998 1217
999 1486
999 1009
999 1000
1000 1332
1001 1002
1002 1008
1003 1518
1003 1008
1004 1007
1004 1436
1005 1011
1007 1010
1007 1013
1008 1437
1009 1014
1012 1438
1012 1477
1012 1017
1013 1016
1014 1017
1014 1437
1015 1019
1016 1021
1016 1022
1017 1018
1018 1518
1018 1439
1019 1022
1020 1022
1020 1020
1023 1024
1024 1026
1024 1025
1025 1026
1025 1027
1026 1028
1028 1388
1029 1031
1029 1030
1030 1031
1032 1033
1034 1036
1037 1189
1038 1081
1039 1049
1040 1046
1040 1048
1041 1042
1042 1495
1042 1043
1042 1047
1043 1044
1043 1046
1044 1045
1044 1046
1047 1048
1047 1498
1048 1261
1050 1051
1051 1052
1055 1056
1058 1059
1058 1417
1058 1060
1061 1101
1062 1063
1065 1066
1067 1324
1067 1322
1068 1069
1068 1070
1070 1391
1071 1072
1075 1077
1076 1077
1076 1078
1076 1235
1077 1078
1078 1079
1079 1080
1080 1235
1083 1492
1086 1087
1087 1146
1088 1146
1089 1090
1091 1092
1092 1095
1092 1093
1094 1095
1094 1097
1095 1098
1096 1099
1096 1107
1097 1100
1097 1102
1099 1109
1100 1104
1100 1105
1101 1103
1103 1108
1105 1111
1107 1107
1108 1108
1110 1111
1111 1442
1112 1113
1113 1114
1115 1116
1118 1119
1120 1352
1120 1180
1120 1182
1121 1479
1122 1123
1124 1128
1124 1125
1125 1127
1126 1128
1127 1129
1130 1131
1131 1333
1133 1134
1134 1135
1134 1136
1135 1136
1135 1319
1137 1138
1138 1139
1140 1483
1141 1142
1144 1310
1144 1309
1145 1332
1145 1331
1147 1148
1154 1187
1155 1186
1155 1187
1155 1156
1156 1157
1156 1158
1157 1159
1158 1159
1158 1161
1159 1160
1160 1166
1161 1162
1162 1166
1163 1165
1164 1282
1164 1197
1164 1198
1165 1279
1167 1168
1169 1485
1170 1175
1171 1172
1173 1219
1173 1174
1176 1188
1177 1321
1177 1434
1178 1259
1179 1183
1179 1181
1180 1181
1180 1182
1182 1184
1183 1184
1183 1463
1184 1462
1185 1441
1188 1189
1190 1361
1190 1192
1191 1192
1194 1272
1195 1272
1195 1200
1196 1198
1197 1205
1197 1288
1198 1200
1198 1199
1199 1199
1201 1208
1202 1286
1203 1286
1203 1208
1203 1206
1204 1205
1205 1285
1207 1208
1209 1210
1209 1496
1212 1213
1214 1215
1214 1216
1215 1217
1216 1217
1220 1221
1220 1222
1220 1509
1221 1222
1221 1508
1222 1223
1224 1266
1224 1225
1226 1227
1228 1325
1229 1327
1230 1314
1232 1233
1233 1234
1236 1237
1239 1459
1239 1240
1242 1245
1242 1251
1243 1244
1243 1247
1243 1254
1244 1245
1245 1246
1246 1249
1247 1316
1248 1249
1248 1316
1250 1251
1253 1254
1255 1256
1258 1315
1260 1304
1261 1496
1263 1430
1264 1266
1265 1267
1266 1267
1268 1269
1270 1276
1271 1379
1271 1272
1272 1396
1273 1379
1274 1275
1275 1276
1275 1277
1276 1277
1278 1296
1280 1282
1280 1281
1282 1283
1284 1285
1285 1294
1286 1287
1289 1291
1290 1291
1291 1292
1292 1293
1295 1296
1295 1300
1295 1299
1296 1297
1298 1299
1305 1306
1306 1307
1306 1308
1309 1310
1312 1453
1312 1433
1313 1454
1314 1315
1317 1317
1322 1482
1322 1324
1325 1326
1326 1327
1329 1488
1329 1330
1331 1332
1334 1335
1338 1340
1338 1339
1339 1520
1339 1341
1340 1341
1341 1519
1342 1484
1342 1519
1342 1520
1343 1484
1343 1343
1345 1346
1346 1348
1346 1347
1348 1350
1348 1349
1350 1352
1350 1351
1354 1355
1355 1356
1357 1358
1359 1361
1359 1362
1360 1363
1361 1362
1363 1364
1363 1365
1366 1367
1368 1369
1368 1371
1369 1372
1370 1371
1371 1372
1374 1375
1377 1378
1382 1383
1383 1393
1384 1385
1386 1388
1386 1515
1387 1515
1387 1512
1390 1391
1392 1468
1392 1393
1393 1394
1397 1398
1399 1400
1400 1401
1401 1402
1405 1406
1407 1408
1409 1410
1410 1410
1411 1412
1413 1414
1415 1416
1417 1418
1422 1423
1425 1426
1427 1429
1431 1432
1432 1494
1433 1435
1433 1434
1435 1453
1443 1445
1443 1444
1444 1446
1445 1447
1446 1447
1448 1449
1448 1470
1450 1466
1451 1452
1453 1454
1455 1457
1455 1456
1457 1458
1458 1459
1460 1475
1464 1465
1470 1472
1471 1473
1474 1476
1478 1479
1480 1481
1484 1484
1488 1489
1490 1491
1493 1494
1496 1497
1499 1500
1503 1507
1505 1506
1510 1511
1510 1512
1510 1513
1512 1513
1513 1514
1515 1516
1517 1518
1519 1519
1520 1520
