0 1
0 3446
0 116
1 1848
1 1947
2 1943
2 1807
2 1911
3 3261
3 1184
3 1166
3 1143
4 1742
4 1752
4 1753
5 118
5 3417
5 3418
6 4267
6 4268
6 3411
7 221
7 8
7 9
8 3222
8 1867
9 217
9 218
10 11
10 26
10 3218
11 12
11 3725
12 143
12 13
13 14
13 15
14 217
14 17
15 144
15 145
16 139
16 146
16 215
17 146
17 199
18 215
18 4251
18 147
19 216
19 20
19 4251
20 147
20 21
22 2657
22 2656
22 2659
23 147
23 142
23 24
24 2660
24 4128
25 3623
25 198
25 953
26 27
26 3623
27 155
27 138
28 139
28 2660
29 3988
29 154
29 2655
30 157
30 35
30 3633
31 32
31 33
31 3783
32 35
32 33
33 3784
34 202
34 4132
34 4134
35 3632
36 1071
36 3781
36 2607
37 3637
37 3342
37 3606
37 38
38 3326
38 3328
39 3318
39 4194
39 3851
40 1181
40 1116
40 3833
41 3551
41 3552
41 223
41 517
42 4188
42 3133
42 4004
43 4187
43 298
43 531
44 3119
44 45
44 531
45 531
45 3367
46 1006
46 3367
46 3368
47 3139
47 515
47 512
48 3607
48 49
48 711
49 115
49 50
50 528
50 709
51 708
51 710
51 3609
52 709
52 3140
52 3605
53 3679
53 1387
53 914
54 1357
54 1360
54 1356
55 3422
55 169
55 3421
55 3426
56 2110
56 2098
56 1855
57 2093
57 2098
57 2116
58 1692
58 1707
58 1639
59 62
59 4200
59 60
59 167
60 1639
60 61
60 165
61 4199
61 62
61 2252
62 2229
62 2184
63 2240
63 2371
63 64
64 68
64 3645
65 615
65 2371
65 600
66 67
66 68
67 3141
68 2371
69 617
69 2691
69 3647
70 2177
70 3456
70 3823
71 124
71 72
71 76
72 3102
72 3765
73 3102
73 4192
73 3765
74 797
74 3302
75 3097
75 800
75 3305
75 3844
76 231
76 1459
77 127
77 230
77 3304
78 3748
78 127
78 3574
79 791
79 3407
79 3404
80 3113
80 2268
80 590
81 3183
81 3180
81 973
82 970
82 2692
82 969
83 3189
83 4087
83 976
84 969
84 85
84 3146
86 2695
86 794
86 3124
87 967
87 3382
87 4089
88 89
88 967
88 4064
89 2745
89 3381
90 91
90 669
90 3381
91 3382
91 669
92 3940
92 985
92 2745
92 3379
93 94
93 2753
93 3377
94 3372
94 95
95 96
95 3642
96 179
96 180
97 3377
97 536
97 551
98 99
98 179
98 178
99 980
99 178
100 189
100 101
100 103
101 174
101 102
102 103
102 3371
103 3154
104 3376
104 3956
104 920
105 3707
105 106
105 122
107 3998
107 108
107 1837
108 3996
108 3467
108 1841
109 1148
109 1156
109 664
110 1058
110 1066
110 1055
111 3999
111 3670
111 1073
112 4270
112 711
112 710
113 4270
113 294
113 297
114 710
114 708
114 706
115 706
115 711
116 117
116 1918
117 1873
117 3439
117 3458
118 1941
118 164
119 1921
119 663
119 1901
120 1916
120 1873
120 1896
121 660
121 1867
121 3785
122 3849
123 4288
123 1269
123 1262
124 1592
124 3821
125 126
125 2699
126 3749
126 1459
127 3573
128 2627
128 2648
129 2610
129 3112
129 2641
130 3254
130 2375
130 3255
131 565
131 686
131 3254
132 2016
132 2028
132 2038
133 2027
133 1129
133 1987
134 1145
134 1129
134 2027
135 1048
135 2701
135 1088
136 1006
136 3136
136 3135
137 197
137 953
137 138
138 158
140 4128
140 154
140 141
141 142
141 4127
142 4127
143 3725
143 215
144 145
144 146
145 148
148 954
148 198
148 3145
149 4129
149 4130
149 150
150 3987
150 151
151 956
151 4016
152 4130
152 959
152 153
153 3952
153 3986
154 4128
155 2684
155 158
156 159
156 157
156 2672
157 2676
158 2682
159 959
159 160
160 161
160 959
161 3635
161 4176
162 163
162 911
162 912
163 382
163 4071
163 3942
164 1857
164 1836
165 1653
165 3750
166 168
166 4198
166 4200
167 4200
167 1661
168 2223
168 4198
169 4203
169 3425
170 3786
170 3420
170 4103
171 3849
171 3156
172 3115
172 3723
172 3116
172 3151
173 3371
173 176
173 3723
174 176
174 3372
175 3156
175 3155
175 3373
176 3370
177 178
177 181
177 979
179 180
180 551
181 182
181 979
182 183
182 977
183 978
183 977
184 3953
184 185
184 3955
185 977
185 3954
186 3721
186 3720
187 3954
188 4277
188 3957
188 4278
189 3642
189 190
190 3374
190 3642
191 3976
191 739
192 3105
192 3208
192 193
193 4090
193 984
194 195
194 983
194 4090
195 539
195 553
196 3374
196 3583
196 712
197 954
197 953
198 199
199 3623
200 203
200 201
200 2679
202 2680
202 4132
203 2683
203 204
204 205
204 3207
205 3160
205 3144
206 3627
206 209
206 2306
207 963
207 3630
207 3629
208 3631
208 3639
208 3630
209 2318
209 3639
210 211
210 4005
210 963
211 2669
211 212
212 213
212 2669
213 214
213 4009
214 4008
214 960
217 218
218 3636
219 2070
219 3636
219 220
220 3880
220 3881
221 277
221 222
222 3415
222 283
223 3551
223 1260
224 3549
224 3551
224 3846
225 1200
225 3851
225 3547
225 4185
226 517
226 510
226 465
227 459
227 467
227 484
227 229
228 510
228 511
228 3984
229 470
229 472
229 477
230 3305
230 800
230 3297
231 3102
231 232
232 3102
232 1519
233 234
233 566
233 1291
234 239
234 235
235 236
235 239
236 3797
236 237
237 566
237 238
238 1296
238 3797
239 240
240 241
240 245
241 242
241 245
242 3542
242 243
243 244
243 3542
244 245
244 1257
246 1591
246 1587
246 3802
247 3354
247 727
247 3352
248 258
248 259
248 249
249 250
250 3640
250 251
250 258
251 1323
251 252
251 3887
253 3825
253 3570
253 3568
254 1414
254 1402
254 1446
255 1399
255 1391
255 1389
256 2302
256 1389
256 1399
257 839
257 3640
257 258
257 1325
259 1328
259 3575
260 3569
260 262
260 3742
261 2497
261 1500
261 262
262 3566
263 3376
264 4191
264 1297
264 1270
264 3879
265 1330
265 1315
265 1310
266 267
266 1326
266 1332
268 1302
268 269
268 272
270 1329
270 3887
270 271
271 3886
271 1329
272 3886
272 1316
273 1302
274 3868
275 3172
276 531
276 3366
276 3136
277 2054
277 278
278 2058
278 283
279 2059
279 280
279 2058
280 2078
280 281
281 2070
281 4269
282 4068
282 284
282 2122
282 4069
283 2042
284 946
284 945
285 286
285 3667
285 3668
286 2729
286 287
287 288
287 3930
288 942
288 289
289 3667
289 661
290 3608
290 3992
290 361
290 365
290 3610
291 2301
291 292
291 364
292 533
292 364
292 1094
293 534
293 535
293 347
293 911
294 295
294 307
295 371
295 296
296 307
296 308
297 307
298 3367
298 3120
299 3187
299 3386
299 3387
300 3126
300 4272
300 3187
301 4272
302 3995
302 303
302 3700
303 526
303 3700
304 3700
304 305
304 3699
305 3661
305 3699
306 3702
306 3661
306 3662
308 309
308 373
309 3854
310 311
310 513
310 3139
311 4073
311 312
313 314
314 404
314 315
315 316
315 404
316 317
316 318
317 321
317 322
319 320
320 321
320 406
321 325
322 3118
322 412
322 323
323 3120
323 514
323 3654
324 325
324 409
324 412
325 4271
326 327
326 407
326 4271
327 328
327 337
328 329
328 330
329 3982
329 337
329 395
329 408
330 331
330 3979
330 408
332 335
333 334
333 398
333 399
334 401
334 405
335 406
335 407
336 407
337 441
337 451
338 343
338 339
338 423
338 432
339 340
339 415
340 4002
340 431
341 443
341 447
341 3599
342 3726
342 4002
342 428
343 430
343 427
343 3923
344 350
344 346
344 345
345 3942
345 351
346 913
346 347
347 911
348 352
348 351
348 360
349 356
349 353
349 360
349 354
350 352
350 3884
350 351
352 359
353 359
353 363
354 355
354 367
354 368
355 4033
355 373
355 356
356 357
357 358
358 4033
358 379
359 360
361 367
361 363
361 3855
362 3992
362 3989
362 3990
363 3991
363 3884
364 3989
365 3855
365 366
366 369
366 3856
367 3856
368 371
368 373
369 370
370 4270
371 372
373 374
374 375
374 377
374 3157
375 376
375 3835
376 4072
376 3854
377 383
377 4033
378 379
379 380
380 381
380 4000
381 383
381 382
382 384
383 384
384 3157
385 3096
385 3951
386 3951
387 388
387 3951
388 389
388 394
388 3096
389 390
389 393
390 391
390 396
391 402
391 392
392 393
392 400
393 3096
394 396
394 395
396 3980
397 487
399 401
399 402
400 401
400 404
402 403
404 405
405 406
408 3980
409 4271
409 3599
409 411
410 3321
410 532
410 535
411 447
411 441
412 3994
413 4018
413 414
413 416
414 418
414 420
415 422
415 4002
416 3600
416 417
417 425
417 418
417 3600
418 419
419 421
419 420
420 422
421 423
421 422
423 424
425 426
425 3858
426 3193
426 445
427 428
427 2040
427 431
428 3924
429 431
430 432
430 433
432 434
433 435
433 434
433 436
434 3192
435 3875
435 436
436 437
437 445
437 438
438 442
438 439
439 442
439 444
439 440
440 446
440 469
440 3934
441 469
442 474
443 3858
443 446
444 446
444 445
444 3858
447 448
449 3926
449 451
449 468
450 919
450 452
451 452
452 453
454 455
454 3927
455 458
455 484
456 3927
456 457
456 460
457 458
457 461
458 482
458 463
459 482
459 478
460 461
460 3800
461 485
462 3800
463 511
463 485
464 485
465 478
465 480
465 481
466 3921
466 468
466 469
467 473
467 3921
468 484
470 471
470 1993
471 4017
471 472
472 519
472 4147
473 474
473 3934
474 1993
474 3934
475 476
475 517
475 519
476 518
476 480
477 479
477 518
478 483
478 479
479 480
481 483
481 511
482 483
486 3950
486 487
486 488
487 3929
487 504
488 489
488 493
489 494
489 490
490 494
490 495
490 491
491 494
491 492
492 496
492 493
493 509
496 502
496 497
497 501
497 506
498 509
498 499
498 502
499 4185
499 3857
499 521
500 3857
500 505
500 501
501 502
503 504
503 3929
503 505
504 3926
505 506
506 3929
507 912
507 3993
507 3315
508 509
508 3993
509 1176
512 3605
512 3607
512 3728
513 515
513 514
514 515
515 3140
515 3139
515 516
516 3140
516 3654
517 521
518 519
520 521
522 4003
522 4186
522 3696
522 4187
523 524
524 3732
524 3697
525 3698
525 3732
525 3897
525 526
526 3698
527 3343
527 528
527 709
528 708
529 3211
529 530
529 3210
530 3675
530 3674
532 1094
532 533
533 534
534 535
536 537
536 551
537 4278
537 538
538 539
538 4278
539 553
540 3184
540 752
540 897
541 746
541 4231
541 4013
542 563
542 3584
542 562
543 2843
543 3882
543 3595
544 2843
544 3882
544 4233
544 3883
544 2847
545 2793
545 4082
545 4076
546 2789
546 2801
546 2776
547 2775
547 2788
547 3162
548 549
548 892
548 4077
549 893
549 689
549 4029
550 3206
550 685
550 4030
552 3105
552 751
552 752
553 751
554 555
554 4107
554 896
555 556
555 3964
556 3184
556 896
557 558
557 564
557 3595
558 754
558 559
559 560
559 754
560 670
560 561
561 562
561 670
562 563
563 564
564 3595
565 3256
565 3257
566 1291
567 568
567 3346
567 3347
567 3348
568 3357
569 570
569 918
569 3217
570 909
570 4178
571 572
571 908
571 4180
572 573
572 908
573 574
573 904
574 4179
574 3138
575 4179
575 907
575 576
576 577
576 3137
577 578
577 909
578 902
578 666
579 707
579 580
579 902
580 581
580 707
581 582
581 667
582 583
582 667
583 3659
583 4262
584 3216
584 2299
584 3217
585 3673
585 3782
585 3810
586 3397
586 597
586 3399
587 790
587 2737
587 3717
587 929
588 589
588 790
588 598
589 598
589 924
590 3394
590 3395
590 3393
591 594
591 595
591 3649
592 596
592 604
592 593
593 594
593 605
594 605
595 3649
595 596
596 604
597 3724
597 3688
598 599
599 2724
599 715
600 931
600 610
601 602
601 603
601 611
602 612
602 3935
603 604
603 611
605 606
606 607
606 2691
607 617
607 2691
608 2211
608 610
608 3129
609 2178
610 2195
610 2205
610 2215
611 612
612 616
613 616
613 615
613 614
614 3141
614 3142
615 2697
616 3142
617 3401
618 2560
619 2552
619 2550
619 622
620 2552
621 2552
622 623
622 624
624 625
624 3744
625 2540
625 2561
626 2562
626 2550
626 2580
626 2554
627 2541
628 2549
628 2594
628 629
629 2575
629 821
630 633
630 634
630 3482
631 1660
631 1712
631 642
631 644
632 3505
632 642
632 1710
633 1710
633 3510
634 635
634 1615
636 1595
636 1615
636 1628
637 1621
637 1610
637 638
638 639
638 3514
639 640
639 3524
640 3522
640 1610
640 641
641 3516
641 1595
642 3503
643 1624
643 644
643 3492
644 3496
644 649
645 3615
645 646
645 1673
646 1706
646 648
647 648
647 1689
647 3615
647 1712
648 649
649 1618
650 1666
650 1706
650 652
651 1611
651 1643
651 1631
652 1614
652 1619
653 4123
653 654
654 655
654 3863
656 3865
657 2278
657 3428
657 3617
658 4151
658 4153
658 1904
659 660
659 1931
659 1878
660 1921
661 942
661 943
662 952
662 941
662 942
663 1901
663 1936
664 1899
664 1928
665 3659
665 4262
665 3658
666 918
666 668
667 668
668 902
669 670
671 857
671 3351
671 3349
672 3655
672 673
673 674
673 675
674 4263
674 675
675 676
676 1348
676 1388
677 1383
677 1348
677 1373
678 679
678 1383
678 1382
679 1369
679 833
680 4115
680 2459
680 4116
680 3761
681 686
681 3206
681 3253
682 806
682 683
682 3252
683 684
683 806
684 685
684 4078
685 4031
686 3252
687 2474
687 2373
687 2475
688 2467
688 2475
688 3947
689 695
689 2754
690 2476
690 2485
690 2508
691 2508
691 3947
691 3948
692 2500
692 2520
692 2485
693 694
693 2520
693 2515
694 807
694 809
695 2759
695 2760
696 2760
696 3708
696 2298
697 3937
697 2974
697 2919
698 2974
698 699
698 2947
699 2960
699 2984
700 2973
700 3965
700 3971
701 4253
701 4254
701 3055
702 4254
702 3028
702 3004
703 3004
703 3049
703 3009
704 744
704 3009
704 4255
705 3676
705 3677
705 3675
706 3995
707 3694
710 711
712 982
713 920
714 2744
714 920
714 2748
714 921
715 2744
715 2743
716 2145
716 2083
716 2084
717 2133
717 2127
717 2165
718 2168
718 2158
718 2127
719 4158
719 2715
719 2160
720 2696
720 926
720 2715
721 2248
721 2717
721 4159
722 2717
722 2727
722 925
723 1385
723 1356
723 1353
724 3905
724 1430
724 725
725 917
725 1405
726 1072
726 3319
726 3622
727 729
727 734
727 3722
728 4052
728 3081
728 4054
728 4053
729 882
729 4052
730 857
730 2755
730 2304
730 731
731 4252
731 734
732 3041
732 2308
732 2312
733 3088
733 2310
733 4249
734 857
735 3337
735 3334
735 3338
736 3598
736 2534
736 3337
737 2534
737 820
737 2527
738 2527
738 2510
738 3715
739 891
739 890
740 2865
740 2882
740 2884
741 2876
741 2904
741 774
742 2892
742 743
742 2904
743 2870
743 841
744 848
745 2878
745 988
746 3596
746 747
747 987
748 3131
749 2898
749 2878
749 2907
750 4249
750 883
751 3105
752 3208
753 3208
754 755
755 3147
755 756
756 3689
757 761
757 3656
757 4093
758 768
758 3644
758 759
759 768
759 772
760 771
760 770
760 1859
761 772
761 771
762 3960
762 763
763 1858
764 765
764 3689
764 767
765 766
765 3689
766 3960
766 767
767 3960
768 769
769 770
769 773
770 1859
771 772
773 1858
773 3384
774 2884
774 776
775 2858
775 2851
775 2933
775 2922
775 2855
776 2858
776 2921
777 3745
777 3198
777 3203
777 2323
778 2284
778 3617
778 2277
779 788
779 4261
779 787
780 2272
780 3149
780 783
780 2285
781 3766
781 789
781 2285
782 783
782 786
782 2272
783 784
784 2275
784 785
785 2294
785 2275
786 2272
786 2294
787 788
787 3767
788 789
789 2285
790 792
791 2267
791 2275
792 3390
792 793
793 794
793 2740
794 4089
795 796
795 4078
795 798
796 3603
796 3601
797 2377
797 3765
798 799
798 3265
799 3101
799 3097
800 3300
801 804
801 2307
801 3682
802 803
802 3684
802 3687
803 3791
803 3682
804 2442
804 2307
805 3848
805 2404
805 2380
806 3201
807 2510
807 808
808 810
808 2483
809 2486
809 2483
810 811
810 2530
811 2499
811 2529
812 2611
812 3933
812 2635
813 2611
813 871
813 814
814 3771
814 872
815 816
815 3772
815 3773
816 3774
816 3775
817 867
818 819
818 876
818 3778
819 819
820 3715
820 2536
821 2562
821 823
822 823
822 2575
822 3933
823 2571
824 825
824 3049
824 3022
825 3045
825 3033
826 3046
826 2317
826 3002
827 1360
828 3368
829 1386
829 830
830 1407
830 1356
831 3918
831 1334
831 1343
831 4263
832 1395
832 1388
832 4111
833 4111
833 1413
834 3135
834 4186
834 837
834 4188
835 1341
835 1337
835 1342
835 1343
836 1342
836 1338
836 1339
837 1005
837 1002
838 840
838 3578
838 1339
839 3787
839 3788
840 3788
840 3787
841 848
841 2939
841 2943
842 2939
842 2898
843 2888
843 4097
843 4095
844 2850
844 2905
844 4097
845 2909
845 2811
845 2833
846 2827
846 2813
846 2805
847 2962
847 2935
847 2940
848 2953
849 2311
849 3044
849 3047
850 851
850 3037
850 3059
851 3038
851 3003
852 3038
852 3037
852 4174
853 2970
853 3012
853 4174
854 3012
854 3063
854 3018
855 2944
855 2949
855 2953
856 3625
856 2928
856 3121
858 2641
858 2638
858 2648
859 2654
859 2620
859 2622
860 1451
860 1462
860 1509
861 1453
861 1463
861 866
862 1505
862 1437
862 1471
863 3712
863 2563
863 864
864 1502
864 3712
865 4246
865 1513
865 1480
866 1480
866 4247
867 874
867 873
868 2583
868 2590
868 873
869 873
869 872
869 870
870 2587
870 2596
870 2589
871 872
871 2596
871 2592
874 2593
874 2595
875 3770
875 3776
875 3774
876 877
876 3778
877 878
877 3777
878 3358
878 3777
879 2538
879 3597
879 2537
880 1374
881 882
882 3653
883 884
883 4054
885 886
885 1104
885 1107
886 1077
886 1030
887 1121
887 1053
887 889
888 1030
888 1971
888 1976
889 1033
889 3268
891 3976
892 2774
892 4046
893 4077
893 4032
894 3703
894 3110
894 895
895 3185
895 3703
896 3185
897 3110
898 987
898 901
898 900
899 900
899 2899
899 901
900 4034
901 3703
903 4179
904 905
904 3695
906 3692
907 909
907 908
910 3694
910 3137
911 912
914 916
914 915
914 3679
915 1398
915 916
916 3905
918 4262
919 3982
919 3862
921 928
921 922
922 2712
922 2724
923 924
923 925
923 2724
924 2721
925 2731
926 2714
926 927
927 933
927 928
928 937
929 930
929 2697
930 931
930 2721
931 2742
932 2221
932 4264
932 2231
933 2726
933 935
934 936
934 3668
934 935
935 2725
936 2732
936 2723
937 3582
937 2723
938 4138
939 4138
939 3641
939 3881
940 3145
940 3871
940 2689
941 944
941 951
943 944
943 3666
944 3665
945 946
945 952
946 947
947 948
947 2050
948 949
948 2050
949 950
950 951
951 952
954 3144
955 957
955 4131
955 4129
956 4016
956 957
957 4131
958 4133
958 3783
958 4132
960 961
960 2687
961 2665
961 2668
961 3626
962 4177
962 3634
962 3861
963 4005
964 3632
964 3633
964 4177
965 3188
965 3189
965 3186
966 3385
967 4064
968 3146
968 4086
968 4087
969 3146
970 4085
970 3643
971 975
971 972
971 3179
972 3179
972 3180
973 974
973 3181
974 3181
974 975
975 2288
976 4011
976 3943
978 3721
978 3955
979 981
980 981
980 3956
981 3956
982 3156
983 984
983 4090
984 990
985 3378
985 2753
985 2750
986 989
987 2824
988 2873
988 2867
989 992
989 991
990 991
990 992
991 4229
992 3380
993 998
994 1000
995 1000
995 1004
995 1001
995 1005
996 1002
997 999
998 1005
998 1001
999 1001
999 1000
1001 4263
1002 1003
1006 3655
1006 2700
1007 1010
1007 1008
1008 3314
1009 1012
1009 2266
1009 1018
1010 1011
1010 1055
1011 2266
1011 1035
1012 1036
1012 4015
1013 1017
1014 1021
1015 1019
1015 1029
1015 1048
1016 1035
1016 1032
1016 1046
1017 1039
1017 1029
1018 1038
1018 1025
1019 3670
1019 1054
1020 1038
1020 1051
1020 1025
1021 1041
1021 1022
1022 1112
1022 1037
1023 1049
1023 1077
1023 1031
1024 1044
1024 1047
1024 1041
1025 1038
1025 1045
1026 1037
1027 1034
1028 1032
1028 1042
1028 1031
1029 1043
1030 1049
1030 3268
1031 1051
1032 1051
1033 1037
1033 1053
1034 2266
1034 1038
1035 1044
1036 1039
1036 1045
1039 1045
1040 1104
1040 3279
1040 3276
1041 1052
1044 1068
1048 1050
1049 1084
1049 1087
1050 3095
1050 1054
1053 3260
1053 1100
1054 3670
1055 1067
1056 1058
1057 1063
1058 1063
1059 1062
1060 1061
1061 1063
1061 1068
1062 1186
1062 1178
1064 1189
1064 1069
1064 1175
1065 1099
1065 1070
1065 1186
1066 1178
1066 1189
1068 1070
1068 1124
1070 1158
1071 3324
1071 3320
1072 3781
1072 3622
1073 3326
1073 3323
1073 1094
1074 1081
1075 3622
1075 3170
1075 1093
1076 1091
1076 1088
1076 1082
1078 1085
1079 3317
1079 1089
1079 3128
1080 3128
1080 3127
1080 3635
1081 1085
1081 1089
1081 1092
1083 3861
1083 3128
1083 3320
1085 1086
1085 3127
1086 1090
1086 1092
1088 3281
1089 3128
1090 1095
1092 1095
1093 3678
1093 3171
1096 1126
1096 1152
1096 1133
1097 1134
1098 3258
1098 1157
1098 1103
1099 1118
1099 1128
1100 1120
1100 1140
1101 1117
1101 1114
1101 1108
1102 1141
1102 1981
1102 1147
1103 1114
1103 1117
1104 1122
1105 1144
1105 1158
1105 1167
1106 1166
1107 1151
1107 1976
1108 3997
1108 3998
1109 1154
1110 3263
1110 1121
1110 1161
1111 1125
1111 1837
1111 4237
1112 1124
1112 1150
1113 1161
1113 1133
1113 1126
1114 1136
1115 1129
1115 1160
1115 1132
1117 3259
1119 1980
1119 1152
1119 1973
1121 1142
1122 1154
1122 1149
1123 1967
1123 1131
1123 1974
1124 1144
1125 1130
1125 3261
1126 1147
1126 1141
1127 1188
1127 1135
1127 1177
1128 1146
1128 1168
1131 1988
1131 4205
1133 1155
1134 1150
1134 3260
1136 1148
1136 1156
1137 3095
1138 1150
1139 1160
1139 1145
1139 1149
1140 1974
1140 1156
1140 1165
1141 1161
1143 1164
1143 1188
1144 1159
1145 3272
1147 1152
1148 1907
1149 1160
1151 1155
1151 1154
1153 1162
1153 1977
1153 1982
1155 1982
1156 1157
1157 3260
1158 1163
1162 1968
1162 1977
1166 4237
1167 3833
1167 1190
1168 1190
1168 3293
1169 1177
1170 1182
1170 1191
1170 1187
1171 1181
1172 3288
1173 3285
1174 1191
1174 1184
1174 1188
1175 3313
1175 4193
1176 4193
1176 3313
1176 4194
1177 1181
1178 1183
1179 1191
1180 3283
1183 3301
1183 1186
1184 3507
1185 3274
1187 3506
1187 3511
1189 3310
1190 3290
1192 3308
1193 1223
1193 1217
1193 1201
1194 3830
1194 1783
1194 3517
1194 1225
1195 3543
1195 1219
1195 1200
1196 1221
1197 3307
1198 1208
1199 1213
1199 1227
1199 1246
1200 3546
1200 3318
1201 3540
1201 1211
1202 3277
1203 1227
1203 1216
1203 1213
1204 3291
1205 1216
1206 1217
1207 3296
1208 1211
1208 1224
1209 3312
1210 3286
1211 1224
1212 1219
1213 3271
1214 3287
1215 1222
1215 1240
1215 1229
1216 1225
1217 1221
1218 3289
1219 1224
1220 3284
1221 1229
1225 1235
1226 1242
1227 3519
1228 1246
1229 1231
1230 3530
1230 1242
1230 1244
1231 1248
1231 3538
1232 1241
1232 3525
1232 3524
1233 1243
1234 1244
1236 1237
1237 1249
1237 3536
1238 3539
1239 1247
1240 1248
1240 1246
1241 3534
1241 3531
1241 1245
1242 3520
1243 1248
1243 3537
1244 1247
1245 4214
1245 3533
1245 1286
1247 3532
1250 2260
1250 3529
1250 1255
1251 1264
1251 1261
1251 4210
1252 1263
1252 1260
1252 1284
1253 1254
1253 1272
1254 1258
1254 1256
1255 1274
1255 2259
1256 1262
1256 1265
1257 3544
1257 4023
1258 1272
1258 1275
1259 2264
1259 1289
1259 1281
1260 1263
1261 1264
1261 1262
1263 3559
1263 3560
1263 3558
1264 1268
1264 4021
1265 1273
1265 4288
1266 1269
1266 4208
1266 4209
1267 3554
1267 3555
1267 1270
1268 1277
1268 4021
1268 3548
1269 3549
1270 3553
1271 1274
1271 1278
1271 2258
1273 4288
1273 2265
1274 2257
1275 4023
1275 1276
1276 4021
1276 4022
1277 3847
1277 3554
1278 2256
1278 2264
1279 1294
1280 1304
1280 1296
1280 1287
1281 2263
1281 2265
1282 1285
1283 3561
1284 3561
1284 4147
1285 1294
1285 3978
1286 1290
1286 2259
1288 2263
1289 2256
1289 1290
1290 2257
1291 1295
1292 3797
1293 1296
1294 1304
1298 1317
1298 1320
1298 1312
1299 1321
1299 1325
1299 1300
1301 3886
1302 4191
1303 1556
1304 3864
1305 1310
1306 1309
1307 1324
1308 4147
1308 1318
1308 3575
1309 1324
1309 1559
1310 3876
1311 4207
1311 1316
1311 1325
1312 1559
1312 2302
1313 1330
1314 3876
1314 1332
1315 1319
1315 1317
1316 1327
1317 1319
1318 3575
1318 3132
1319 1324
1320 4207
1320 1333
1321 3640
1321 1329
1322 1327
1327 1333
1328 1344
1328 3576
1330 1333
1331 1563
1334 1341
1334 1343
1335 1341
1335 1342
1335 1339
1336 3578
1338 1345
1338 3679
1340 1345
1342 1345
1344 3788
1344 3577
1346 1347
1346 1349
1346 4286
1347 1350
1347 1348
1350 1350
1351 1493
1351 1509
1351 1363
1352 1380
1353 1371
1353 1372
1354 1359
1355 1370
1355 1378
1355 1374
1357 1490
1357 1493
1358 1383
1359 1380
1359 1377
1360 1378
1361 1384
1361 1379
1361 3664
1362 1377
1363 1376
1363 1372
1364 1451
1364 3908
1364 1372
1365 1377
1366 1375
1367 1386
1368 1387
1371 4114
1371 1384
1374 1490
1375 1384
1375 1387
1378 1381
1380 1386
1388 1409
1389 1528
1390 1416
1390 1414
1390 1417
1391 1412
1391 1408
1392 1416
1392 1431
1392 1400
1393 1404
1394 1401
1394 1394
1395 1423
1395 3369
1396 1421
1397 1466
1397 1457
1397 1468
1398 1403
1398 1419
1399 1430
1400 1425
1400 1414
1401 1425
1401 1415
1401 1428
1402 1408
1402 1425
1404 1406
1404 1424
1405 3908
1405 3907
1406 1421
1406 1426
1407 4113
1407 3918
1408 1429
1409 1420
1409 1421
1410 1416
1411 1427
1412 1427
1412 1429
1413 1423
1418 1423
1422 1431
1427 1429
1428 1457
1428 3850
1430 3850
1431 1457
1432 1461
1433 1449
1434 1455
1434 1467
1434 1460
1435 1450
1436 1467
1437 1453
1437 1473
1438 1440
1438 1463
1438 4287
1439 1441
1440 1440
1441 1461
1441 1465
1442 1458
1442 1447
1442 1469
1443 1470
1443 1465
1443 1461
1444 1444
1444 1450
1445 1472
1446 1469
1446 1478
1447 1468
1447 1475
1448 1449
1448 1454
1448 3571
1449 1479
1450 1497
1451 1472
1452 1458
1452 1476
1452 1467
1453 1468
1454 1478
1454 3565
1456 3709
1456 1460
1456 3710
1458 1469
1459 3562
1460 1473
1462 1472
1462 1463
1464 3850
1465 1477
1471 1501
1471 1473
1474 1479
1477 1501
1477 1497
1478 3709
1479 3710
1480 1485
1481 1493
1481 1509
1481 1507
1482 1504
1483 1496
1483 1489
1483 1502
1484 1489
1486 2297
1487 1494
1488 4244
1488 1507
1488 3712
1489 1512
1490 1506
1491 1496
1492 2297
1492 1499
1492 1497
1494 1495
1494 1498
1495 1506
1495 1511
1496 1504
1500 3743
1500 2497
1501 1510
1502 3711
1503 1504
1503 2297
1503 1513
1505 4246
1505 4247
1506 1511
1507 1511
1508 4245
1512 4245
1512 3711
1513 4245
1514 3978
1514 3801
1514 3802
1515 4248
1515 1551
1515 1516
1515 4123
1516 1580
1516 1563
1517 1539
1517 3618
1517 1582
1518 4109
1518 1525
1518 1554
1519 4070
1519 1589
1520 1557
1520 1567
1520 1527
1521 1576
1521 1581
1521 1565
1522 1541
1522 1531
1522 1563
1523 1552
1523 1544
1523 1566
1524 1547
1524 1555
1524 1559
1525 1534
1525 1557
1526 1533
1526 1569
1526 3860
1527 1542
1527 1561
1528 1554
1528 1564
1529 1571
1529 1577
1529 1552
1530 1564
1531 1556
1531 1574
1532 1558
1532 4108
1532 1541
1533 1578
1534 1543
1534 1570
1535 1580
1536 1566
1537 1561
1538 1544
1539 1548
1539 1572
1540 1578
1541 1564
1542 3618
1542 3619
1543 1582
1543 3619
1544 1545
1545 1545
1546 1570
1546 1565
1546 1576
1547 1562
1547 1568
1548 1572
1548 3619
1549 1579
1549 4109
1549 1558
1550 1576
1551 1577
1551 1571
1552 4070
1553 4108
1554 1565
1555 2302
1555 1568
1555 1574
1556 1568
1557 1579
1558 3889
1560 1569
1561 1567
1566 1575
1567 1579
1569 1575
1570 1582
1571 4070
1572 3618
1573 1580
1574 2316
1575 1577
1583 1605
1583 1594
1583 1585
1584 4216
1585 1605
1585 4215
1586 3508
1587 3911
1587 1589
1588 1604
1588 1606
1588 1594
1589 3910
1590 1591
1591 1602
1592 3466
1592 3816
1593 1609
1594 1607
1595 1610
1596 1607
1596 1604
1597 1609
1597 1601
1597 4279
1598 3903
1598 4222
1598 1608
1599 1603
1600 1604
1601 4280
1603 4282
1603 1606
1605 4219
1606 1609
1607 3903
1611 1666
1611 1625
1612 3497
1612 1613
1612 1628
1614 1616
1614 1617
1615 1623
1616 1626
1616 1622
1616 3478
1617 1626
1617 1618
1618 1624
1619 1622
1619 1625
1620 3493
1621 1627
1621 1628
1622 3476
1624 3485
1624 1626
1625 1630
1626 3481
1629 1645
1629 1637
1629 1651
1630 1649
1630 1632
1631 1647
1631 1649
1632 1652
1632 1642
1633 1651
1633 1646
1634 1646
1635 1640
1635 1657
1635 1679
1636 1644
1636 1649
1636 1647
1637 1640
1637 1644
1638 1652
1639 1653
1640 1647
1641 1648
1641 1642
1642 1650
1643 1681
1643 1704
1644 1652
1645 1663
1645 1696
1646 1653
1648 1655
1650 3750
1650 3794
1651 1654
1654 1663
1654 1692
1656 1711
1656 1674
1656 3459
1657 1717
1657 1684
1658 1670
1658 1718
1658 1691
1659 1705
1659 1697
1659 1676
1660 1664
1661 1707
1661 1667
1661 1687
1662 1698
1663 1699
1664 3474
1665 2154
1665 1687
1665 1678
1666 1706
1667 1678
1667 1718
1667 3429
1668 1710
1669 1704
1669 1673
1669 1693
1670 1700
1670 1703
1671 1715
1671 1705
1671 1700
1672 1686
1673 1680
1674 1711
1674 1689
1675 1693
1675 1680
1675 3454
1676 1691
1676 1709
1677 1684
1677 1690
1677 1713
1678 3429
1679 1695
1679 1690
1680 1711
1681 1690
1681 1716
1682 1699
1683 1686
1683 3425
1683 1700
1684 1721
1685 1712
1686 1720
1687 2154
1688 1714
1688 1705
1688 1721
1689 3470
1691 1709
1692 1694
1693 1702
1694 1709
1694 1707
1696 1701
1696 1717
1697 1721
1697 1719
1698 1716
1698 1713
1699 1717
1702 1716
1702 1704
1702 3452
1703 3426
1703 1718
1707 1718
1708 1712
1711 3615
1713 1714
1714 3914
1715 1720
1722 1738
1722 1731
1722 1728
1723 1741
1723 1727
1724 3451
1724 1731
1724 1733
1725 3436
1725 3614
1725 3443
1726 1739
1726 3433
1726 3915
1727 1738
1728 1757
1728 1741
1729 3447
1729 1778
1729 1754
1730 3461
1730 1749
1730 1755
1731 1757
1732 1751
1733 1745
1733 1748
1734 1758
1734 1736
1734 1749
1735 1756
1736 1743
1736 1758
1737 1758
1737 1745
1737 1761
1738 3441
1739 3915
1739 3440
1740 1753
1741 1757
1743 1764
1743 1755
1744 1756
1745 1748
1746 1803
1746 1802
1747 3612
1748 1752
1749 3461
1750 3614
1751 3434
1751 3435
1752 3444
1753 1803
1755 1764
1756 3430
1759 1765
1759 1793
1759 3465
1760 1797
1760 1761
1760 1773
1761 1782
1761 3457
1762 1771
1762 1789
1762 3502
1762 1784
1763 1791
1763 1792
1763 3521
1764 1773
1765 1767
1765 1773
1766 1781
1766 1792
1766 4266
1767 3468
1767 1780
1768 1777
1768 1785
1768 1786
1769 1779
1770 1790
1770 3173
1770 1787
1771 1796
1771 1779
1772 4124
1774 3518
1775 1779
1775 4266
1775 3500
1776 3515
1776 1791
1776 3512
1777 1780
1777 1793
1778 1856
1780 3173
1781 4266
1781 1798
1781 1783
1783 3504
1784 1799
1784 1795
1785 1790
1785 1795
1786 1793
1786 4156
1787 1788
1787 1789
1787 3173
1789 3500
1790 1795
1791 3518
1792 1798
1794 3487
1798 3517
1800 1808
1800 3469
1800 1807
1801 1814
1801 1809
1801 1812
1801 3479
1802 1811
1802 3462
1804 1812
1804 1810
1804 1844
1805 1809
1806 3486
1807 3473
1807 1842
1809 1810
1810 1835
1812 1814
1813 3463
1813 1849
1813 1838
1814 1842
1814 3477
1815 1829
1815 1817
1815 3747
1816 3159
1816 3161
1816 1826
1817 1827
1817 1824
1818 4126
1818 3885
1818 1833
1819 3169
1819 1826
1819 4126
1820 1831
1820 1822
1820 1829
1821 3611
1821 1827
1821 1832
1822 1828
1822 1834
1823 1834
1823 3611
1824 1831
1825 3746
1825 3747
1825 1831
1826 4126
1827 2306
1828 1830
1828 1829
1830 1834
1830 3611
1832 2685
1832 4136
1833 3885
1833 3159
1835 1846
1835 1841
1836 4284
1836 4124
1837 3489
1838 1850
1838 1849
1839 1849
1839 1911
1839 1850
1840 1843
1841 1847
1842 1844
1843 3501
1843 3490
1844 1943
1845 1848
1848 1923
1848 1863
1850 1923
1851 1852
1852 3446
1852 1857
1853 1941
1853 1918
1853 1857
1854 3445
1855 3416
1855 4267
1856 4124
1858 1859
1860 1934
1860 1909
1860 1908
1861 1924
1861 1892
1861 1933
1862 1887
1862 1875
1862 1932
1862 1928
1863 1947
1863 1870
1864 1882
1864 1940
1864 1874
1865 1928
1865 1883
1866 1936
1866 1889
1866 1937
1867 3785
1868 1895
1868 1900
1868 1922
1869 4150
1869 1917
1869 1919
1870 1923
1870 3458
1871 1931
1872 1942
1872 1929
1872 4149
1873 1966
1876 1938
1877 1944
1877 1909
1877 3231
1878 1908
1878 1934
1879 1932
1879 3244
1879 1930
1880 1949
1880 1922
1880 1952
1881 1888
1881 3246
1883 1932
1883 1961
1884 1926
1885 1956
1885 1894
1885 1951
1886 1955
1886 1927
1886 3248
1888 3251
1889 3731
1889 1956
1890 3243
1891 1947
1893 1948
1894 1951
1894 1916
1896 1966
1896 1936
1897 1917
1897 4149
1897 1925
1898 1965
1898 1952
1898 1962
1899 4205
1899 1964
1901 1966
1901 3242
1902 1964
1902 1935
1902 1905
1903 1954
1905 1939
1905 3241
1906 3439
1907 3996
1907 1961
1908 3227
1909 1929
1910 1960
1911 3460
1912 1964
1913 1955
1913 1926
1913 1927
1914 1941
1915 1951
1915 1937
1915 1956
1916 1937
1917 4151
1918 1959
1919 3235
1919 1942
1919 3234
1920 1962
1920 1960
1920 1948
1921 1963
1922 1965
1924 4153
1924 1940
1926 1948
1927 3247
1929 1944
1930 3245
1930 1961
1931 4151
1933 3240
1933 1945
1934 1946
1935 4205
1935 1939
1938 1954
1938 3412
1939 1978
1940 3236
1942 1944
1942 3233
1943 3467
1950 1950
1950 3432
1952 1960
1953 3250
1954 1958
1955 1962
1957 1965
1967 1981
1967 1983
1968 1980
1968 1985
1969 1990
1969 1973
1970 2010
1970 3841
1970 1991
1971 3263
1971 1979
1972 1976
1973 1980
1974 1984
1975 1983
1975 1990
1975 1988
1977 1985
1978 1988
1978 3249
1981 1983
1982 1989
1985 1987
1986 3650
1986 3229
1986 2052
1986 3651
1987 2026
1991 2000
1991 2053
1992 1993
1994 2036
1994 2011
1994 2014
1995 2006
1995 2015
1995 2017
1996 2033
1996 2032
1997 2035
1997 2037
1997 2034
1998 2022
1998 2013
1998 2012
1999 2037
1999 2027
1999 3841
2000 2013
2000 2029
2001 2025
2001 2019
2001 2036
2001 2015
2002 2034
2003 2028
2003 3239
2003 2016
2004 2035
2004 2037
2004 2026
2005 2039
2006 3828
2006 2030
2006 2021
2007 2011
2008 2020
2008 2018
2008 2012
2009 2024
2009 2029
2009 3232
2009 3826
2011 2025
2012 2013
2015 3827
2016 2038
2017 2023
2017 2036
2020 4155
2020 2031
2021 2030
2021 2023
2021 2034
2023 2035
2024 3230
2024 2032
2025 2036
2026 2028
2029 3713
2030 2039
2031 3714
2031 3713
2038 3249
2039 4154
2041 2062
2041 2081
2041 3280
2042 2064
2042 2071
2043 2045
2043 2080
2043 2051
2044 2067
2044 2047
2044 2082
2045 4104
2045 2048
2046 2074
2046 2066
2046 3402
2048 2051
2048 2060
2049 2072
2049 2068
2049 2075
2050 4138
2051 2080
2052 2056
2052 2075
2053 2067
2053 3650
2054 2080
2054 2060
2055 2064
2057 4141
2057 3931
2057 3932
2058 2073
2059 2077
2059 2070
2060 3636
2061 2064
2063 2069
2065 3893
2066 3932
2066 3396
2067 2082
2068 3893
2068 2082
2069 2078
2071 2076
2071 3408
2072 2079
2072 4012
2075 3880
2076 3402
2076 3408
2083 2165
2083 2103
2084 2085
2084 2119
2085 2086
2085 2116
2086 2117
2086 2103
2087 2109
2087 2094
2087 2135
2087 2099
2088 2105
2088 2110
2088 2113
2089 2111
2089 2112
2089 2092
2090 2110
2090 2097
2090 2113
2091 2100
2091 3405
2091 2114
2092 2118
2092 2107
2093 2104
2093 2098
2094 2114
2094 3400
2095 2103
2096 2141
2096 2109
2096 2171
2097 2097
2099 2106
2100 2115
2100 2101
2101 3409
2101 2108
2102 2114
2102 2108
2104 2156
2104 2117
2105 3920
2105 4268
2106 2113
2108 2112
2109 2141
2112 3804
2116 2117
2119 3621
2119 3786
2120 2144
2120 2159
2120 2170
2121 2126
2121 2145
2122 3641
2123 2132
2124 2155
2125 2149
2126 2146
2127 2147
2128 2161
2128 2157
2128 2163
2129 2157
2130 2130
2130 2156
2131 2140
2131 2132
2131 2149
2132 4161
2133 2156
2133 2142
2134 2153
2134 2140
2134 2149
2135 2172
2135 2167
2136 2166
2137 2146
2137 2152
2137 2150
2138 2162
2138 2161
2138 2143
2139 2216
2139 2218
2139 2175
2140 2152
2141 2167
2143 2157
2143 4162
2145 2152
2146 2183
2148 4265
2148 2154
2148 2183
2150 3824
2150 2161
2151 2168
2153 2169
2153 2166
2155 2172
2155 2733
2159 4183
2159 4139
2160 2168
2160 2730
2164 2218
2165 2166
2167 2171
2171 2730
2172 4144
2173 4099
2173 2185
2173 2224
2174 2245
2174 2186
2175 2192
2175 2220
2176 2199
2176 2235
2176 4099
2177 2226
2177 3646
2178 2211
2179 2185
2179 2240
2179 2210
2180 2200
2181 2191
2181 2197
2181 2214
2182 2206
2183 2231
2184 2246
2184 4198
2185 2223
2186 2243
2186 2234
2187 2239
2187 2209
2187 2219
2188 2233
2188 2249
2188 2212
2189 2236
2190 2241
2193 2221
2193 2200
2193 2202
2194 2198
2194 2241
2194 2208
2195 4264
2195 2205
2196 2227
2196 2226
2196 2247
2197 2224
2197 4099
2200 2220
2201 2235
2201 2222
2201 3912
2202 2213
2202 2203
2203 2248
2203 2254
2204 2216
2204 2241
2205 2239
2206 2232
2206 2254
2207 2212
2207 2253
2207 2244
2208 2231
2208 2225
2210 2244
2210 2249
2212 2249
2213 2242
2214 2251
2214 2237
2217 2236
2217 2228
2217 3705
2218 2245
2220 2242
2221 4264
2223 2247
2224 4197
2226 2253
2227 2247
2227 2246
2228 2251
2228 2250
2229 3456
2229 2246
2230 2239
2233 2233
2234 2243
2234 2245
2235 2236
2238 3645
2238 4006
2238 3647
2240 3912
2243 2248
2244 2253
2251 4196
2252 4199
2252 3815
2254 4160
2255 3609
2255 2262
2255 3637
2256 2264
2256 2258
2257 2258
2257 2259
2259 4214
2260 3534
2260 3529
2261 3781
2261 3327
2261 3341
2262 3637
2262 3343
2263 2265
2263 2264
2269 2271
2269 2278
2270 2281
2270 2291
2270 2274
2271 3935
2271 4006
2273 2273
2273 2287
2274 2355
2274 2348
2276 2292
2276 3959
2276 3958
2277 3617
2277 2279
2278 2279
2279 2286
2280 3644
2280 3958
2280 2295
2281 2340
2281 2293
2282 2290
2282 2366
2282 2332
2283 3945
2283 4272
2283 3946
2284 2291
2284 2287
2286 3424
2286 3427
2287 4261
2288 2711
2288 2300
2289 3149
2291 2296
2292 4007
2292 3959
2293 4100
2293 2347
2294 3729
2295 3178
2295 4007
2298 2818
2298 4256
2299 3658
2299 3660
2300 2709
2300 3853
2303 2312
2303 3798
2303 2311
2305 2313
2305 2309
2305 3686
2306 2318
2307 3684
2308 2317
2308 2315
2309 3686
2309 3751
2310 3081
2310 4249
2311 2319
2312 3798
2313 3762
2313 3753
2314 3065
2314 2319
2314 3799
2315 3088
2315 2317
2318 4136
2319 3799
2320 3672
2321 2355
2322 2360
2322 2338
2322 2352
2323 2354
2323 2357
2324 2349
2324 2360
2324 2330
2325 2351
2325 2355
2325 2350
2326 3796
2326 2348
2326 2351
2327 2361
2328 2336
2328 2354
2328 2346
2329 2362
2330 2361
2330 3202
2331 2356
2331 2361
2331 2343
2332 2357
2332 2342
2333 2366
2333 2351
2333 2358
2334 2367
2334 2334
2335 2368
2336 2342
2336 2344
2337 2370
2338 2347
2338 2352
2339 2362
2339 2369
2339 2353
2340 2348
2340 2363
2341 2364
2341 2370
2341 2343
2342 2357
2343 2365
2344 2366
2344 3795
2345 2362
2346 2353
2346 2354
2347 2368
2352 2359
2353 2367
2359 2372
2359 2360
2363 3176
2363 2369
2367 2369
2368 3177
2368 2370
2373 3790
2373 3792
2374 4027
2376 3603
2377 3844
2377 3604
2377 3843
2377 4192
2378 2413
2379 2443
2379 2388
2379 2385
2380 2404
2380 3687
2381 4168
2381 2384
2381 2407
2382 2386
2382 2409
2382 2403
2383 2395
2383 2384
2383 2392
2384 2393
2385 2421
2385 2397
2386 2395
2386 2412
2387 2393
2388 2413
2388 2447
2388 2411
2389 2411
2389 2408
2389 2427
2390 2401
2391 4182
2391 2414
2391 2402
2392 2402
2392 2410
2393 2396
2394 3848
2394 2398
2394 3730
2395 2410
2397 3683
2397 3117
2398 2424
2398 2406
2399 2411
2399 2401
2399 2400
2400 2411
2400 2413
2401 2410
2402 2405
2404 3299
2406 3730
2407 2424
2407 2432
2408 4169
2408 2427
2415 2439
2415 2447
2415 2429
2416 2433
2416 2431
2416 4145
2417 2437
2417 2434
2417 2420
2418 3848
2418 2448
2418 2442
2419 2422
2419 2436
2419 2444
2420 2440
2420 2442
2422 2454
2422 2430
2423 2441
2423 2427
2423 2445
2424 2426
2425 2445
2425 2428
2428 2447
2429 2435
2429 2432
2432 2439
2433 2472
2433 2434
2434 2436
2435 2445
2435 2441
2436 2438
2439 2446
2441 4170
2448 3686
2448 2454
2449 2461
2450 2458
2451 2459
2451 2466
2451 2462
2452 2464
2453 2466
2454 2456
2455 2466
2456 2465
2456 2460
2456 2463
2457 2464
2458 2464
2458 2461
2459 2461
2467 2468
2467 4165
2468 4164
2468 2470
2469 2476
2470 2471
2472 2476
2472 2473
2474 3262
2474 2475
2477 2486
2478 2496
2478 2488
2478 2486
2479 2489
2479 2502
2479 2487
2480 2492
2480 2487
2480 2497
2481 2499
2481 2481
2482 2503
2483 4116
2484 2499
2485 2503
2487 2494
2488 2491
2488 2490
2492 2498
2492 3681
2493 2495
2495 2501
2501 2502
2502 2505
2503 2504
2506 2511
2507 2510
2507 2519
2507 2515
2507 2523
2508 2518
2509 2515
2510 2531
2511 2514
2511 3948
2512 2521
2513 2514
2514 2517
2516 3303
2518 2521
2518 2520
2519 2521
2519 2524
2522 2523
2522 2532
2522 2526
2523 2525
2526 2527
2526 2533
2527 3715
2528 2530
2529 2531
2529 3734
2530 2531
2534 3337
2535 2535
2535 2537
2536 3597
2536 3598
2537 3770
2538 2538
2539 2554
2541 2546
2541 3803
2542 2559
2542 2557
2542 2555
2543 2548
2543 2558
2543 2554
2544 2569
2545 2559
2546 3736
2546 2597
2547 2560
2549 2597
2549 2556
2549 2587
2550 2557
2551 2561
2553 2555
2553 2578
2553 2565
2555 2568
2559 2569
2559 2578
2560 2562
2561 3740
2561 3738
2563 2654
2563 2579
2564 2574
2566 2572
2566 2580
2566 2573
2567 2577
2567 2574
2567 2579
2569 2576
2570 2580
2571 2622
2571 2574
2575 3933
2576 2581
2576 2578
2579 2582
2583 2593
2583 2591
2584 2594
2585 2593
2586 2589
2586 2596
2586 2592
2587 2590
2588 2592
2589 2594
2590 2597
2598 2601
2598 2602
2598 2600
2599 2602
2602 3772
2603 2604
2603 3780
2603 2608
2604 2608
2605 2607
2605 2606
2606 3814
2606 2607
2608 3325
2609 2621
2610 2627
2610 3620
2611 2619
2612 2649
2612 2616
2612 2629
2613 2614
2614 2645
2614 2633
2615 2646
2615 2626
2615 2654
2616 2632
2616 2640
2616 2643
2617 2629
2618 2637
2618 2638
2618 2631
2619 2651
2619 2647
2620 2638
2620 2622
2621 2646
2621 2644
2623 2646
2624 2643
2624 2635
2624 2653
2625 2645
2626 2636
2626 2628
2627 3620
2629 2639
2630 2652
2633 2636
2633 2642
2634 2635
2635 2643
2636 2650
2638 2652
2641 3620
2645 2652
2647 2647
2648 3620
2657 2664
2657 2663
2658 2661
2659 2664
2659 2662
2660 2674
2660 2677
2661 2664
2661 2663
2663 4127
2665 2688
2665 2668
2666 2673
2666 2668
2666 2688
2667 2680
2669 2687
2670 2680
2670 2673
2670 2681
2671 2682
2671 2681
2671 2676
2672 2674
2672 2684
2673 2679
2674 2684
2675 2687
2676 2682
2677 2686
2677 4016
2678 2683
2679 2681
2683 2688
2685 3169
2685 4136
2689 3874
2689 4125
2690 3874
2692 2694
2692 2693
2696 2712
2696 2713
2697 2698
2700 3368
2700 3655
2702 2707
2703 2707
2703 2709
2704 2706
2705 2711
2705 3205
2705 2788
2706 2708
2706 3768
2707 2710
2711 4166
2712 2716
2715 2719
2716 2717
2716 2718
2720 2734
2720 2722
2721 2727
2722 2735
2722 4069
2723 2732
2723 2736
2725 2733
2725 2729
2726 2732
2727 3925
2728 4140
2728 4139
2728 2729
2730 2733
2734 3930
2734 4143
2738 2739
2739 2744
2739 3859
2740 2743
2740 2741
2743 3859
2745 2749
2746 3939
2746 3940
2746 2749
2747 2752
2747 2753
2747 2748
2748 2751
2749 3939
2750 3949
2750 3940
2751 3939
2751 3941
2754 4044
2754 3262
2755 3060
2755 4026
2755 3039
2756 4026
2756 4040
2756 4063
2757 3347
2757 3350
2757 3345
2758 2760
2759 3708
2759 3838
2761 2770
2762 2770
2762 2767
2762 3099
2763 2772
2763 2774
2763 2771
2764 3837
2765 2766
2765 3098
2765 2769
2766 3836
2766 3838
2767 2768
2767 2771
2767 2772
2768 2769
2770 2771
2772 3624
2773 3691
2773 4080
2773 2782
2774 2783
2775 2781
2775 2778
2776 2782
2776 3162
2777 2783
2777 2845
2777 2828
2778 2784
2778 2786
2779 2784
2779 2782
2779 2786
2780 2784
2781 2786
2781 4081
2783 2785
2787 2788
2789 2793
2789 2801
2790 2808
2790 2811
2790 2813
2791 2807
2792 2814
2792 2809
2792 2796
2793 2801
2794 2805
2794 2796
2794 4117
2795 2807
2796 2812
2797 2814
2798 2802
2798 2846
2798 2805
2799 2836
2799 2813
2799 2832
2800 2809
2803 2809
2803 2831
2803 2810
2804 3961
2804 4074
2804 2806
2805 2831
2806 4075
2806 4074
2807 3961
2810 2814
2810 4233
2811 2827
2815 2816
2815 2920
2815 3625
2816 3938
2816 3708
2817 3007
2817 2986
2817 2818
2818 2820
2818 2819
2819 2820
2819 4256
2820 2986
2821 3587
2821 2847
2821 2837
2822 2842
2822 2838
2822 2830
2823 2841
2824 2837
2824 2843
2825 2848
2826 2833
2826 2841
2827 2839
2828 2846
2828 2838
2829 2848
2829 2835
2829 2857
2831 2848
2832 2844
2832 2846
2833 2905
2834 2840
2837 2843
2838 2842
2840 3589
2840 3587
2842 2845
2845 2928
2847 3587
2849 2852
2849 2858
2850 2857
2850 2859
2851 2855
2851 2854
2852 2854
2853 2854
2855 2857
2856 2859
2859 4184
2860 2873
2861 2875
2861 2895
2861 4095
2862 2889
2862 2897
2862 2877
2863 2900
2863 2879
2863 4096
2864 2868
2865 2883
2866 2929
2868 2904
2868 2880
2869 2902
2870 2875
2870 2874
2871 2881
2871 2902
2871 2895
2872 2887
2873 4038
2875 2894
2876 2876
2877 4146
2877 2899
2878 2890
2882 2886
2882 2898
2883 2896
2884 2896
2885 2914
2885 2929
2885 2896
2887 2905
2887 2893
2888 2901
2888 4059
2891 2893
2893 2903
2895 2906
2898 2943
2899 4038
2902 2906
2906 2908
2907 3131
2907 2914
2907 3928
2910 4235
2910 2928
2910 4236
2911 2925
2911 2932
2911 2930
2912 2916
2912 2924
2912 2920
2913 2948
2913 2926
2913 2952
2913 2954
2914 2931
2915 3891
2916 2952
2916 2923
2916 2926
2917 4235
2918 2919
2918 3938
2918 2923
2919 2952
2919 2954
2920 2923
2921 2921
2922 3588
2922 3585
2924 2926
2924 4236
2925 3594
2925 3593
2927 2929
2934 2946
2934 2941
2934 2961
2935 2950
2935 2956
2936 2941
2937 2940
2937 2959
2938 2956
2939 2943
2940 4059
2941 2951
2942 2959
2944 2944
2945 2949
2947 2957
2947 2960
2947 2948
2948 2958
2949 4056
2951 3973
2951 2956
2953 2955
2954 2958
2958 3852
2960 2963
2963 2989
2963 2964
2965 2972
2966 2972
2966 2977
2966 2987
2967 2982
2968 2979
2968 2975
2968 2969
2969 2982
2969 2974
2970 2998
2970 3027
2971 2977
2972 2988
2973 2983
2973 3018
2976 2985
2977 2985
2978 2988
2979 2982
2979 2980
2981 3027
2981 4175
2981 2984
2984 2985
2986 4175
2988 2989
2989 3974
2990 2997
2990 3002
2991 3035
2991 3015
2991 2992
2992 3026
2992 3035
2993 3049
2994 4118
2994 3003
2994 3017
2995 3043
2995 4175
2995 2998
2996 3007
2996 4067
2996 3001
2997 3054
2998 3043
2999 3037
2999 3059
2999 3044
3000 3053
3001 3025
3001 3056
3002 3045
3003 3038
3004 3028
3005 3029
3005 3064
3005 3040
3006 3055
3006 3032
3007 3056
3008 3057
3008 3975
3008 4253
3009 4255
3010 3031
3010 3036
3010 3052
3011 3021
3011 3026
3011 3058
3012 4118
3013 3064
3014 3035
3014 3021
3014 3051
3015 3032
3015 3048
3016 3042
3016 3017
3016 3063
3017 3042
3018 3021
3019 3057
3020 3895
3020 3052
3020 4258
3022 3022
3023 3048
3023 3058
3023 3026
3024 3053
3027 3043
3028 4255
3030 3056
3032 3051
3034 3062
3036 3052
3036 3064
3039 3073
3039 4066
3040 3061
3040 3053
3041 3048
3041 3046
3042 3062
3042 3059
3044 3053
3045 3046
3047 4259
3047 4258
3050 3062
3051 3057
3058 3063
3060 4067
3060 4066
3060 4026
3065 3082
3065 3077
3066 3070
3067 3094
3067 3083
3067 4252
3068 3080
3068 3083
3068 3079
3069 3076
3069 3084
3069 3074
3070 3083
3070 3094
3071 3087
3071 3085
3071 3090
3072 4252
3072 4257
3072 3086
3073 4260
3073 3075
3074 3084
3074 4055
3075 3085
3075 3091
3076 3089
3076 3088
3078 3087
3079 3091
3079 3090
3081 3092
3082 3093
3082 4257
3084 3092
3085 3090
3086 4171
3086 3091
3087 3094
3092 4250
3095 3282
3097 3101
3098 3099
3098 3100
3099 3100
3100 3836
3101 3300
3103 3104
3103 3110
3103 3107
3104 3109
3104 3108
3104 3106
3106 3106
3107 3107
3108 3108
3109 3109
3111 3214
3111 3677
3111 3216
3113 3114
3114 3181
3115 3706
3115 3116
3116 3150
3117 3563
3117 3564
3118 3120
3118 3994
3118 4018
3119 3120
3119 3654
3121 4234
3121 3624
3122 4234
3123 3812
3123 3780
3123 3814
3124 3125
3124 4276
3125 4276
3125 3391
3126 3388
3126 3389
3127 3128
3128 3861
3130 3648
3130 3822
3130 3471
3131 4034
3131 3890
3132 3134
3132 4004
3133 3577
3133 4004
3134 4004
3134 4003
3135 3136
3137 3694
3141 3142
3143 3160
3144 3145
3147 3719
3147 3718
3148 3718
3149 4065
3150 3151
3151 3370
3152 3723
3153 3583
3153 3155
3153 3707
3154 3583
3154 3371
3155 3373
3156 3707
3157 3158
3158 3835
3159 3161
3160 3161
3162 3163
3164 3165
3165 3631
3165 4112
3166 3168
3167 3168
3168 3169
3170 3171
3170 3671
3171 3999
3172 3748
3174 3177
3175 3176
3176 3177
3178 3643
3178 4007
3179 3959
3180 3183
3182 3183
3182 3944
3182 4088
3184 3185
3186 3187
3186 3189
3190 3719
3190 3383
3191 3193
3192 3672
3192 3193
3194 3195
3194 3196
3194 3199
3195 3201
3195 3203
3196 3202
3196 3199
3197 3199
3197 3204
3197 3205
3198 3201
3198 3200
3200 3202
3200 3201
3203 4084
3204 3205
3204 4083
3206 3253
3209 3210
3209 3995
3209 3211
3210 3213
3211 3212
3212 3809
3212 3782
3213 3702
3213 3214
3213 3888
3214 3215
3215 3216
3215 3217
3218 3219
3218 3222
3219 3221
3219 3220
3220 3224
3220 3226
3221 3223
3221 3222
3223 3227
3223 3225
3224 3226
3224 3225
3225 3227
3226 3228
3228 3229
3229 3230
3229 3651
3230 3231
3231 3232
3232 3233
3233 3234
3234 3827
3234 3237
3235 3236
3235 3237
3236 3238
3237 3239
3238 3240
3238 3239
3240 3249
3241 3242
3241 3901
3242 3243
3243 3244
3244 3245
3245 3246
3246 3247
3247 3248
3248 3251
3249 3901
3250 3458
3250 3251
3252 3254
3253 3256
3255 3257
3255 3264
3256 4028
3256 3262
3257 3266
3258 3260
3258 3259
3259 3261
3262 3303
3263 3268
3264 3266
3264 3265
3265 3267
3266 3270
3267 3269
3267 3292
3268 3273
3269 3616
3269 3270
3270 3685
3271 3274
3271 3831
3272 3275
3272 3278
3274 3277
3275 3276
3275 3278
3276 3279
3277 3283
3278 3280
3279 3281
3280 3282
3281 3282
3283 3284
3284 3285
3285 3286
3286 3287
3287 3288
3288 3289
3289 3290
3290 3291
3291 3293
3292 3616
3292 3294
3293 3296
3294 3297
3294 3300
3295 3299
3295 3298
3295 3616
3296 3301
3297 3298
3298 3299
3301 3307
3302 3305
3302 3306
3303 3309
3304 3306
3304 3464
3305 3306
3307 3308
3308 3310
3309 4163
3309 3311
3310 3312
3311 4063
3311 3329
3312 3318
3313 3314
3314 3315
3315 3321
3316 3319
3316 3322
3316 3317
3317 3322
3318 4193
3320 3341
3321 3323
3322 3324
3323 4015
3324 3328
3325 3327
3325 3781
3326 3781
3327 3328
3329 3331
3329 3333
3330 4206
3330 3335
3330 3332
3331 3332
3331 3333
3332 3335
3333 3334
3334 3338
3335 3336
3336 3340
3336 3339
3338 3339
3339 3340
3340 3344
3341 3342
3342 3343
3344 3345
3344 4120
3345 3346
3346 3347
3347 3348
3348 3353
3349 3351
3349 3350
3350 3353
3351 3352
3352 3354
3353 3355
3354 3356
3355 3359
3355 3763
3356 3764
3358 3361
3358 3360
3360 3361
3360 3363
3361 3362
3362 3364
3363 3365
3363 3779
3364 3365
3365 3779
3370 3372
3374 3375
3375 3976
3375 3376
3377 3378
3378 3380
3378 3379
3379 3381
3379 3380
3382 3383
3383 3384
3384 3385
3385 4273
3386 3387
3386 4273
3387 3388
3387 4274
3388 3389
3388 4275
3389 3393
3390 3391
3390 3392
3391 3393
3391 3392
3392 3394
3392 3398
3393 3394
3394 3395
3395 3403
3396 3931
3396 3402
3397 3398
3397 3399
3398 3403
3399 3401
3400 3402
3400 3410
3400 4183
3401 3406
3403 3404
3404 3407
3406 3423
3406 3407
3408 4101
3410 4195
3410 4092
3411 3804
3411 4201
3412 4091
3412 3417
3413 3638
3413 4092
3413 3432
3413 4091
3414 3416
3414 4201
3414 3417
3414 4202
3415 4102
3415 3419
3416 4103
3416 3418
3417 3418
3418 4284
3419 3785
3419 3638
3420 3421
3420 3422
3420 4103
3421 3429
3421 3621
3422 4283
3422 4204
3423 3647
3423 3424
3424 3427
3425 3426
3427 3428
3427 3646
3428 3453
3430 3431
3430 4204
3430 3437
3431 3433
3431 4203
3432 3439
3433 3438
3434 3435
3434 3436
3435 3437
3436 3443
3437 3438
3437 3441
3438 3440
3440 3442
3441 3442
3441 3448
3442 3449
3443 3444
3444 3445
3445 3447
3446 3447
3448 3450
3448 3451
3449 3450
3449 3914
3449 3452
3450 3451
3450 3452
3452 3454
3453 3455
3453 3464
3454 3457
3455 3820
3455 3817
3456 3823
3456 3818
3457 3459
3458 3460
3459 3465
3460 3467
3461 3462
3462 3463
3463 3468
3464 4241
3465 3470
3466 4217
3466 3816
3468 3469
3469 3473
3470 4157
3471 4217
3471 3472
3472 3476
3472 4219
3473 3477
3474 3475
3474 4156
3474 4157
3475 3480
3476 4212
3476 3478
3477 3479
3478 3481
3479 3486
3480 3482
3481 4220
3481 3485
3482 3487
3483 3484
3483 3489
3483 4024
3484 3490
3484 3495
3485 4221
3485 3488
3486 3494
3487 3493
3488 3491
3488 4222
3489 3490
3489 3498
3490 3501
3491 3492
3491 4216
3492 4223
3492 3496
3493 3497
3494 3829
3494 3495
3495 3511
3496 4213
3496 3503
3497 3502
3498 4237
3498 3499
3498 3507
3499 3501
3500 3504
3501 3506
3502 3509
3503 3505
3504 3829
3505 3508
3506 3507
3508 3510
3508 4226
3509 3513
3509 3512
3510 4227
3510 3516
3511 3830
3511 3831
3512 3513
3513 3514
3514 3515
3515 3518
3516 4228
3516 3522
3517 3519
3518 3523
3519 3520
3520 3521
3521 3523
3522 4218
3522 3527
3523 3524
3523 3525
3524 3527
3524 3526
3525 3530
3526 3528
3526 3531
3527 3529
3527 3528
3528 3529
3528 3531
3529 4218
3530 3532
3532 3533
3533 3535
3534 4214
3535 3536
3535 3541
3536 3537
3537 3538
3538 3539
3539 3540
3540 3541
3541 3839
3542 3544
3543 3845
3543 3839
3544 3545
3545 4022
3545 3548
3546 3547
3546 3846
3546 3845
3547 3552
3548 3550
3549 3556
3549 3551
3550 3553
3550 3847
3551 3556
3551 3552
3553 3554
3553 3847
3554 3555
3555 4210
3556 3558
3557 4208
3557 4211
3557 4210
3558 3559
3559 3560
3559 4211
3560 3561
3561 4189
3562 3749
3562 3565
3563 3566
3563 3564
3564 3567
3565 3571
3566 3569
3567 3572
3567 3825
3568 3570
3568 3749
3569 3574
3570 3571
3572 3825
3572 3573
3573 3574
3575 3576
3575 4190
3576 4004
3577 3578
3579 3582
3579 3870
3579 3581
3580 3581
3581 3582
3584 3985
3584 4051
3585 3588
3585 3590
3586 3591
3586 3589
3586 3592
3588 4020
3589 3592
3590 3591
3590 3593
3591 3593
3592 4020
3593 3890
3596 4106
3596 4013
3597 3598
3599 3600
3601 3603
3601 3602
3602 3843
3602 3604
3604 4192
3605 3607
3606 3610
3606 3637
3608 3609
3608 3610
3612 3613
3613 3614
3617 4100
3621 3786
3624 4234
3625 4234
3626 3628
3626 3627
3627 3628
3628 3629
3629 3630
3631 3639
3632 4005
3633 4176
3633 3634
3634 4177
3634 4176
3635 4176
3638 4092
3643 4085
3644 3958
3645 4006
3646 3647
3648 3819
3648 3815
3649 3688
3650 3651
3652 3653
3656 3657
3656 4167
3658 3660
3659 3660
3661 3662
3662 3702
3663 4025
3664 3919
3665 3666
3667 3668
3669 3670
3669 4014
3670 3671
3672 4285
3673 3676
3673 3674
3674 3676
3675 3677
3680 3681
3681 3758
3681 3759
3682 3789
3683 3751
3683 3752
3684 3687
3685 3793
3685 3791
3688 3716
3690 3691
3691 4079
3692 3693
3692 3695
3695 4181
3696 4003
3696 3726
3698 3699
3701 3897
3704 4265
3706 3707
3709 3710
3711 3712
3713 3828
3716 3717
3716 3724
3717 3724
3718 3719
3720 3957
3720 3953
3721 3955
3722 4053
3722 4055
3722 4052
3725 4251
3726 4001
3727 3728
3732 3733
3734 3739
3734 3741
3735 3736
3735 3737
3735 3739
3736 3737
3737 3738
3738 3740
3739 3741
3740 3741
3742 3743
3742 3744
3743 3744
3745 3769
3745 3768
3746 3747
3746 3885
3750 3794
3751 3752
3752 3753
3753 3757
3754 3755
3754 3761
3754 3756
3754 3762
3755 3759
3755 3756
3755 3760
3756 3757
3756 3758
3757 3758
3759 3760
3760 4115
3761 3762
3763 3764
3766 3767
3766 3768
3767 3769
3768 3769
3770 3776
3771 3773
3771 3772
3772 3773
3774 3775
3775 3777
3776 3778
3780 3814
3782 3809
3783 4133
3784 4134
3784 4135
3787 4207
3789 3792
3789 3791
3789 3793
3792 3793
3794 4199
3798 3799
3800 3984
3801 4248
3801 3802
3805 3807
3805 3812
3805 3806
3806 3808
3806 3813
3807 3808
3807 3812
3808 3813
3810 3811
3811 3813
3815 3819
3816 3822
3816 3821
3816 4240
3817 4239
3817 3820
3817 3823
3818 3823
3818 4243
3818 3819
3819 3822
3819 4243
3820 4242
3820 4241
3821 4238
3821 4242
3822 4240
3823 4239
3826 3827
3826 3828
3829 3830
3831 3832
3833 3834
3836 3837
3837 3838
3839 3840
3841 3842
3843 3844
3845 3846
3851 4185
3853 4083
3853 4084
3855 3856
3859 4064
3863 3866
3863 3864
3864 3868
3865 3868
3865 3866
3866 3867
3869 3871
3871 3872
3873 3874
3875 3924
3875 3923
3876 3877
3878 4190
3880 3881
3882 3883
3883 4232
3887 4191
3890 3891
3891 3892
3893 3894
3895 4174
3895 3896
3897 3899
3898 3899
3899 3900
3901 3902
3903 3904
3905 3906
3908 3909
3910 3911
3912 3913
3914 3916
3915 3916
3916 3917
3918 3919
3921 3922
3923 3924
3926 3927
3930 4140
3930 4142
3931 3932
3936 3962
3937 4256
3937 3938
3943 4011
3943 3945
3944 3946
3944 4088
3945 3946
3947 3948
3953 3954
3961 3962
3962 3963
3964 4013
3964 4230
3965 3970
3965 3971
3966 3975
3966 3967
3966 3969
3967 3971
3967 3975
3968 3973
3968 3969
3968 3972
3969 3973
3970 3974
3970 3972
3972 3974
3977 3978
3981 3982
3983 3984
3986 3987
3986 3988
3987 3988
3989 3990
3990 3991
3991 3992
3994 4018
3996 3997
3997 3998
4001 4002
4001 4187
4008 4010
4008 4009
4009 4010
4010 4135
4011 4088
4014 4015
4019 4020
4022 4023
4025 4094
4025 4100
4027 4032
4027 4031
4028 4030
4028 4029
4029 4032
4030 4031
4034 4036
4035 4036
4036 4037
4038 4039
4040 4044
4040 4041
4041 4042
4041 4043
4041 4062
4044 4045
4046 4048
4046 4078
4047 4049
4047 4077
4047 4048
4048 4049
4049 4050
4051 4231
4052 4054
4053 4055
4056 4254
4056 4253
4057 4058
4057 4059
4058 4060
4061 4062
4062 4063
4066 4067
4068 4269
4074 4076
4075 4076
4075 4082
4082 4232
4083 4084
4085 4086
4086 4087
4089 4137
4091 4092
4092 4195
4092 4101
4092 4102
4095 4096
4096 4097
4098 4265
4101 4102
4105 4283
4106 4107
4108 4109
4110 4111
4113 4113
4115 4116
4118 4119
4120 4122
4120 4121
4123 4248
4129 4130
4131 4133
4134 4135
4139 4140
4140 4142
4141 4142
4141 4143
4142 4143
4144 4183
4147 4189
4148 4149
4152 4153
4156 4157
4171 4172
4171 4260
4173 4257
4182 4182
4186 4187
4186 4188
4189 4190
4193 4194
4195 4202
4201 4202
4203 4204
4208 4210
4208 4209
4209 4211
4212 4215
4212 4219
4213 4225
4213 4224
4215 4220
4216 4223
4216 4222
4217 4281
4217 4219
4218 4228
4220 4221
4221 4222
4223 4224
4224 4225
4225 4226
4226 4227
4227 4228
4229 4230
4232 4233
4235 4236
4238 4239
4238 4242
4238 4240
4239 4243
4240 4243
4241 4242
4246 4247
4258 4259
4259 4260
4267 4268
4273 4274
4274 4275
4274 4276
4275 4276
4279 4282
4279 4280
4280 4281
4281 4282
4283 4284
