0 154
0 526
0 57
1 3197
1 3141
2 389
2 3
2 400
2 408
3 401
3 3668
4 311
4 310
4 5
5 408
5 1133
6 301
6 594
6 591
6 2026
7 4480
7 2119
7 8
8 2168
8 2041
9 141
9 18
9 140
10 11
10 141
10 3692
11 4660
11 3693
12 4480
12 2152
12 4660
13 14
13 162
13 2152
14 15
14 162
15 140
15 20
16 17
16 237
16 238
17 18
17 4323
18 19
19 20
19 140
20 137
21 125
21 233
21 3838
22 44
22 227
22 233
23 210
23 223
23 5041
24 4382
24 4204
24 4213
25 55
25 151
25 4479
26 151
26 27
26 56
27 28
27 153
28 4284
28 4381
29 4214
29 4308
29 4381
30 252
30 250
30 149
31 133
31 254
31 252
32 4348
32 4347
32 33
33 126
33 3870
34 255
34 1864
34 128
35 128
35 4345
35 4347
36 540
36 131
36 560
37 132
37 4798
37 539
38 4886
38 41
38 192
39 61
39 192
39 191
40 188
40 5228
40 187
41 187
41 4798
42 1851
42 855
42 1850
43 4748
43 227
43 189
44 190
44 4749
45 4885
45 4883
45 4884
46 4884
46 47
46 115
47 115
47 1738
48 54
48 1730
48 1739
49 1732
49 2420
49 3743
50 78
50 77
50 51
51 3744
51 4013
52 4250
52 4211
52 4249
53 4249
53 3743
53 4248
54 1738
54 1737
55 202
55 58
56 195
56 203
57 203
57 4112
58 150
58 153
59 4662
59 4663
59 150
60 321
60 1226
60 2022
60 2023
60 300
61 4006
61 4005
62 2091
62 3680
62 2021
63 4101
63 5228
63 5139
64 4137
64 5139
64 5228
65 69
65 3883
65 3884
66 3884
66 4164
66 4165
67 4164
67 68
68 69
69 70
70 231
70 232
71 4627
72 153
72 515
72 520
73 555
73 556
74 558
74 75
75 559
76 1850
76 550
76 4051
77 78
77 84
78 3743
79 80
79 85
79 83
80 81
80 85
81 82
81 4254
82 3745
82 3831
83 84
83 3745
84 3745
85 86
86 90
86 89
87 4255
87 513
87 4256
88 94
88 93
88 4255
89 90
89 94
90 91
91 4256
91 4257
92 4797
92 381
92 2990
93 97
93 94
95 96
95 99
95 97
96 3613
96 97
98 3723
98 101
98 99
99 3723
100 101
100 3742
100 3739
101 3729
102 4694
102 4312
102 3771
103 3739
103 4694
103 3736
104 3972
104 105
104 108
105 106
105 3972
106 3976
106 107
107 4697
107 3976
108 4639
108 3597
109 114
109 5084
109 5085
110 113
110 111
110 5082
111 5085
111 113
112 121
112 4163
112 5086
113 121
114 115
114 5090
116 5081
116 117
116 4973
117 3838
118 120
118 4973
119 120
119 236
119 235
120 3688
121 124
122 124
122 206
122 208
123 129
123 208
123 210
124 205
125 234
125 3684
126 127
126 861
127 861
127 255
128 4345
129 130
129 4749
130 3838
130 233
131 5031
131 132
132 4886
133 1457
134 149
134 835
134 152
135 152
135 193
135 1456
136 549
136 547
136 4334
137 138
137 5207
138 3683
138 139
139 238
139 239
141 3692
142 4092
142 143
143 144
143 970
144 965
144 4998
145 4997
145 146
145 3622
146 3622
146 3624
147 3624
147 3998
147 4092
148 544
148 4114
148 4522
149 835
150 151
152 248
154 532
154 155
154 524
155 156
155 529
156 971
156 4652
157 1131
157 165
157 1179
158 1217
158 468
158 1232
159 3966
159 184
159 3965
159 3967
160 2163
160 161
161 2147
162 2147
163 1091
163 1092
164 165
164 1118
164 166
165 167
167 1127
167 168
168 172
168 185
169 4111
169 3672
169 3671
170 4106
170 403
170 4111
171 3673
171 1122
171 4166
172 183
172 1196
173 200
173 201
173 4216
174 4217
174 203
174 196
175 176
175 340
175 3114
176 180
176 179
177 178
177 355
177 354
178 179
178 355
179 180
180 204
181 4198
181 204
181 342
182 3114
182 3499
182 4198
183 4170
183 4168
184 2021
184 2091
184 2167
185 1178
185 1168
186 1185
186 1125
186 1129
187 188
188 189
189 190
190 191
191 192
193 248
193 249
194 195
194 4105
194 3674
195 196
196 202
197 201
197 198
197 4217
198 4217
198 199
199 200
199 4218
200 4218
201 4216
202 4112
204 341
205 207
205 206
206 207
207 4163
208 4748
209 212
209 229
209 211
210 211
211 227
212 213
212 232
213 214
213 218
214 224
214 1640
214 226
215 216
215 4370
215 218
216 1791
216 4370
217 220
217 1791
217 1793
218 221
219 226
219 221
219 220
220 221
222 225
222 226
222 223
223 224
224 225
225 5041
225 1672
225 1671
228 230
229 230
229 231
230 232
231 247
234 239
234 235
235 236
236 240
237 240
237 238
239 240
241 730
241 242
241 726
242 751
242 731
243 718
243 739
243 719
244 4778
244 246
244 3661
244 4777
245 742
245 3951
245 753
246 793
246 820
248 4347
248 4348
249 250
249 251
250 4213
251 253
251 4214
252 253
253 254
255 859
256 263
256 283
256 318
257 726
257 258
258 5092
258 495
258 415
259 289
259 3666
259 298
259 268
260 318
260 262
260 303
261 3666
261 288
262 263
262 271
263 284
263 272
264 725
264 274
264 703
265 266
266 273
266 275
266 284
267 292
267 709
267 707
268 599
268 639
269 598
269 297
269 291
269 709
270 705
270 723
270 704
270 725
271 272
271 282
272 285
272 281
273 280
273 276
273 294
274 276
274 275
275 276
276 279
277 707
277 293
277 705
278 279
279 293
279 280
280 292
280 295
281 282
281 286
281 289
282 637
283 284
283 319
284 285
285 294
285 286
286 295
286 290
287 298
287 599
287 297
288 289
288 637
289 290
290 298
290 296
291 292
291 296
292 293
294 295
295 296
296 299
297 299
298 299
300 304
300 320
301 305
301 320
301 302
302 303
302 306
303 591
304 307
304 308
305 308
305 306
305 310
306 316
306 315
307 308
307 311
309 317
309 314
309 313
310 311
310 312
312 315
312 314
313 4127
313 3973
314 316
315 316
316 318
317 5092
317 5093
319 5173
320 321
321 2026
322 325
322 4218
322 326
323 326
323 3502
323 328
324 327
324 328
324 325
325 326
327 3071
327 328
329 4727
329 3072
329 334
330 331
330 338
330 337
331 332
331 338
332 333
332 4528
333 334
333 3483
334 335
335 336
335 4727
336 337
336 4726
337 3086
338 3112
339 340
339 3111
339 3115
340 341
341 345
342 3113
342 343
343 344
343 349
344 349
345 347
345 350
346 347
346 349
346 348
347 348
348 350
351 352
351 4197
351 355
352 353
352 4197
353 361
353 364
354 3819
354 3135
356 357
356 362
356 364
357 387
357 3062
358 359
358 2836
358 2842
359 360
359 2836
360 367
360 365
361 5022
361 367
362 363
362 364
363 365
363 368
365 366
366 368
366 444
367 368
369 2041
369 370
369 3955
370 3956
370 2174
371 2180
371 5066
371 2954
372 2172
372 375
372 2191
373 374
373 2264
373 2171
374 377
374 376
374 2264
375 2981
375 2805
376 377
376 378
377 2803
378 379
378 2992
379 2317
379 381
380 381
382 5071
382 5063
382 383
382 5070
383 613
383 384
383 609
384 5065
384 5063
384 385
385 5070
385 2177
386 767
386 2838
386 695
387 3063
387 2841
388 1168
388 408
388 1171
388 389
389 1197
390 413
390 400
390 406
391 405
391 422
391 404
391 424
392 499
392 3055
392 441
393 3643
393 394
393 503
394 569
394 502
395 581
395 586
395 396
396 580
396 3101
396 573
397 577
397 398
397 691
397 3063
398 2841
398 2838
399 404
399 401
399 413
400 401
402 4104
402 403
402 404
403 437
404 405
405 413
406 407
406 433
407 4127
407 434
407 3973
408 3973
409 432
409 410
409 412
410 430
410 426
410 411
411 412
411 414
412 434
413 414
414 433
414 424
415 431
415 432
416 417
416 419
416 4925
417 418
417 443
417 440
418 421
418 419
418 4107
419 420
420 423
420 421
421 422
421 4788
422 4109
422 423
423 424
423 425
425 430
425 429
426 427
426 429
428 429
429 430
431 435
431 4127
432 435
433 434
434 435
436 437
436 438
436 4109
437 4104
438 4110
438 439
439 3630
439 4107
440 3631
440 3634
441 3056
441 982
441 3140
441 494
442 443
442 3634
442 982
442 3646
443 4926
444 445
444 4784
445 446
445 452
446 451
446 447
447 451
447 452
448 2635
448 2606
448 451
449 453
449 2422
449 2635
450 2607
450 2608
450 453
452 2607
453 2612
454 2499
454 2422
454 2424
455 2494
455 458
455 457
456 457
456 4864
456 460
457 4863
458 3798
458 2493
459 460
459 462
459 3805
460 4865
461 4865
461 462
461 467
462 463
463 464
463 3806
464 465
464 3806
465 466
466 467
467 4823
468 469
468 2020
469 1984
469 2018
470 1982
470 1207
470 1205
470 1218
471 4438
471 1205
471 1204
471 4305
472 4436
472 473
472 1004
472 4042
473 1005
473 1979
473 1960
474 1954
474 480
474 477
475 1932
475 829
475 476
476 479
476 477
476 1930
477 480
477 4977
478 4977
478 1945
478 833
479 1929
479 480
481 482
481 487
481 490
482 483
482 3859
483 484
483 3859
484 485
484 3864
485 4985
485 5221
486 3863
486 3862
486 4985
487 489
487 3863
488 951
488 950
488 493
489 491
489 490
490 951
491 493
491 492
492 4174
492 4175
492 4173
493 4172
494 4925
494 495
494 783
495 498
496 785
496 498
496 795
497 498
499 501
499 506
500 508
500 501
501 507
502 504
502 570
503 504
503 506
504 507
504 505
505 4971
505 508
505 570
506 3643
506 507
507 508
508 788
509 510
509 512
510 4257
510 4256
511 512
511 4258
511 4259
513 2987
513 514
514 4255
514 4012
515 525
515 536
516 521
516 522
516 520
517 518
517 1307
517 521
518 519
518 1308
519 520
519 1285
521 525
522 526
522 523
523 524
523 1325
524 525
526 527
527 1332
527 1325
528 4653
528 535
528 964
529 533
529 534
530 531
530 4274
530 4273
531 534
531 532
532 538
532 1484
533 537
533 4772
534 4274
534 538
535 4384
535 536
536 4273
537 538
537 1484
539 540
539 4379
540 561
541 4377
541 5026
541 5029
542 4377
542 553
542 4055
543 544
543 4523
543 549
544 545
545 546
545 554
546 547
546 552
547 553
548 4052
548 1851
548 4334
549 4493
550 4334
550 5025
551 4354
551 5124
551 1910
552 553
552 4356
554 4354
554 4356
555 557
555 556
557 558
557 559
558 4054
559 4353
560 832
560 1986
561 5024
561 4886
562 4178
562 4179
562 1010
562 912
563 1017
563 4183
563 4184
564 1015
564 4191
564 4188
565 4192
565 5174
565 991
566 567
566 983
566 984
567 568
567 4284
568 846
568 845
569 576
569 583
570 583
570 4974
571 589
571 580
571 572
572 579
572 578
573 579
573 577
574 587
574 575
574 589
575 584
575 582
576 582
576 586
577 578
578 579
579 580
580 581
581 587
582 587
582 585
583 585
584 585
584 4974
586 587
588 589
590 600
590 602
590 593
591 636
592 2027
592 3952
592 594
592 593
593 641
593 595
594 2025
594 595
595 639
595 641
595 636
596 645
596 600
596 597
596 641
597 643
597 642
598 710
598 4750
599 640
600 642
601 612
601 607
601 603
602 3960
602 605
603 606
603 605
604 605
604 3958
604 607
604 2220
605 606
606 642
607 5064
607 2219
608 4762
608 609
608 616
608 611
609 2952
609 614
610 2958
610 2952
610 2957
611 4762
611 612
612 613
613 4762
614 2951
614 769
614 615
615 765
615 616
617 635
617 633
617 670
617 672
618 652
618 629
618 626
618 627
619 621
619 649
619 768
620 4128
620 693
620 621
620 656
621 655
622 624
622 672
622 661
623 648
623 635
623 625
624 682
624 625
625 630
626 628
626 630
627 647
627 651
628 682
628 653
629 648
629 630
631 768
631 778
631 3657
632 649
632 651
632 778
633 827
633 634
634 635
634 647
636 638
637 638
638 639
640 4750
640 641
643 645
643 644
643 716
644 711
644 4751
644 715
645 4751
646 782
646 781
646 825
646 5004
647 657
647 648
649 650
649 652
650 653
650 655
651 652
651 659
652 653
653 654
654 656
654 681
655 656
656 689
657 782
657 659
658 778
658 3656
658 659
658 779
660 828
660 662
660 664
661 671
661 698
661 683
662 5146
662 677
663 664
663 701
663 4938
664 5146
664 699
665 699
665 701
665 698
666 3654
666 674
666 821
667 3651
667 673
667 670
668 669
668 824
668 825
669 670
669 826
669 827
670 822
671 700
671 678
672 673
673 678
673 3653
674 680
674 676
675 680
675 3653
675 677
676 679
676 828
677 678
677 679
679 680
681 683
681 4095
682 683
684 690
684 4095
684 686
685 686
685 698
685 701
686 687
687 5158
687 690
688 690
689 4095
689 693
691 697
691 2839
692 694
693 694
693 4923
694 695
694 697
695 696
696 697
696 2839
699 700
700 5146
702 4009
702 4630
704 4757
704 706
705 706
706 708
707 708
708 710
709 710
711 3664
711 716
711 715
712 717
712 714
712 713
712 3664
713 717
713 719
713 718
714 3663
714 718
715 721
716 3665
717 3665
719 733
720 728
720 4757
720 723
721 728
721 3663
722 732
722 727
722 723
722 730
723 724
724 735
724 745
725 727
726 727
728 729
729 745
729 748
730 731
731 732
732 752
732 735
733 5005
733 756
734 813
734 744
734 4778
735 3667
736 737
737 748
737 739
738 739
739 740
740 755
740 749
741 750
742 4777
742 743
743 750
743 754
744 3667
744 750
745 746
746 3667
746 747
746 749
748 749
750 3667
751 752
751 753
752 754
753 754
755 763
755 813
756 758
756 760
757 758
758 761
758 5004
759 4773
759 814
759 761
760 761
760 763
761 762
763 814
764 4774
764 3660
764 815
765 773
765 770
766 768
766 767
766 770
767 769
767 2949
769 2950
769 770
770 771
771 776
771 772
771 774
772 3658
772 777
773 5005
773 776
774 779
774 3655
775 777
775 776
775 781
777 779
779 780
780 781
780 782
783 784
783 785
784 785
784 787
786 791
786 787
787 790
788 791
788 4976
789 790
789 796
791 792
792 800
792 802
793 794
793 795
794 817
794 808
795 796
796 797
797 804
797 806
797 800
798 802
799 812
799 801
799 804
800 801
801 802
803 4938
803 810
803 828
804 805
805 806
805 807
806 808
807 809
807 810
808 809
809 816
810 812
811 812
813 4778
814 5147
815 819
815 818
816 817
816 819
817 820
818 820
818 3661
819 820
821 3652
822 3652
822 826
823 826
823 824
824 3660
825 827
829 830
829 4982
830 831
830 4982
831 4979
831 832
832 4979
833 4978
833 4979
834 4981
834 4980
834 4978
835 871
836 871
836 841
836 837
837 841
837 843
838 839
838 847
838 841
839 840
839 847
840 843
840 842
842 5155
842 843
842 844
844 4887
844 4888
845 846
845 5220
846 5174
847 848
848 860
848 853
849 860
849 4342
849 4341
850 4341
850 851
850 4337
851 852
851 4337
852 872
852 4428
854 857
854 4425
854 858
855 859
855 1864
856 858
856 4325
856 857
857 858
858 859
860 868
861 872
862 4343
862 863
862 4339
863 4346
863 867
863 864
864 865
864 867
865 866
865 869
866 3872
867 868
868 869
870 871
872 4343
873 4426
874 4425
874 3879
874 4428
875 3879
875 3876
875 3875
876 891
876 877
876 890
877 890
877 5219
877 886
878 882
878 879
878 880
879 880
879 907
880 881
881 882
881 883
882 891
883 888
883 885
884 888
884 887
884 886
885 887
885 886
887 888
889 890
891 893
892 897
892 901
892 900
893 894
894 897
895 4189
895 902
895 5220
896 1019
896 1015
896 991
897 899
898 4182
898 4179
898 4180
899 901
899 902
900 909
900 910
901 905
902 904
903 904
904 905
905 4181
906 912
906 909
906 907
907 908
908 910
909 911
912 913
913 915
913 933
914 1013
914 1044
914 1023
914 1012
915 933
915 916
916 929
916 920
917 920
917 918
917 921
918 4443
918 4133
919 4442
919 4205
919 4444
920 923
921 922
921 923
923 930
924 925
925 930
925 928
926 927
926 945
926 931
926 944
927 928
929 931
929 930
931 943
932 4434
932 954
932 944
933 935
933 943
934 3855
934 3856
934 943
935 937
935 936
937 940
937 938
939 940
940 941
941 3855
941 948
942 948
944 947
945 947
945 953
946 947
948 953
949 4908
949 958
949 4907
950 951
950 4910
952 4911
952 963
952 960
952 957
953 955
954 956
954 958
955 956
955 957
956 961
957 961
957 962
958 960
959 960
960 961
962 963
964 965
964 969
965 966
966 967
966 971
967 975
967 973
968 972
968 970
968 975
969 970
969 3196
971 972
972 3195
973 5121
973 3148
973 974
974 975
974 3147
976 3258
976 3168
976 3342
976 3896
976 3169
977 978
977 3331
977 3329
978 1433
978 979
979 3329
979 3442
980 1262
980 3636
980 3648
981 3648
981 3649
981 3645
982 3647
982 3140
983 984
983 5174
984 992
985 999
985 4479
985 994
985 4989
985 1090
985 4382
986 1114
986 4990
986 1104
987 989
988 989
989 990
990 999
990 992
991 992
993 1008
993 1034
993 1000
994 1008
994 1001
995 996
996 998
996 1019
997 998
998 1024
998 1027
999 1000
1000 1028
1001 1009
1001 4380
1002 4374
1002 4376
1002 4380
1003 4375
1003 4041
1003 4374
1004 4437
1004 4436
1004 4438
1005 4436
1005 4305
1006 1030
1006 1056
1006 1057
1006 4373
1007 1029
1007 1057
1007 1058
1008 1009
1009 4373
1010 1040
1010 1011
1011 1013
1011 1012
1012 1040
1013 1020
1014 1018
1015 1016
1016 1018
1016 1017
1017 4185
1018 4182
1019 1020
1020 1022
1021 1024
1021 1026
1021 1027
1022 1024
1022 1023
1023 1025
1024 1025
1025 1045
1025 1026
1026 1058
1027 1028
1028 1033
1029 1031
1029 1030
1030 1032
1031 1033
1031 1032
1032 1034
1033 1034
1035 4173
1035 4172
1035 4178
1036 1049
1036 1046
1036 1076
1036 1037
1037 1038
1037 1082
1038 1082
1038 1070
1039 3851
1040 1062
1041 4800
1041 1076
1041 1083
1042 1064
1042 1067
1042 1043
1043 1063
1043 3853
1044 1053
1044 1045
1045 1054
1046 1047
1047 1074
1048 1050
1049 1062
1049 1050
1050 1051
1052 3854
1052 1059
1052 1058
1053 1063
1053 1054
1054 1064
1054 1059
1055 1059
1055 1057
1055 1056
1055 1066
1056 3851
1059 1065
1060 1072
1060 1061
1060 1067
1061 1068
1061 1073
1062 1063
1063 1064
1064 1065
1065 1066
1065 1067
1066 1068
1067 1068
1069 1070
1070 1072
1071 1078
1071 1073
1071 1072
1073 4371
1074 4175
1074 1075
1075 1077
1075 1076
1079 1083
1079 1081
1079 1080
1082 1083
1084 4760
1085 4760
1085 1114
1085 1121
1086 1087
1087 1121
1087 1089
1088 4716
1089 1122
1089 4716
1090 4989
1090 4990
1091 1099
1091 1097
1092 1099
1092 1149
1092 1139
1093 1103
1093 1094
1093 1095
1094 1104
1094 1096
1095 1096
1095 1097
1096 1117
1096 1098
1097 1098
1098 1099
1099 1106
1100 1139
1100 1106
1100 1148
1101 1104
1101 1102
1101 1113
1102 1112
1102 1113
1103 4989
1103 1104
1105 1106
1107 1108
1108 1148
1108 1111
1109 1110
1110 1111
1110 1117
1111 1125
1112 1116
1112 1124
1113 1114
1113 1120
1115 1116
1116 4759
1117 4759
1119 1124
1120 1121
1120 1123
1120 1124
1122 1123
1123 1127
1125 4759
1126 1127
1128 1129
1129 1188
1130 1188
1130 1132
1130 1191
1131 1195
1131 1132
1132 4758
1133 1165
1133 1166
1134 1137
1134 1138
1134 1136
1134 1208
1135 4718
1135 1138
1135 1213
1136 1146
1136 1143
1136 1137
1137 1203
1138 1146
1139 1150
1140 1144
1140 1142
1140 1146
1141 4718
1141 1145
1141 1155
1142 1145
1142 1156
1142 1160
1143 1157
1143 1160
1143 1203
1144 4718
1144 1145
1146 1160
1147 1185
1147 1157
1147 1154
1147 1192
1148 1151
1149 1150
1149 1152
1150 1153
1150 1151
1151 1154
1152 1153
1152 1155
1153 1161
1153 1158
1154 1158
1155 1156
1156 1159
1156 1161
1157 1163
1157 1172
1158 1162
1159 1160
1159 1162
1161 1162
1164 1181
1165 1167
1165 1171
1166 1167
1166 1175
1167 1176
1167 1170
1168 1170
1169 1180
1170 1177
1170 1171
1172 1198
1172 1202
1172 1192
1173 1174
1174 1179
1174 1178
1175 1182
1175 1183
1176 1181
1176 1183
1176 1177
1177 1180
1177 1178
1179 1180
1180 1181
1181 1193
1182 1184
1182 1201
1183 1184
1184 1193
1184 1198
1185 1189
1186 1189
1186 1187
1186 1191
1186 1190
1187 1199
1187 1200
1188 1189
1191 1200
1192 1199
1193 1194
1194 3676
1194 1195
1195 1200
1196 4663
1196 1197
1197 4662
1198 1202
1198 1199
1199 3676
1201 1202
1201 1203
1202 1203
1204 1206
1205 1206
1206 1207
1207 4801
1208 1210
1208 1212
1209 1213
1209 4801
1209 1211
1210 1211
1210 1217
1211 1214
1211 1221
1212 1215
1212 1214
1213 4059
1214 1216
1215 1216
1216 4058
1217 1225
1217 1231
1218 1219
1218 1220
1219 1221
1219 4801
1220 1221
1220 1222
1221 1223
1222 1223
1222 1224
1223 1225
1224 1984
1224 1225
1226 1227
1226 1232
1227 1229
1227 1233
1227 1228
1230 1231
1231 1232
1231 1233
1233 1234
1235 3142
1235 1237
1235 1238
1236 1245
1236 1244
1236 1246
1237 1238
1237 1245
1238 1239
1239 4090
1239 3992
1240 5109
1240 5202
1240 5116
1241 3992
1242 5196
1242 1247
1242 3198
1243 1244
1243 5196
1243 1251
1244 1245
1246 1247
1246 3141
1248 5197
1248 1249
1249 4881
1249 5000
1250 1251
1250 1254
1250 5206
1251 4073
1252 1253
1252 4076
1252 3228
1253 1254
1253 4076
1254 5206
1255 1257
1256 1260
1256 4673
1256 4675
1257 4673
1257 4674
1258 1268
1258 4682
1258 4676
1259 4675
1259 4677
1259 4678
1260 1261
1260 4668
1261 4676
1261 4671
1262 1347
1262 3505
1262 1348
1263 1264
1264 1265
1264 1267
1264 4683
1266 4681
1266 4683
1266 1267
1266 4682
1267 1311
1267 1305
1267 4682
1267 4684
1268 4677
1268 4681
1269 4988
1269 1272
1270 1318
1270 1271
1270 3984
1271 1275
1271 1286
1272 1273
1272 1285
1273 4988
1273 1275
1274 1322
1274 4986
1274 1282
1275 3984
1276 5020
1276 1277
1276 1282
1277 1278
1277 5020
1278 1279
1278 5019
1279 1280
1279 5019
1280 1281
1280 5018
1281 1282
1281 5018
1283 1300
1283 1291
1283 1285
1284 1322
1284 4987
1284 1319
1285 1288
1286 1294
1286 1293
1287 1288
1288 1293
1288 1289
1290 1291
1290 1299
1290 1298
1291 1293
1291 1294
1292 1293
1294 1299
1295 1296
1296 1299
1296 1310
1297 1298
1298 1303
1300 1301
1300 4275
1301 1304
1302 1303
1302 1304
1305 4684
1305 4934
1305 4276
1305 4933
1306 4684
1306 4278
1306 1307
1306 4277
1307 4277
1307 1308
1308 4275
1308 4276
1309 4932
1309 4933
1309 4931
1310 4669
1310 4666
1311 1312
1311 1314
1312 1312
1313 1314
1314 4685
1315 4130
1315 4278
1316 5134
1316 1395
1316 1351
1317 1319
1317 1340
1317 1332
1318 1321
1318 5019
1319 1323
1320 5018
1320 1334
1320 1321
1320 1323
1321 1335
1322 1323
1323 1333
1324 1386
1324 1357
1324 1339
1325 1330
1326 1330
1326 1368
1326 1327
1327 1328
1327 4303
1328 1330
1328 1332
1328 4303
1329 1338
1329 1333
1329 1341
1329 1331
1331 1358
1331 1343
1331 1339
1333 1334
1333 1340
1334 1343
1334 1335
1335 1344
1336 1342
1336 1393
1336 1383
1337 1338
1337 1341
1337 1387
1338 1386
1338 1339
1340 1341
1341 4303
1342 1357
1342 3886
1343 1353
1344 1353
1344 1361
1345 1347
1345 1376
1345 1380
1346 1353
1346 1359
1346 1360
1347 1381
1348 1349
1348 1354
1349 1350
1349 1355
1349 1381
1350 1356
1350 1351
1350 1380
1351 1358
1351 1383
1352 1385
1352 1362
1352 1393
1354 1355
1354 1361
1355 1360
1355 1356
1356 1359
1357 1382
1358 1382
1358 1359
1359 1360
1360 1361
1362 1389
1362 1391
1363 1389
1363 1368
1363 1364
1364 1485
1364 1368
1365 1407
1365 1411
1365 1367
1366 1417
1366 1367
1366 1411
1367 1372
1369 1373
1369 1370
1369 1417
1370 1371
1370 1544
1371 1372
1371 4120
1372 4120
1373 1545
1373 4117
1374 1435
1374 1375
1374 1545
1375 1544
1375 4118
1375 4117
1376 1379
1376 1392
1377 5130
1377 1378
1377 1383
1378 5128
1378 1390
1379 1395
1379 1380
1380 1381
1382 1383
1384 1388
1385 1387
1385 4945
1385 1388
1386 1387
1387 3886
1388 1389
1390 5125
1390 1393
1391 1398
1391 5125
1392 3507
1392 1394
1394 5133
1394 1395
1396 1425
1396 1421
1396 1408
1396 1423
1397 1403
1397 1404
1397 1398
1398 1399
1399 1406
1399 3570
1399 3554
1400 1401
1401 1403
1401 1402
1402 1403
1402 3888
1404 1410
1404 1405
1405 1406
1405 1416
1406 1415
1407 1408
1407 1409
1408 1413
1409 1485
1409 1410
1410 1413
1410 1414
1411 1421
1412 1426
1412 3465
1412 4096
1413 1414
1414 1416
1415 3890
1415 1416
1417 1419
1418 1431
1418 1427
1418 1429
1418 5171
1419 1420
1419 1423
1420 5153
1420 1422
1421 1422
1422 4119
1423 1424
1423 1442
1424 1427
1424 1425
1424 1442
1425 1426
1426 1427
1427 1436
1428 1431
1428 3453
1428 3455
1430 1431
1431 1432
1433 1440
1433 1434
1434 1434
1435 1440
1435 1443
1435 1536
1436 1438
1436 1437
1437 1439
1437 1441
1438 1439
1438 1443
1439 1444
1440 1518
1440 1445
1441 3444
1441 3455
1442 1443
1443 1446
1444 1445
1444 1446
1445 1446
1447 4280
1448 1453
1448 4279
1448 4280
1449 1455
1449 1454
1449 1452
1450 1451
1451 1452
1451 1453
1452 1453
1454 1459
1454 1455
1455 4279
1456 1457
1456 1473
1457 1458
1458 4702
1458 4703
1459 1461
1459 4281
1460 1461
1461 1463
1462 1463
1463 1464
1464 1467
1464 1468
1465 1466
1466 1467
1468 5151
1468 1469
1469 4919
1469 1472
1470 4832
1470 1480
1470 1471
1471 1471
1472 1474
1472 1475
1472 1473
1473 4701
1475 1477
1475 1479
1476 1477
1477 1478
1478 1483
1478 1479
1479 1481
1480 1482
1480 1481
1481 1482
1482 1483
1483 4345
1484 1485
1486 1490
1487 1488
1488 4120
1488 1490
1489 1492
1490 1492
1490 1493
1491 1492
1494 1525
1494 1526
1494 1524
1494 3896
1495 1498
1496 4772
1496 1499
1496 1498
1497 1498
1499 4730
1499 1501
1500 1501
1500 1547
1500 4195
1501 1507
1502 4100
1502 4098
1502 1505
1503 4100
1504 1505
1505 4100
1505 1511
1506 4097
1507 1509
1507 4097
1508 1509
1509 1511
1510 4099
1511 4099
1512 1514
1513 1522
1513 1515
1513 1514
1514 1515
1515 1521
1516 1540
1516 1521
1516 1519
1516 3894
1517 1537
1517 1542
1517 1552
1518 1533
1518 1537
1519 1542
1519 1532
1520 1521
1523 1584
1523 3897
1523 3168
1523 3167
1524 5144
1524 1586
1525 1586
1525 3897
1526 1527
1527 1530
1528 1529
1529 3895
1529 1530
1530 1531
1531 1598
1531 1603
1532 1534
1532 3893
1532 1533
1533 1535
1534 1535
1536 1551
1536 1537
1538 1541
1539 1550
1539 4729
1539 4118
1540 1541
1540 1542
1540 1550
1541 4729
1543 4194
1543 3894
1543 4193
1544 4117
1544 4118
1545 4117
1546 4195
1546 1549
1546 4194
1547 4193
1547 4195
1548 1549
1548 3331
1548 3334
1549 4194
1550 1553
1551 1552
1551 1553
1552 1553
1554 1564
1554 4730
1554 1555
1555 4730
1555 1566
1556 1557
1557 1559
1557 1565
1558 1559
1559 5118
1560 1563
1560 1565
1560 1561
1561 1562
1561 5120
1562 1577
1562 1579
1564 5119
1564 5117
1565 1570
1566 1574
1566 1568
1567 1568
1567 1570
1569 1578
1569 1572
1569 1582
1570 1571
1571 1572
1572 1577
1573 1593
1573 1578
1573 1574
1574 1575
1575 1576
1575 3895
1577 1580
1578 1583
1579 1581
1579 1587
1580 1581
1582 1587
1582 1583
1583 1592
1584 1609
1584 1585
1585 1604
1585 1586
1587 1591
1588 1614
1588 1609
1588 1590
1589 3899
1590 4892
1590 1613
1591 1595
1591 1592
1592 1594
1593 1594
1593 1598
1594 1599
1594 1595
1595 1600
1595 1596
1596 1601
1596 3899
1596 1619
1597 1617
1597 1619
1597 1616
1598 1599
1599 1604
1599 1600
1600 1605
1600 1601
1601 1606
1601 1602
1603 5145
1603 5144
1604 1608
1604 5145
1605 1606
1605 1608
1605 1614
1606 1611
1606 1607
1608 1609
1610 1611
1611 1613
1612 1613
1613 1614
1615 1617
1616 3155
1616 1622
1617 1620
1618 1620
1619 1620
1621 1624
1622 5121
1622 1624
1623 1624
1625 1626
1626 1633
1626 1632
1627 1628
1627 1643
1627 1645
1628 1630
1628 1644
1629 1632
1629 1630
1629 1639
1630 1639
1631 4026
1631 4358
1631 1633
1632 1633
1634 1760
1634 1759
1634 1641
1635 1638
1635 1636
1635 1760
1636 1637
1636 1638
1637 1641
1637 1642
1638 1639
1640 1644
1640 1641
1642 1644
1643 1647
1643 1645
1645 4026
1646 1661
1647 1650
1647 4037
1648 4299
1648 1649
1648 4358
1649 4009
1649 4358
1650 4035
1650 4038
1651 1668
1651 1656
1651 1666
1652 1669
1653 3843
1654 1660
1654 1657
1654 1655
1655 1656
1655 3841
1656 1660
1657 3841
1657 1658
1658 1660
1658 3843
1659 1661
1659 1659
1661 4037
1662 1666
1662 1663
1662 1672
1663 1664
1663 1673
1664 1707
1664 1671
1665 1666
1667 1670
1667 1668
1667 1673
1668 1669
1669 1670
1670 1676
1671 1672
1673 1676
1674 1677
1674 1682
1674 1683
1675 1679
1675 1688
1675 1678
1676 1677
1677 1680
1677 1681
1678 1687
1678 1688
1679 1683
1679 1681
1680 1689
1680 1688
1681 1682
1682 1683
1684 1685
1684 1690
1685 1691
1686 1687
1686 1701
1689 1690
1691 1701
1691 1698
1692 1702
1692 1703
1692 1706
1693 1726
1693 1707
1693 1727
1694 1698
1694 1704
1694 1696
1695 1696
1695 4654
1695 4656
1696 4654
1697 3839
1697 1698
1697 1719
1697 1701
1698 1713
1699 1700
1699 1725
1699 1713
1700 1729
1700 1719
1702 1704
1702 1703
1703 1707
1704 1706
1705 1706
1708 1713
1708 1712
1708 1725
1709 1714
1709 1725
1709 1710
1710 1729
1710 1711
1711 1728
1711 1716
1712 4959
1712 1714
1714 1715
1715 4655
1715 1716
1716 1717
1718 1719
1718 1722
1718 1728
1720 1724
1720 5077
1720 1721
1721 3839
1721 1722
1722 1723
1723 1724
1723 4288
1724 4359
1726 1727
1726 4162
1727 5080
1728 1729
1730 1742
1730 1739
1731 1732
1731 4248
1731 1750
1732 1739
1733 4360
1733 4361
1733 1734
1734 4363
1734 1736
1735 1737
1735 1736
1735 4364
1736 4885
1737 1738
1740 1743
1740 1754
1740 1753
1741 1749
1741 1742
1741 1752
1742 1750
1743 1744
1743 1749
1744 1748
1744 1749
1745 1746
1745 4296
1745 1747
1746 1751
1746 4296
1747 1748
1747 4313
1748 4313
1750 1752
1751 4964
1751 4965
1752 4964
1753 1754
1753 4637
1754 1757
1755 1756
1755 1757
1755 4636
1756 4637
1756 4638
1757 4636
1758 3977
1758 4208
1758 4295
1759 1761
1759 1760
1761 4917
1761 4918
1762 1763
1762 4918
1762 1835
1763 1765
1763 4851
1764 1770
1764 4851
1764 1780
1765 1766
1765 1780
1766 1807
1766 1772
1767 1819
1767 1822
1767 1833
1768 1772
1768 1801
1768 1807
1769 1772
1769 1802
1769 1801
1770 1776
1770 1778
1771 1779
1771 1807
1771 1808
1772 1835
1773 1776
1774 1776
1774 4027
1774 1777
1775 1779
1775 1784
1775 1777
1777 1778
1778 1781
1779 1783
1779 1781
1780 1781
1782 1792
1782 1784
1782 1799
1783 1784
1783 1799
1785 1792
1785 1786
1786 1798
1787 1828
1787 1814
1787 1832
1788 1810
1788 1789
1788 1814
1789 1818
1789 1812
1790 1800
1790 1794
1790 1792
1791 1793
1793 1818
1794 1795
1794 1799
1795 1806
1795 1800
1796 1824
1796 1806
1796 1808
1797 1806
1797 1832
1797 1798
1798 1800
1801 1819
1801 1808
1802 1834
1802 1835
1803 1829
1803 1813
1803 1804
1804 1827
1804 1837
1805 1826
1805 1825
1806 1823
1809 3845
1809 1822
1809 1833
1810 1816
1810 1811
1811 1815
1811 1812
1812 1813
1813 1827
1814 1816
1815 1816
1815 1828
1817 1825
1817 1831
1817 1823
1818 1827
1819 1824
1819 1821
1820 1821
1821 1822
1822 1834
1823 1831
1824 1833
1825 1833
1826 1831
1828 1830
1829 1829
1830 1831
1830 1832
1834 1836
1836 1837
1838 4019
1839 1841
1839 4116
1839 4319
1840 4941
1840 4020
1840 4318
1842 5222
1842 1843
1842 4378
1843 5227
1843 4368
1844 1846
1844 1845
1844 5003
1845 4116
1845 1846
1846 4786
1847 1927
1847 1930
1847 1872
1847 1941
1848 1941
1848 1944
1848 4898
1849 1873
1849 1870
1849 1871
1850 4057
1851 1852
1852 4057
1852 1855
1853 1854
1853 1856
1853 1859
1854 1876
1854 1855
1855 1876
1856 1857
1856 1868
1857 1861
1857 1858
1858 1859
1858 4478
1859 4324
1860 1874
1860 1875
1860 1865
1861 1862
1861 4325
1862 1865
1862 4325
1863 1865
1863 1864
1863 3878
1866 1867
1866 1868
1866 4057
1867 1869
1867 1868
1869 4507
1869 4509
1870 4512
1870 4335
1870 4511
1871 3873
1871 4335
1872 4515
1872 1927
1872 4516
1873 4513
1873 4514
1874 5230
1874 1875
1875 4327
1876 4418
1877 4502
1877 4503
1877 1880
1878 4500
1878 4498
1878 4502
1879 4493
1879 4135
1879 4494
1880 4503
1880 4418
1881 1887
1881 1882
1881 1884
1881 1903
1882 1885
1882 1883
1883 1885
1883 1884
1884 3881
1885 5175
1886 1892
1887 1890
1887 1891
1888 1890
1888 3882
1888 1889
1889 1891
1889 4495
1890 1891
1892 3882
1892 1893
1894 1896
1894 1899
1894 1904
1895 1896
1895 1905
1897 4844
1897 4846
1898 1900
1898 4845
1898 4843
1899 4924
1899 1901
1900 1901
1900 5106
1901 1902
1903 1904
1903 4503
1904 5176
1905 1908
1905 1906
1905 4499
1906 1906
1907 4848
1908 4848
1908 5105
1909 4517
1909 4115
1909 4520
1911 4469
1912 1917
1912 4470
1912 4469
1913 4333
1913 1919
1913 1925
1914 1915
1914 4424
1914 4427
1914 4429
1915 1923
1915 4330
1916 4449
1916 4330
1916 4447
1917 4328
1917 4329
1918 1923
1918 1919
1918 4419
1919 4329
1920 4333
1920 4332
1920 4471
1921 1922
1921 5163
1921 4429
1921 5164
1921 3874
1922 4429
1922 4427
1922 5164
1923 4449
1924 4470
1924 4472
1924 4471
1925 4421
1925 4422
1926 4970
1926 4431
1926 4430
1927 4516
1927 1929
1928 1932
1928 1935
1928 1934
1928 5033
1929 1930
1930 1931
1931 1932
1931 1933
1933 1934
1933 1942
1934 1943
1935 1987
1935 1985
1936 4903
1936 1937
1936 1943
1937 1938
1937 3873
1938 1939
1938 1940
1941 4515
1941 1942
1942 1943
1944 4900
1944 4515
1945 1949
1945 4246
1946 1947
1947 1948
1947 4244
1948 1968
1948 4247
1949 4245
1949 4244
1949 4246
1950 1968
1950 1969
1951 1972
1951 1970
1951 1968
1952 1973
1952 1981
1952 1976
1953 1957
1953 1963
1953 1970
1954 1959
1954 1961
1955 1959
1955 1957
1955 1956
1956 1958
1956 1962
1957 1958
1958 1963
1959 1962
1960 1976
1960 1978
1961 1967
1961 1964
1962 1964
1962 1966
1963 3848
1964 1965
1965 1967
1965 1966
1966 1978
1967 1979
1969 1987
1969 1990
1970 3848
1971 1975
1971 1973
1971 1974
1972 1973
1974 1977
1974 1975
1975 3848
1976 1977
1977 1980
1978 5229
1978 1979
1981 2007
1981 2006
1982 1983
1982 2021
1983 2018
1983 1984
1985 1986
1985 5031
1986 5031
1987 1988
1988 1998
1988 1989
1989 1999
1989 1990
1990 2002
1991 1993
1991 2007
1991 2001
1992 1996
1992 1993
1992 2000
1992 2001
1993 2000
1994 1996
1994 1997
1994 1998
1995 1997
1995 2001
1995 1996
1996 1999
1997 2017
1998 1999
1999 2000
2000 2005
2002 2004
2002 2003
2003 2004
2003 2005
2004 2006
2005 2006
2007 2167
2008 2011
2009 2017
2009 2015
2009 4389
2010 2011
2011 2015
2011 2014
2012 2014
2013 2014
2014 2016
2015 2016
2016 2017
2018 3678
2018 2020
2019 2066
2019 2020
2019 3678
2022 2038
2022 2023
2023 2025
2023 2024
2024 2027
2024 2028
2025 2026
2025 2027
2027 2031
2028 2032
2028 4136
2029 2030
2029 2037
2029 2033
2030 2032
2030 4763
2031 2032
2031 3953
2033 3964
2033 2045
2034 2072
2034 2071
2034 2036
2035 2036
2036 2037
2037 3679
2038 2056
2038 2049
2039 2111
2039 2086
2039 2043
2040 2042
2040 2041
2040 2119
2042 2111
2042 3955
2043 3962
2043 2048
2043 3963
2044 2079
2044 3679
2044 2046
2044 2074
2045 2048
2045 2046
2046 2047
2048 3954
2049 2051
2049 2055
2050 2065
2050 2060
2050 2058
2051 2061
2051 2054
2052 2060
2052 2062
2052 2057
2053 2064
2053 2054
2053 2062
2054 2057
2054 2055
2055 2058
2055 2056
2056 2065
2057 2059
2058 2059
2059 2060
2061 2066
2061 2064
2063 2064
2065 2068
2066 3680
2066 4765
2067 2068
2067 2107
2067 3682
2068 4136
2069 3682
2069 2075
2069 2071
2070 2073
2070 3967
2070 2108
2071 4136
2072 3679
2072 2076
2073 2093
2073 2092
2075 2108
2075 2076
2076 2077
2077 2078
2077 2093
2078 2153
2078 2079
2079 2083
2080 2088
2080 2153
2080 2084
2081 2082
2082 2083
2082 2084
2083 2086
2084 2085
2085 2086
2085 2112
2087 2088
2087 2089
2087 2090
2088 2090
2089 2101
2089 2093
2090 2113
2091 3967
2092 2105
2092 2101
2094 2099
2094 2095
2094 2103
2095 3966
2095 2096
2096 2097
2096 2098
2098 2103
2098 2105
2099 3985
2099 2158
2099 2160
2100 2102
2101 2102
2102 2106
2103 2155
2104 2155
2104 2106
2104 3985
2105 2156
2106 2156
2107 3681
2107 2109
2108 3681
2109 3680
2110 2122
2110 2125
2110 2113
2111 2112
2112 2116
2113 2120
2114 2115
2114 2120
2114 2116
2115 2118
2115 2117
2116 2117
2117 2119
2117 2118
2118 2128
2120 2123
2121 2123
2121 2144
2121 2133
2121 2134
2122 2124
2122 2123
2123 2129
2125 2144
2125 2150
2126 2131
2126 2128
2126 2127
2127 4481
2127 2131
2128 2129
2129 2130
2130 2132
2130 2131
2135 2148
2135 2137
2135 2146
2136 4647
2136 4648
2136 4481
2137 2138
2137 4648
2138 2141
2138 2139
2139 2141
2139 2142
2140 2142
2141 2142
2143 2144
2143 2145
2145 2149
2146 2147
2146 2151
2148 2149
2148 2151
2149 2150
2150 2151
2152 4647
2153 2154
2155 2156
2157 2159
2157 2160
2157 2165
2158 2159
2158 2166
2158 3985
2159 2160
2161 2162
2161 2165
2161 5143
2162 2164
2162 2163
2163 2164
2164 2166
2165 2166
2167 3968
2168 2205
2168 2174
2169 4804
2169 2233
2169 5074
2169 5076
2169 5075
2170 2258
2170 2257
2170 2255
2171 2172
2171 2262
2172 5062
2173 2216
2173 2208
2173 2196
2174 2217
2175 3685
2175 2176
2175 2198
2176 2183
2176 2185
2177 3685
2177 2192
2178 2187
2178 2179
2178 2184
2179 2187
2179 2181
2180 5072
2180 5067
2180 2181
2181 2182
2182 2190
2182 5072
2183 2184
2183 4804
2184 2185
2185 2192
2186 2247
2186 5074
2186 2188
2186 5062
2187 2188
2188 2189
2190 2191
2192 2194
2193 2194
2194 2195
2196 2215
2196 2197
2196 2203
2197 2199
2197 2223
2198 2199
2198 5076
2199 2200
2200 2204
2200 2201
2200 3685
2201 2204
2201 2203
2202 2220
2202 2203
2202 2214
2203 2219
2204 2219
2205 2221
2205 2206
2206 2208
2206 2210
2207 2208
2207 2218
2207 2217
2209 2211
2209 2221
2209 2210
2210 2213
2211 2223
2211 2213
2212 2213
2214 2215
2214 3956
2215 2216
2216 2217
2219 2220
2220 3957
2221 2222
2222 2224
2222 2223
2223 5075
2225 2226
2225 2230
2225 2228
2227 2228
2228 2230
2229 2230
2229 2231
2229 2233
2231 2232
2231 4646
2232 3693
2232 4646
2233 2235
2234 2275
2234 2241
2234 2270
2234 5058
2235 2238
2235 2236
2235 2237
2236 2242
2236 2241
2238 2243
2238 2241
2239 2240
2239 3769
2239 2343
2240 2244
2240 2243
2241 2244
2243 2244
2245 2246
2245 3769
2246 3766
2247 5058
2247 2248
2248 5059
2248 3686
2249 2254
2249 2250
2249 3687
2250 2253
2250 3686
2250 2251
2251 2270
2251 2272
2252 2282
2252 2293
2252 2267
2252 2265
2253 5060
2253 2254
2253 2282
2254 2255
2255 2256
2256 5061
2256 2257
2257 2259
2258 2260
2258 2259
2259 2261
2260 2261
2260 2262
2261 2263
2262 2263
2263 2267
2264 2267
2265 2266
2265 2302
2266 2267
2266 2268
2268 2321
2268 2317
2269 2270
2271 2286
2271 2272
2271 2288
2272 3695
2273 2274
2273 3700
2273 2345
2274 2276
2274 2278
2275 2276
2275 2343
2276 2345
2277 3694
2277 2281
2277 2280
2277 3700
2278 3694
2278 3695
2279 2294
2279 2285
2279 2284
2281 2298
2281 2283
2282 2289
2283 2286
2283 2284
2284 2285
2285 2292
2286 2287
2287 2288
2287 2292
2288 2289
2289 2290
2291 2297
2291 2310
2291 2360
2292 2293
2293 2295
2294 2298
2294 2295
2295 2297
2296 2297
2298 2299
2299 2360
2299 2362
2299 2300
2301 2365
2301 2302
2301 2305
2302 2303
2303 2304
2304 2365
2305 2310
2305 2316
2306 2307
2307 2318
2307 2315
2308 2311
2308 2314
2308 2319
2309 2340
2309 2314
2309 3710
2310 2315
2311 3711
2311 2323
2312 2372
2312 2313
2312 2340
2313 2341
2313 2373
2314 2341
2315 2316
2316 2321
2316 2319
2317 2320
2318 2322
2318 2319
2318 3701
2319 3993
2320 2328
2320 2327
2321 3993
2322 2323
2324 3993
2324 2325
2324 2330
2325 2329
2325 2326
2326 2328
2326 3993
2327 4797
2327 2329
2328 2329
2330 2332
2330 2333
2331 2333
2331 2334
2331 2332
2331 2335
2332 2333
2333 2334
2334 2337
2335 2336
2335 2374
2336 2338
2336 2342
2337 2338
2339 5168
2339 3754
2339 5169
2340 5168
2340 2341
2341 2374
2342 4012
2342 4011
2343 2344
2344 2355
2344 2346
2345 2355
2346 3770
2346 2347
2347 2348
2347 3770
2348 2350
2348 2349
2349 2368
2349 2354
2350 3763
2350 2351
2351 2367
2351 2352
2352 2367
2352 2353
2353 4799
2353 5165
2354 2361
2354 3696
2355 3696
2356 2401
2356 3754
2356 2372
2357 3701
2357 2366
2357 2359
2358 2359
2358 2362
2358 2361
2359 2360
2361 2366
2362 2363
2364 2365
2366 3712
2366 3714
2367 2368
2368 5165
2369 2370
2369 4302
2369 3763
2370 3764
2370 2397
2371 2371
2371 4799
2373 2376
2373 2400
2374 2380
2375 2381
2375 2386
2375 2385
2376 2386
2376 2379
2377 2378
2377 2404
2377 2403
2378 2383
2378 2385
2379 2383
2379 2396
2379 2394
2380 2381
2382 2395
2382 2383
2382 2392
2383 2384
2384 2386
2384 2385
2387 2389
2387 2391
2387 5170
2388 2415
2388 2403
2388 2404
2389 2395
2389 2390
2389 2416
2390 2392
2390 2393
2391 2393
2391 2400
2392 2396
2393 2394
2394 2396
2395 2403
2397 2398
2397 3747
2398 3752
2398 3751
2399 3748
2399 2406
2399 2402
2400 2401
2401 3762
2402 5170
2402 3762
2404 3722
2405 2408
2405 2414
2405 3732
2405 3719
2406 5170
2406 2408
2407 2408
2407 2418
2407 3749
2408 2410
2409 2415
2409 4780
2409 2410
2410 2412
2411 3734
2411 3747
2411 3746
2412 2415
2412 2416
2413 3727
2413 3735
2413 3731
2413 3719
2414 3722
2414 4780
2415 2416
2417 2418
2417 2417
2418 2419
2419 3732
2419 3734
2420 4250
2420 4627
2421 2613
2421 2423
2421 2427
2422 2423
2423 2428
2424 2426
2424 2432
2425 2426
2425 2612
2425 2498
2426 2559
2427 2558
2427 2559
2428 2429
2428 2603
2429 2430
2429 2440
2430 2431
2430 2439
2431 2506
2431 2432
2432 2506
2433 2434
2433 2436
2434 3620
2435 2436
2435 2437
2435 2442
2436 2438
2437 2441
2437 2438
2438 2563
2439 2440
2439 2441
2440 2561
2441 2501
2442 2443
2442 3621
2443 2447
2443 4658
2444 2452
2444 4659
2444 4657
2445 2446
2445 2447
2446 2478
2447 2448
2447 5179
2448 2467
2448 2463
2448 2450
2449 4657
2449 2451
2450 4659
2450 2456
2451 2453
2452 2454
2452 2455
2453 2454
2455 2456
2455 2459
2456 2466
2457 4488
2457 2482
2457 2481
2458 2459
2459 2468
2459 2461
2460 2461
2461 2462
2462 2462
2463 2464
2463 2465
2464 2465
2464 2471
2465 3794
2466 2467
2468 4488
2469 2471
2469 2470
2469 2474
2471 2474
2472 2475
2473 2475
2473 2486
2473 2485
2474 2476
2475 2477
2476 2477
2479 2483
2479 2482
2480 2485
2480 2481
2480 4487
2481 2485
2482 2483
2483 2484
2484 4487
2484 4770
2486 4813
2486 5148
2487 2488
2487 5107
2487 5210
2488 5211
2488 5209
2488 5108
2489 2490
2489 5209
2489 4961
2490 4960
2490 4961
2491 4203
2491 2497
2491 2492
2491 2496
2492 4201
2492 4200
2492 2500
2493 2499
2493 4202
2494 2495
2494 2498
2495 2496
2495 2539
2495 4203
2496 2497
2496 2539
2497 2498
2499 2500
2500 4200
2501 2504
2501 2503
2502 2503
2502 2515
2502 2504
2503 2509
2504 2505
2506 2509
2507 2508
2507 2510
2507 2511
2509 2510
2510 2511
2511 2512
2512 2513
2512 2514
2514 2516
2514 2515
2515 2519
2515 2526
2516 2517
2517 5215
2518 2519
2519 4017
2520 5148
2520 2524
2520 2521
2521 2522
2521 2523
2522 5210
2522 2523
2523 5149
2524 2525
2524 3796
2525 2526
2525 2534
2526 2527
2527 3795
2527 3796
2528 2529
2529 2531
2529 2533
2530 2531
2531 2534
2532 2533
2533 2534
2535 2538
2536 2538
2536 2542
2536 2540
2537 2538
2539 2542
2540 2553
2540 2541
2541 2555
2541 2554
2541 2556
2541 3815
2542 2543
2543 2544
2543 2546
2545 2546
2546 2552
2547 2549
2548 2549
2549 2550
2549 2552
2551 2552
2556 3138
2556 3815
2557 4056
2557 2630
2557 4882
2558 2628
2558 2559
2560 2576
2560 2574
2561 2563
2561 2562
2562 2565
2562 2563
2564 2569
2564 2584
2564 2575
2565 2583
2565 2584
2565 2582
2566 3790
2566 2567
2567 2573
2568 2569
2568 2573
2570 2574
2570 3790
2570 3791
2571 2572
2571 3791
2572 2573
2574 2577
2575 2582
2575 2579
2576 2586
2576 2577
2577 2581
2578 2586
2578 2582
2578 2580
2579 2581
2579 2580
2580 2581
2582 2583
2583 2584
2585 2586
2585 2600
2585 2587
2587 2589
2588 2592
2588 2597
2588 2591
2588 2593
2589 2597
2590 2602
2590 2599
2590 2603
2591 4016
2591 4124
2592 2596
2592 2594
2593 2594
2593 2595
2594 2595
2595 2599
2596 2597
2596 2598
2598 2600
2598 2601
2599 2601
2600 2602
2601 2602
2602 2605
2603 2604
2604 2605
2606 4124
2606 2688
2607 2608
2608 2611
2609 4056
2609 3139
2609 4791
2610 2611
2610 4785
2612 2615
2613 2615
2613 2616
2614 2615
2614 2616
2614 2624
2616 2625
2617 3816
2617 2618
2617 2621
2618 2620
2618 3816
2619 2620
2620 2624
2620 2621
2621 2622
2621 2625
2623 2624
2624 2625
2625 2626
2627 2628
2627 2634
2627 2629
2628 2630
2630 2632
2631 2632
2632 2634
2633 2634
2635 4124
2636 2661
2636 2726
2636 2657
2637 2638
2637 5047
2637 2642
2638 2639
2638 2645
2640 2641
2640 2645
2640 2653
2641 2655
2642 2643
2642 2648
2644 2645
2644 5045
2645 2649
2646 2661
2646 2660
2646 2647
2646 2650
2647 2657
2647 2658
2648 2649
2648 2721
2649 2650
2650 2651
2651 4766
2651 2653
2652 2671
2652 2658
2652 2668
2653 2654
2654 2659
2654 4766
2655 2659
2655 2667
2655 2662
2656 2681
2656 2680
2656 2676
2657 2664
2658 2662
2658 2660
2659 2660
2660 4766
2661 2724
2662 2663
2664 2665
2664 2666
2666 2705
2666 2670
2667 2676
2667 2672
2667 2675
2668 2669
2669 2672
2670 2671
2672 2677
2673 2683
2673 2681
2673 2682
2674 2680
2675 2680
2675 2676
2676 2677
2677 2683
2677 2678
2678 2682
2678 2679
2681 4016
2682 2683
2684 2751
2684 2685
2684 2719
2684 5044
2685 2725
2685 2711
2686 2696
2686 2708
2686 2689
2686 2706
2687 2699
2687 2692
2687 2693
2688 4122
2688 2695
2688 2691
2689 2715
2689 3788
2689 2718
2690 2716
2690 2713
2690 2711
2691 4121
2691 2693
2691 4123
2692 3788
2692 2695
2693 2694
2694 2695
2694 2694
2696 2702
2696 2697
2697 2698
2697 2700
2698 2701
2698 2699
2699 2701
2699 2704
2701 2702
2702 2703
2703 2704
2705 4123
2705 2708
2706 2709
2706 2716
2707 2708
2707 2709
2707 2731
2709 2717
2710 2713
2710 4349
2710 2711
2712 2733
2712 4349
2712 2751
2713 2715
2714 4349
2714 2718
2714 4350
2715 2716
2716 2717
2717 2732
2718 4351
2719 2725
2719 2727
2720 2792
2720 2757
2720 2816
2721 2722
2721 2724
2722 2723
2722 2724
2725 2732
2725 2728
2726 2728
2726 2750
2727 2728
2727 2742
2727 2750
2728 2729
2729 2730
2730 2731
2731 2732
2733 2753
2733 3989
2734 2735
2734 2750
2734 2749
2735 2740
2735 2736
2736 2738
2737 2752
2737 2738
2737 2748
2738 2739
2739 2741
2739 2740
2740 2742
2741 5044
2741 2742
2743 2766
2743 2744
2743 2763
2744 2783
2744 3787
2745 2749
2745 2776
2745 2747
2746 2765
2747 2748
2747 2765
2748 2749
2751 3989
2752 2753
2752 3989
2753 2754
2753 3988
2755 2758
2756 2815
2756 2769
2756 2764
2757 2764
2757 2789
2757 2785
2758 2768
2758 4014
2759 2761
2759 2760
2759 4014
2759 3987
2761 2762
2761 2768
2761 2767
2762 2763
2762 2770
2762 2769
2763 2764
2765 2766
2766 2770
2767 2770
2767 3986
2768 2769
2771 2949
2771 2840
2771 2843
2771 2956
2772 2853
2772 2831
2772 2811
2773 2775
2773 5047
2773 5046
2773 5048
2774 2895
2774 2809
2774 3050
2775 2878
2775 2778
2775 2881
2776 2783
2776 2778
2777 2779
2777 2778
2778 2781
2779 5049
2780 2781
2780 2786
2780 2784
2781 2782
2782 2784
2782 2783
2784 3784
2785 3784
2785 3787
2786 2873
2786 2872
2787 2868
2787 2788
2787 2856
2787 2869
2788 2789
2788 2790
2789 2795
2789 2792
2790 2872
2790 2869
2791 2868
2791 2795
2791 2866
2792 2794
2793 2796
2793 2794
2793 2855
2793 2866
2794 2795
2796 2797
2796 2864
2796 2863
2797 2816
2797 2820
2798 2845
2798 2846
2798 2948
2799 2905
2799 2800
2799 2807
2800 2801
2800 2806
2801 2802
2801 2806
2802 2807
2802 4705
2803 2805
2803 2804
2804 2805
2804 2993
2806 5056
2807 2808
2808 4708
2808 4705
2809 2923
2809 2921
2810 2834
2810 2838
2810 2832
2810 2842
2810 2841
2811 2821
2811 2812
2811 3776
2812 2824
2812 2823
2813 2824
2813 2822
2813 2821
2814 2815
2815 2816
2815 2817
2817 2818
2817 3781
2819 2825
2820 2821
2820 2825
2822 2823
2822 2825
2823 2824
2826 2831
2826 3778
2826 2828
2827 2851
2827 2849
2827 2831
2828 2829
2828 2830
2828 2832
2830 2849
2830 2833
2832 2835
2832 2837
2833 2860
2833 2840
2833 2835
2834 2835
2834 2840
2836 4015
2838 2839
2840 2844
2841 2842
2843 2844
2843 2845
2844 2848
2844 2860
2845 2847
2846 2847
2846 2946
2847 2848
2848 2859
2849 4725
2850 2852
2850 2854
2850 2851
2851 2853
2852 2861
2852 2862
2852 2853
2854 4725
2854 4724
2855 2865
2855 2864
2856 2867
2856 2883
2857 2876
2857 2883
2857 2879
2858 2860
2859 2860
2859 2943
2861 2862
2861 2944
2862 2864
2862 2863
2863 3776
2865 2945
2865 2866
2867 2945
2867 2868
2869 2871
2870 2871
2870 2876
2870 2873
2871 2872
2873 2875
2874 2877
2875 2877
2875 2881
2876 2877
2878 2880
2878 4719
2879 2880
2879 2882
2880 2881
2882 2883
2882 2892
2884 2886
2884 2888
2884 2893
2885 2886
2886 2889
2887 4719
2887 3047
2887 2889
2888 2889
2888 3047
2890 2892
2890 2896
2890 2891
2891 2897
2891 3047
2892 2893
2894 2901
2894 2896
2894 2895
2895 2897
2896 2897
2898 2910
2898 2901
2898 2900
2898 2909
2899 2909
2899 2928
2899 2900
2900 2901
2902 2905
2902 2927
2902 2903
2902 2979
2903 2907
2903 2906
2904 2917
2904 3024
2904 2906
2905 2907
2906 2907
2908 2915
2909 2912
2910 2913
2910 2919
2911 2916
2912 2915
2912 2913
2913 2916
2913 2914
2914 2918
2914 2919
2915 2916
2916 2918
2917 2920
2917 3041
2918 2920
2919 2921
2920 2924
2921 2922
2922 2923
2922 2924
2923 2925
2924 2925
2925 3041
2926 2975
2926 2947
2926 2929
2926 2946
2927 2932
2927 2928
2927 2982
2928 2933
2929 2930
2929 2942
2930 2974
2930 2937
2931 2934
2931 2932
2931 2938
2932 2985
2933 2936
2933 2934
2934 2941
2935 2939
2935 2936
2935 2937
2936 2944
2936 2942
2937 2938
2938 2940
2939 2941
2939 2940
2940 2941
2942 4724
2943 4724
2943 4725
2944 2945
2946 2960
2947 2955
2947 4796
2947 2961
2948 2960
2948 2956
2948 4796
2949 2950
2950 2951
2950 2956
2951 2955
2951 2952
2952 5068
2953 2954
2953 5070
2953 5071
2954 5069
2955 2956
2955 2959
2957 2964
2957 5069
2958 2963
2958 2959
2959 2961
2960 4796
2961 2963
2962 2968
2962 4795
2962 2984
2962 2974
2963 2965
2964 5067
2964 2965
2965 4795
2966 2973
2967 2973
2967 2969
2967 4794
2968 4794
2968 2977
2970 5073
2970 2971
2970 2976
2971 2972
2971 5073
2972 2977
2972 2973
2974 2986
2974 2975
2976 2983
2976 3773
2977 2983
2978 2980
2978 2979
2981 3772
2981 2982
2982 2984
2983 2984
2985 2986
2987 2990
2987 4720
2988 2989
2988 4722
2988 4720
2989 5053
2989 5051
2989 5052
2990 3007
2991 2996
2991 3006
2991 4723
2992 2994
2993 5056
2993 5057
2994 5057
2994 2995
2995 2998
2995 2997
2996 3774
2996 3025
2997 3000
2997 4723
2999 3000
3000 4993
3001 3004
3001 4993
3001 3002
3002 3004
3002 3003
3003 3009
3003 3007
3004 3006
3004 3009
3005 3006
3006 5051
3007 4721
3008 3009
3008 4721
3008 4722
3010 3019
3011 3013
3012 3013
3013 3014
3014 3022
3014 3017
3014 3015
3015 3018
3015 3035
3016 3020
3017 3019
3017 3018
3018 3020
3019 3020
3020 3021
3021 4704
3021 3034
3022 3774
3022 3032
3023 5054
3023 3032
3023 3044
3023 5055
3024 4708
3024 3027
3024 4706
3024 4710
3025 3026
3025 4723
3026 4706
3026 4705
3027 4710
3027 3031
3027 5055
3028 3029
3028 3030
3029 3031
3030 3032
3030 3031
3033 3035
3033 3036
3033 4711
3033 5054
3034 3619
3034 3035
3036 4712
3036 3038
3036 3039
3037 3038
3038 3039
3039 3618
3040 4712
3041 3042
3042 3050
3042 3052
3043 3044
3043 3052
3043 5054
3044 4707
3045 4709
3046 3049
3047 3049
3048 3049
3049 3051
3050 3051
3051 3053
3052 3053
3053 3054
3055 3643
3055 3056
3056 3067
3057 3067
3057 3084
3057 3073
3058 4661
3058 3094
3058 3059
3059 3096
3059 4661
3060 3102
3060 3101
3060 3061
3061 3127
3061 3125
3061 3062
3062 3063
3064 3080
3064 3077
3064 3670
3064 3083
3065 3116
3065 3110
3065 3109
3066 3069
3066 3068
3066 3067
3069 3073
3069 3075
3070 3072
3070 3071
3070 3075
3071 3072
3073 3076
3074 3075
3076 3089
3076 3088
3077 3090
3077 3086
3077 3089
3078 3079
3078 3088
3078 3080
3080 3082
3081 3082
3082 3083
3083 3092
3084 3085
3084 3091
3086 3087
3086 3089
3086 4726
3087 3090
3087 3669
3088 3089
3090 3670
3091 4661
3091 3092
3092 3093
3093 3104
3093 3099
3093 3094
3094 3095
3096 3097
3096 3098
3098 3099
3098 3101
3099 3100
3100 3101
3100 4811
3100 3102
3102 3125
3103 3131
3104 3105
3104 3106
3105 3109
3105 3670
3106 3108
3106 3107
3108 3109
3108 3110
3110 3120
3111 3116
3111 3115
3112 3115
3112 3113
3113 3114
3116 3117
3117 3118
3117 3120
3118 3131
3118 3119
3119 3121
3119 3120
3122 3123
3122 4812
3122 3130
3124 3130
3124 3132
3124 3128
3125 3126
3126 3127
3126 3128
3127 5142
3129 3130
3129 3129
3131 3134
3132 3134
3132 4197
3133 3134
3135 4940
3135 5022
3136 3139
3136 3819
3136 3137
3137 3138
3137 5112
3138 4056
3139 5161
3140 4926
3141 4082
3142 3143
3142 4082
3143 4082
3143 3144
3145 4617
3145 3217
3145 4618
3146 3148
3147 3150
3147 4304
3148 3150
3148 3153
3149 3153
3150 3151
3152 3153
3153 3990
3154 3945
3154 3166
3154 3165
3155 4852
3155 5035
3156 3157
3157 3990
3157 3158
3159 3990
3159 5123
3159 3943
3160 3943
3160 4803
3160 3945
3160 3161
3161 4802
3161 3990
3162 4802
3163 3191
3163 3211
3163 3193
3164 5162
3164 3182
3164 3184
3165 3946
3165 4853
3165 5035
3166 3171
3166 3177
3167 3335
3167 3170
3168 3169
3169 3335
3170 3173
3170 3174
3171 3175
3171 3174
3172 3182
3172 3186
3172 3183
3173 3178
3173 3175
3174 3175
3175 3176
3176 3177
3176 3178
3177 3180
3178 5034
3178 3190
3179 3180
3180 3184
3181 3189
3182 3189
3183 3189
3183 3192
3184 3186
3185 3188
3185 3187
3185 3190
3186 3187
3187 3188
3188 3192
3190 5034
3190 3193
3191 3192
3191 4803
3193 3209
3193 5034
3194 3221
3195 3207
3195 3198
3196 3197
3196 3199
3197 3207
3198 3199
3199 4050
3200 3201
3200 3206
3200 4080
3201 4050
3201 3208
3202 4624
3202 4699
3202 3208
3203 3275
3203 4700
3203 4699
3204 3205
3204 3231
3204 4700
3205 3206
3205 3231
3206 4080
3207 3208
3209 3210
3210 3934
3211 3212
3211 3213
3212 3214
3212 3936
3212 3938
3213 3214
3213 3216
3214 3310
3215 3222
3216 3222
3216 3217
3216 3221
3217 3219
3218 3219
3219 3313
3220 3223
3221 3223
3221 4621
3222 3223
3224 4618
3224 4621
3224 4619
3224 4624
3225 3227
3225 5195
3225 4050
3226 3991
3226 4196
3226 4089
3227 4196
3227 3991
3228 4081
3228 4087
3229 4061
3229 3641
3229 4065
3230 4077
3230 4745
3230 4069
3231 3280
3232 4741
3232 4739
3232 4740
3233 3287
3233 5098
3233 5097
3234 3289
3234 3239
3234 3235
3235 3239
3235 3238
3236 3237
3236 3241
3236 4235
3237 3238
3239 3242
3240 3241
3240 3242
3240 3243
3241 4235
3242 3243
3243 3290
3244 3245
3244 3250
3244 4086
3245 3942
3245 3246
3246 3247
3246 4049
3247 3248
3247 3251
3248 3249
3248 3251
3249 3299
3249 3302
3250 4086
3250 3299
3251 3312
3252 4612
3252 3929
3252 3253
3253 4614
3253 4615
3254 4614
3254 3255
3254 3317
3255 4616
3255 4613
3256 4613
3256 3262
3256 3257
3257 3357
3257 4612
3258 3350
3258 3344
3259 4599
3259 3260
3259 4598
3260 4607
3260 4608
3261 4608
3261 4610
3261 3364
3262 3359
3262 4613
3263 3264
3263 5194
3263 3294
3264 3265
3264 3305
3265 3266
3265 3924
3266 3267
3266 3924
3267 3268
3267 4234
3268 3269
3268 4234
3269 3294
3269 3295
3270 3289
3270 3287
3270 3284
3271 3272
3271 3284
3271 3288
3271 3283
3272 3274
3272 3279
3273 4068
3273 3315
3273 3312
3273 3316
3274 3309
3274 3279
3275 3276
3275 3309
3276 4068
3276 3277
3277 4049
3277 4068
3278 3279
3278 3942
3278 4049
3280 3283
3280 5198
3281 3288
3281 3942
3281 3282
3282 4086
3282 3290
3283 3286
3283 3642
3284 3285
3284 3286
3285 3289
3285 3288
3286 3287
3290 3291
3291 3297
3291 3292
3292 3298
3292 4235
3293 3296
3294 3295
3295 3296
3296 3298
3297 4946
3297 3298
3299 3303
3300 4266
3300 3301
3300 4067
3301 4067
3301 3302
3302 3303
3303 3304
3304 3305
3304 4946
3305 3306
3306 3307
3306 4232
3307 4233
3307 3308
3308 4265
3308 4266
3309 3642
3310 3313
3310 3315
3311 4623
3311 3316
3311 4622
3312 3320
3313 3314
3314 3315
3314 3316
3317 4616
3317 3891
3318 5115
3318 4616
3318 3319
3319 3891
3319 3320
3320 3321
3321 3326
3321 3323
3322 3323
3323 3328
3324 3325
3325 3328
3325 3327
3326 3327
3326 3892
3327 3328
3329 3330
3330 3353
3330 3341
3330 3912
3331 3340
3332 3341
3332 3333
3332 3340
3333 3355
3333 3334
3334 3342
3335 5159
3336 3372
3336 3346
3336 3338
3337 3338
3338 5159
3339 5159
3340 3341
3342 3344
3343 3349
3343 3347
3343 3346
3344 3349
3344 3345
3346 3350
3348 3349
3349 3350
3351 3352
3351 5039
3351 3404
3352 5039
3352 3367
3353 3366
3353 3355
3354 3356
3355 3356
3356 4834
3357 3358
3357 3928
3357 3927
3359 3928
3359 4947
3360 4948
3360 4947
3360 4067
3361 4948
3361 5135
3361 3362
3361 3928
3363 5135
3364 4606
3364 4607
3364 4608
3365 3380
3365 4606
3366 5039
3366 3367
3367 3419
3368 3438
3368 3912
3368 3443
3369 3441
3369 3443
3369 4557
3369 3438
3369 4556
3370 4549
3370 4550
3370 4545
3370 4548
3371 4536
3371 4532
3371 4535
3371 4537
3372 3373
3372 3377
3373 3375
3373 3374
3375 4594
3375 4592
3376 3379
3376 3378
3376 3389
3377 3378
3377 4975
3377 4592
3378 3379
3379 3381
3380 3384
3380 3385
3380 4598
3381 3382
3381 3385
3382 3382
3383 4601
3383 3384
3383 4595
3383 4604
3384 4893
3385 3401
3386 4591
3387 3394
3387 3409
3387 4585
3388 3409
3388 3414
3388 5038
3389 3399
3389 3404
3390 3406
3390 3403
3390 4582
3391 3392
3391 4586
3391 4587
3392 3393
3392 4589
3393 3396
3393 4587
3393 4590
3394 4587
3394 4585
3395 3397
3395 3415
3395 3414
3396 3397
3396 4588
3397 4588
3398 3415
3398 4588
3398 3410
3399 3406
3399 3400
3400 3402
3400 4583
3401 3402
3401 4589
3402 4583
3403 4582
3403 4584
3404 3405
3405 4581
3405 3406
3405 3407
3408 3422
3408 3926
3408 5038
3409 3933
3410 3411
3410 4958
3411 4952
3411 4953
3412 4950
3412 4954
3412 4955
3413 3925
3414 3415
3414 5037
3416 4580
3416 4579
3416 3422
3417 3418
3418 3419
3418 3421
3419 3912
3420 3421
3421 3423
3422 4891
3423 3926
3423 3426
3423 3431
3424 3426
3425 3426
3427 4571
3427 3428
3427 3431
3428 4563
3428 4560
3429 4553
3429 3436
3429 4550
3430 3454
3430 4545
3430 4547
3431 3434
3432 3434
3433 3434
3435 3436
3435 3441
3437 3439
3438 3439
3439 3440
3441 4563
3442 3443
3442 3444
3443 3445
3444 3447
3445 4557
3445 3910
3445 3447
3446 3451
3446 3481
3446 3462
3446 3450
3447 3448
3449 3451
3449 3910
3449 3452
3450 3452
3450 3454
3451 3452
3453 3467
3453 3465
3454 4541
3455 3456
3456 3458
3456 3457
3458 3471
3458 3467
3459 3463
3459 3471
3459 3461
3460 3461
3461 3464
3462 3480
3462 3464
3463 3480
3463 3464
3465 3468
3466 3473
3466 3592
3466 3468
3467 3468
3468 3469
3469 3470
3469 3911
3469 3588
3471 3475
3472 3473
3472 3477
3472 3474
3473 3574
3473 3592
3475 3476
3475 3477
3477 3503
3478 3906
3478 3503
3478 3905
3479 3480
3481 3503
3481 3906
3482 4541
3482 3906
3482 3905
3483 4528
3483 3902
3483 3564
3484 4125
3484 4528
3484 3485
3485 3486
3485 3491
3486 3487
3486 3491
3487 3488
3487 3496
3488 3489
3488 3496
3489 3490
3489 3492
3490 3491
3490 3492
3492 4219
3493 3494
3494 4542
3494 4543
3495 4542
3496 3497
3497 3500
3497 4878
3498 4874
3498 4151
3498 4871
3499 4151
3499 4198
3500 4878
3500 3501
3501 4879
3501 4540
3503 3504
3504 3574
3504 3593
3505 3517
3505 3510
3506 3510
3506 3508
3506 3507
3507 3552
3508 3559
3508 3513
3509 3536
3509 3541
3509 3582
3509 3540
3509 3537
3510 3511
3511 3518
3511 3515
3512 3515
3512 3531
3512 3522
3513 3514
3513 3553
3515 3516
3516 3524
3516 3528
3517 3526
3517 3518
3518 3519
3520 3527
3521 3523
3521 3530
3522 3907
3522 3553
3523 4854
3523 3900
3524 3530
3524 3533
3525 4854
3525 3528
3525 3526
3526 3527
3527 3528
3529 3543
3529 3533
3529 3530
3531 3532
3531 3533
3532 3543
3532 3542
3534 3538
3534 3543
3534 3541
3534 3550
3535 3547
3535 3549
3535 3545
3536 3591
3536 3581
3537 3538
3537 3546
3538 3547
3538 3539
3540 3542
3540 3541
3542 3907
3543 3544
3545 4529
3545 3550
3546 3547
3546 3549
3547 3548
3549 3584
3550 4525
3551 4531
3551 4529
3551 3564
3551 4532
3552 3559
3552 3554
3553 3559
3553 3556
3554 3555
3555 3556
3555 3559
3556 3908
3556 3558
3557 3908
3557 3573
3557 3591
3558 3573
3558 3570
3560 3561
3560 3563
3560 4125
3561 4530
3561 3562
3562 4833
3562 4125
3563 4260
3563 4534
3564 4530
3564 3902
3565 4539
3565 3568
3565 3566
3566 3567
3566 3596
3567 4261
3567 3596
3568 3569
3568 4534
3570 3571
3571 3573
3571 3572
3572 3589
3572 3911
3574 3575
3575 3579
3575 3577
3576 3578
3576 3593
3576 3580
3577 3578
3579 3580
3579 3581
3580 3583
3581 3582
3582 3583
3583 3585
3584 3903
3584 3585
3585 3586
3587 3588
3587 3590
3587 4096
3589 3590
3591 3592
3593 3905
3594 3595
3594 4261
3594 4262
3595 3596
3595 3919
3597 4640
3597 4697
3598 3600
3598 3820
3598 3599
3599 3601
3599 3830
3600 3830
3600 3826
3601 3820
3601 4636
3602 3605
3602 3723
3602 3715
3603 3604
3603 3609
3603 3716
3604 3611
3604 3610
3605 3608
3605 3609
3606 3607
3606 5157
3606 3608
3607 3608
3607 3609
3612 3717
3613 3617
3613 3614
3614 3717
3614 3615
3615 3718
3615 3617
3615 3616
3616 3718
3616 3617
3618 4712
3618 3619
3619 4704
3620 3621
3622 3623
3623 3971
3623 3950
3624 4084
3625 3996
3625 4411
3625 3995
3626 4417
3626 4411
3626 4414
3627 4913
3627 4416
3627 4417
3628 5218
3628 4158
3628 4156
3629 4160
3629 5218
3630 4216
3630 3631
3630 4107
3631 3974
3632 3646
3632 3636
3632 3638
3633 3635
3633 3634
3633 3974
3635 3638
3635 5111
3636 3639
3637 3639
3638 3639
3640 3641
3640 4081
3640 3991
3641 4076
3642 4700
3644 3645
3645 3647
3646 3647
3648 3649
3649 3650
3651 3654
3651 3652
3653 3654
3655 3656
3655 3657
3656 3657
3659 3660
3661 4773
3662 3663
3664 3665
3668 4103
3668 4105
3671 4170
3671 4171
3672 4166
3672 4171
3673 4167
3673 4168
3674 4103
3674 4108
3675 3676
3677 3678
3681 3682
3683 3684
3686 5059
3687 5059
3687 5062
3688 3689
3689 3690
3689 4323
3690 3765
3690 4646
3691 3692
3691 4323
3693 4660
3694 3700
3694 3695
3696 3697
3697 3699
3697 3698
3697 3700
3701 3705
3702 3706
3702 3703
3702 3707
3703 3708
3703 5169
3704 3709
3704 3705
3706 3709
3706 3707
3707 5167
3708 3709
3708 3712
3709 3710
3709 3711
3710 3711
3712 3713
3713 3714
3715 3716
3717 3718
3719 3721
3720 3724
3721 3724
3721 3722
3724 3726
3725 3726
3725 3728
3727 3728
3727 3730
3728 4779
3729 3736
3729 3730
3730 3735
3731 3733
3732 3733
3734 3735
3736 3737
3738 3739
3740 3742
3741 3742
3744 4013
3746 3747
3746 3771
3748 3756
3748 3749
3749 3751
3750 3757
3750 3752
3750 3751
3752 3758
3753 4713
3753 3761
3753 3755
3754 3761
3755 3759
3755 3756
3756 3760
3757 3760
3757 3758
3758 3759
3759 3760
3761 3762
3763 3764
3764 4799
3765 4301
3765 3766
3766 4302
3766 4301
3767 3768
3768 3769
3769 3770
3771 4694
3772 3773
3774 5050
3775 3776
3777 3778
3778 3779
3778 3780
3779 3781
3779 3780
3780 3782
3781 3782
3782 3783
3784 3786
3785 3786
3786 3787
3788 3789
3790 3791
3792 3793
3793 3794
3796 3797
3798 3800
3798 3799
3799 3800
3799 3802
3800 3803
3801 4008
3801 3802
3802 4022
3803 3805
3803 3804
3804 4693
3804 4820
3805 4693
3806 4693
3807 3808
3807 4814
3807 3812
3809 3811
3809 4025
3810 3813
3810 4021
3810 3811
3812 3813
3812 4021
3814 4863
3814 3815
3814 4864
3816 3817
3818 3819
3820 3824
3821 3822
3821 3824
3821 4634
3822 3827
3822 4634
3823 3828
3824 3826
3825 3829
3826 3829
3826 3827
3827 3828
3828 3829
3829 3830
3831 4254
3831 3832
3832 3833
3832 4253
3833 3834
3833 3837
3834 3835
3834 4253
3835 3837
3835 4251
3836 4251
3836 3837
3839 3840
3841 3842
3842 3844
3842 3843
3846 4165
3847 4365
3847 4386
3847 4385
3849 3850
3850 3851
3850 3852
3852 4372
3852 4371
3855 3857
3858 3861
3859 3861
3860 3861
3862 3863
3862 4435
3864 3866
3865 4433
3865 3866
3865 4435
3866 4936
3867 3869
3867 3868
3867 3871
3869 3870
3870 4348
3871 3872
3873 4335
3874 3875
3874 4331
3875 3876
3876 3880
3876 5230
3877 3880
3877 3878
3878 3879
3881 3882
3881 4494
3883 4101
3883 3884
3885 4890
3885 4320
3885 4370
3886 3887
3889 3890
3890 4096
3891 4616
3892 5113
3892 5114
3894 4193
3896 3897
3898 3899
3900 3901
3900 3902
3903 3904
3904 4535
3907 3908
3909 4556
3909 4555
3909 4552
3910 4554
3913 4260
3913 4223
3913 4225
3914 4227
3914 3916
3914 4224
3915 4542
3915 4543
3915 3916
3916 3918
3917 4153
3917 4782
3917 4152
3918 4782
3919 4565
3919 4789
3920 3921
3920 4790
3920 4567
3921 4264
3921 3922
3922 5216
3922 3926
3923 3925
3924 3925
3927 3930
3927 3931
3929 4610
3929 4611
3930 4609
3930 4603
3930 5137
3931 4611
3931 3932
3934 3939
3934 3940
3935 3938
3935 3937
3935 3941
3936 3940
3936 3938
3937 3941
3937 3939
3939 3940
3941 4615
3943 3944
3944 3946
3944 5123
3945 3946
3947 3950
3948 3949
3949 5040
3950 4075
3952 3953
3952 3961
3953 3959
3954 3963
3954 3959
3955 3962
3956 3963
3956 3957
3957 3958
3958 3960
3958 3961
3958 3959
3960 3961
3962 3963
3965 4768
3965 3966
3968 5192
3968 4767
3969 3970
3969 4113
3969 5181
3970 4768
3970 4767
3972 4310
3975 5017
3975 4944
3976 5091
3977 3978
3977 3980
3978 4625
3978 3979
3979 4625
3979 4207
3980 3981
3981 3982
3981 4626
3982 3983
3983 4626
3984 5020
3984 4988
3989 5044
3991 4088
3994 3997
3994 3999
3994 4083
3995 3996
3995 3998
3996 3999
3997 3998
3997 4071
3999 4083
4000 4001
4000 4003
4000 4004
4001 4445
4001 4450
4002 4468
4002 4467
4002 4445
4003 4324
4003 4468
4004 4446
4004 4448
4005 4006
4005 4388
4006 4385
4007 4388
4007 4389
4007 4387
4010 4035
4011 4012
4011 4797
4013 4250
4014 4015
4018 4322
4018 4387
4018 4321
4019 4020
4019 4116
4020 4695
4021 4023
4022 4024
4022 4025
4023 4025
4023 4858
4024 4858
4024 4859
4024 4860
4025 4352
4026 4298
4027 4029
4027 4031
4028 4032
4028 4030
4029 4031
4029 4033
4030 4031
4030 4033
4030 4032
4033 4941
4034 4035
4036 4038
4037 4038
4039 4040
4039 4044
4039 4041
4040 4456
4040 4044
4041 4043
4042 4045
4042 4437
4043 4375
4043 4048
4044 4435
4045 4048
4045 4047
4046 4047
4046 4455
4046 4456
4047 4048
4051 4052
4051 4055
4052 4356
4053 4355
4053 4357
4053 4054
4054 4353
4055 4357
4060 4088
4061 4085
4061 4065
4062 4094
4062 4084
4062 4071
4063 4390
4063 4091
4063 4074
4064 4915
4064 4916
4065 4077
4066 5000
4069 4077
4069 4085
4069 4089
4070 4999
4071 4084
4072 4088
4073 4087
4073 5196
4074 4391
4074 4091
4075 4093
4075 4390
4078 4083
4078 4401
4078 4399
4079 4090
4079 5201
4079 5202
4080 4196
4081 4087
4085 4089
4088 5001
4090 5203
4091 4390
4093 4998
4093 4997
4094 4397
4094 4395
4097 4099
4099 4100
4101 4102
4103 4108
4104 4109
4105 4112
4106 4108
4106 4111
4107 4110
4109 4110
4110 4788
4114 4696
4121 4122
4121 4123
4122 4124
4126 5041
4129 5040
4129 4271
4129 4649
4131 4273
4131 4132
4131 4383
4132 4272
4132 4384
4133 4443
4133 4440
4134 4888
4134 4236
4134 4237
4137 4138
4137 5139
4138 4139
4138 4140
4139 4142
4139 4141
4140 4142
4140 4145
4141 4144
4141 4143
4142 4144
4143 4366
4143 4146
4144 4147
4144 4146
4145 4147
4145 4149
4146 4148
4147 4149
4147 4148
4148 4367
4148 4150
4149 5225
4149 4150
4150 4368
4150 4369
4151 4871
4152 4153
4152 4154
4153 4156
4154 4155
4154 4157
4155 5217
4155 4157
4156 4158
4157 4159
4160 4161
4163 5086
4164 4165
4166 4167
4167 4171
4167 4169
4168 4169
4169 4170
4169 4171
4172 4173
4173 4174
4174 4176
4174 4175
4176 4177
4177 4178
4179 4180
4180 4181
4181 4183
4182 4184
4183 4184
4185 4186
4186 4188
4186 4187
4187 4188
4187 4189
4189 4190
4190 4191
4190 4192
4191 4192
4199 4878
4199 4872
4199 4873
4200 4962
4201 4203
4201 4202
4201 4960
4202 4203
4204 4308
4204 4307
4205 4212
4205 4889
4206 5219
4206 4241
4206 4239
4207 4210
4207 4248
4208 4210
4208 4209
4209 4211
4209 4249
4210 4211
4212 4236
4212 4889
4213 4756
4214 4754
4215 4754
4215 4309
4219 4220
4219 4221
4220 4544
4220 4221
4221 4223
4222 4226
4222 4224
4222 4546
4223 4225
4224 4226
4225 4698
4226 4543
4227 4229
4227 4698
4228 4698
4228 4229
4228 4231
4229 4230
4230 4232
4230 4263
4231 4565
4231 4566
4232 4233
4232 4263
4233 4566
4234 5217
4236 4238
4237 4240
4237 4755
4238 4239
4238 4240
4239 4241
4240 4242
4241 4243
4242 4243
4242 4755
4243 4307
4244 4245
4245 4246
4245 4247
4246 4247
4252 4253
4252 4643
4252 4254
4253 4254
4257 4259
4258 4259
4260 4262
4261 4262
4263 4782
4265 4955
4265 4266
4267 4268
4267 4317
4267 4650
4268 4270
4268 4317
4269 4650
4269 4271
4270 4383
4270 4272
4272 4651
4274 4384
4275 4276
4276 4277
4277 4684
4278 4687
4279 4280
4281 4701
4281 4283
4282 4283
4282 4701
4282 4702
4283 4703
4284 4381
4285 4286
4285 4287
4285 4300
4286 4289
4286 4360
4287 4297
4287 4290
4288 4290
4288 4835
4289 4291
4289 4360
4290 4359
4291 4835
4291 4836
4292 4629
4292 4628
4293 4630
4293 4628
4293 4294
4294 4632
4294 4633
4295 4632
4295 4631
4296 4633
4297 4298
4297 4300
4298 4299
4299 4300
4301 4302
4305 4436
4306 4755
4306 4307
4306 4752
4308 4309
4310 4641
4310 4642
4311 4642
4311 4644
4311 4645
4312 4645
4312 4694
4313 4315
4314 4315
4315 4316
4316 4364
4316 4362
4318 4319
4324 4478
4326 4449
4326 4450
4326 4446
4327 4478
4327 4448
4328 4451
4328 4329
4330 4427
4330 4336
4331 4336
4331 5163
4332 4472
4332 4333
4336 5230
4337 4338
4338 4339
4338 4340
4339 4340
4340 4342
4341 4342
4343 4344
4344 4346
4353 4354
4355 4357
4355 5003
4359 5213
4361 4363
4361 4362
4362 4363
4363 4364
4365 4365
4366 4367
4366 4890
4367 4368
4369 5225
4369 5227
4371 4374
4372 4373
4372 4937
4375 4376
4376 4380
4378 4379
4378 5026
4379 5222
4382 4479
4385 4386
4386 4387
4388 4389
4392 4392
4392 4393
4393 4394
4393 4396
4394 4395
4394 4396
4395 4397
4396 4398
4397 4399
4398 4400
4398 4403
4399 4401
4400 4403
4400 4401
4402 4405
4402 4404
4403 4406
4404 4405
4405 4407
4406 4412
4406 4407
4407 4408
4408 4410
4408 4409
4409 4410
4411 4414
4412 4413
4412 4415
4413 4414
4413 4415
4415 4416
4416 4417
4418 4503
4419 4420
4419 4421
4420 4424
4420 4423
4421 4422
4422 4423
4423 4424
4425 4426
4426 4428
4430 4431
4430 4432
4431 4432
4432 4434
4434 4439
4437 4438
4439 4440
4439 4441
4440 4441
4441 4442
4442 4444
4443 4444
4445 4451
4446 4447
4447 4448
4450 4451
4452 4454
4453 4454
4454 4455
4455 4456
4457 4458
4458 4459
4458 4461
4459 4460
4459 4461
4460 4462
4460 4464
4461 4463
4462 4467
4462 4464
4463 4465
4463 4466
4464 4465
4465 4466
4466 4473
4467 4468
4469 4470
4471 4472
4473 4474
4474 4475
4475 4477
4475 4476
4476 4477
4480 4481
4482 4769
4482 4483
4483 4485
4483 4484
4484 4486
4484 4770
4485 4486
4485 4490
4486 4489
4486 4487
4490 4825
4490 4828
4491 4827
4491 4492
4491 4830
4493 4494
4496 4498
4496 4497
4496 4944
4497 5177
4497 4498
4499 4501
4499 4500
4500 4501
4501 4502
4504 4895
4505 4511
4505 4935
4505 4506
4506 4507
4506 4508
4507 4508
4508 4511
4508 4510
4509 4510
4509 4512
4510 4511
4510 4512
4513 4895
4513 4514
4514 4899
4516 4970
4517 4518
4517 4520
4518 4521
4518 4519
4519 4522
4519 4521
4520 4696
4521 5124
4522 4696
4524 4525
4525 4526
4526 4527
4527 4529
4528 4530
4530 4531
4531 4533
4532 4533
4533 4534
4533 4536
4535 4537
4536 4538
4536 4539
4537 4538
4537 4541
4538 4541
4538 4539
4544 4546
4544 4875
4545 4550
4546 4877
4547 4548
4547 4551
4548 4549
4548 4551
4549 4552
4549 4553
4551 4554
4552 4553
4554 4555
4554 4557
4555 4556
4558 4564
4558 4559
4558 4561
4559 5012
4560 5009
4560 4568
4560 5010
4561 4562
4561 4564
4561 5011
4562 4576
4562 5010
4562 4573
4562 4790
4563 5013
4564 4789
4565 4567
4566 4567
4568 4572
4568 4569
4568 4570
4569 5008
4569 5010
4570 4571
4570 4572
4571 4577
4572 4574
4573 4575
4573 5008
4574 4577
4574 5006
4575 4576
4575 5007
4576 4578
4577 4578
4578 5007
4580 4581
4582 4583
4582 4586
4584 4585
4584 4586
4589 4591
4591 4595
4592 4593
4593 4594
4593 4597
4594 4599
4595 4596
4596 4600
4596 4601
4597 4598
4597 4599
4600 5137
4600 4602
4601 4602
4602 4603
4603 4604
4604 4605
4606 4607
4610 4611
4611 4612
4614 4615
4617 4620
4617 4619
4618 4619
4618 4621
4619 4620
4620 4622
4622 4623
4622 4624
4623 4699
4628 4629
4628 4630
4629 4631
4631 4632
4632 4633
4634 4635
4637 4638
4638 5103
4640 5104
4640 4697
4641 4644
4641 4643
4641 4642
4643 4644
4644 4645
4647 4648
4649 4651
4649 4653
4651 4652
4654 4655
4655 4656
4656 5086
4657 4658
4658 4659
4662 4663
4664 4943
4664 4665
4664 4667
4665 4666
4665 4667
4666 4669
4667 4668
4668 4671
4669 4670
4670 4672
4670 4822
4671 4672
4672 4821
4673 4675
4676 4679
4677 4678
4679 4821
4679 4927
4680 4927
4680 4928
4680 4929
4681 4682
4681 4683
4685 4686
4685 4688
4686 4687
4686 4688
4687 4689
4688 4690
4689 4690
4689 4691
4690 4691
4691 4692
4702 4703
4705 4708
4706 4708
4707 4709
4707 5055
4709 4710
4711 5054
4711 4712
4713 4714
4713 4715
4714 4715
4716 4717
4719 5048
4720 4721
4722 5053
4726 4727
4728 4729
4731 4747
4731 5087
4731 4733
4732 4735
4732 5087
4733 5089
4733 5088
4734 5089
4735 4737
4735 4736
4737 5088
4737 4738
4739 5199
4739 4740
4740 4742
4741 4746
4741 4743
4742 4744
4742 4745
4743 4744
4743 4746
4744 4745
4747 4809
4747 4810
4748 4883
4749 4883
4750 4751
4752 4753
4752 5043
4753 5042
4753 4756
4754 4756
4760 4761
4764 4788
4767 4768
4769 4770
4771 4772
4773 4774
4774 4775
4776 4777
4780 4781
4783 4785
4785 4791
4786 4787
4786 4890
4789 4790
4791 4792
4793 5155
4794 4795
4798 5222
4802 4803
4804 5076
4804 5074
4805 4806
4805 4807
4805 5090
4806 4808
4806 5091
4807 5090
4807 4809
4808 4810
4808 5091
4809 4810
4814 4817
4814 4815
4816 4817
4817 4818
4818 4820
4818 4819
4820 4856
4821 4822
4821 4930
4822 4931
4823 4824
4823 4870
4824 4867
4824 4868
4825 4826
4825 4828
4826 4827
4826 4829
4827 4830
4828 4829
4829 4830
4831 4832
4832 4919
4835 4836
4836 4838
4837 5152
4837 5078
4837 4838
4838 4839
4839 4841
4839 5079
4840 4841
4841 4842
4844 4845
4847 4848
4848 4849
4850 4851
4852 4892
4852 4853
4853 4892
4854 4855
4857 4858
4860 4861
4860 4862
4863 4864
4864 4866
4865 4866
4866 4868
4867 4867
4868 4870
4869 4870
4871 4872
4872 4873
4873 4875
4874 4876
4874 4879
4875 4877
4876 4877
4876 4879
4880 4999
4884 4885
4887 4889
4887 4888
4894 5030
4894 4896
4894 4895
4896 4897
4896 5023
4897 4903
4897 4898
4898 4903
4899 4901
4899 5042
4900 4902
4900 4901
4901 5043
4902 4970
4904 4905
4904 4909
4904 4910
4905 4911
4905 4906
4906 4907
4906 4911
4907 4908
4908 4909
4909 4910
4912 4915
4912 4913
4912 4914
4913 4914
4914 4916
4915 4916
4917 4941
4917 4918
4919 4920
4921 4992
4922 4992
4925 4926
4927 4930
4928 4929
4928 4932
4929 4934
4930 4931
4930 4932
4932 4934
4933 4934
4938 4972
4938 4971
4939 4940
4940 5161
4942 4943
4944 5178
4946 5194
4947 4948
4949 4953
4949 4950
4949 4957
4950 4957
4951 4958
4951 4956
4951 4952
4952 4953
4954 4955
4954 4956
4956 4958
4957 5208
4960 4962
4961 4962
4963 4965
4963 4967
4963 4966
4964 4965
4966 4968
4966 4967
4967 4969
4968 5140
4968 4969
4969 5141
4971 4972
4972 4974
4977 4983
4978 4983
4980 4984
4980 4981
4981 4982
4983 4984
4984 5221
4985 5221
4989 4990
4991 5032
4992 4993
4994 5029
4994 5025
4994 5028
4995 4996
4995 5026
4995 5029
4996 5027
4996 5024
4997 4998
4999 5001
5000 5001
5002 5003
5004 5005
5006 5007
5006 5008
5009 5014
5009 5013
5010 5011
5011 5012
5012 5014
5013 5015
5014 5015
5015 5016
5016 5016
5017 5105
5021 5022
5023 5024
5023 5027
5025 5030
5027 5028
5028 5030
5032 5033
5035 5123
5036 5037
5037 5038
5045 5046
5045 5048
5046 5047
5051 5052
5052 5053
5056 5057
5060 5061
5064 5065
5066 5069
5066 5067
5068 5071
5068 5069
5072 5073
5075 5076
5077 5077
5078 5078
5081 5082
5081 5083
5082 5083
5083 5084
5084 5085
5088 5089
5092 5093
5093 5173
5094 5095
5094 5101
5094 5199
5095 5096
5095 5198
5096 5097
5096 5198
5097 5098
5098 5099
5099 5102
5099 5100
5100 5101
5100 5102
5101 5199
5103 5104
5107 5108
5107 5149
5108 5150
5109 5110
5113 5115
5113 5114
5114 5115
5116 5200
5116 5204
5117 5118
5119 5119
5121 5122
5124 5154
5125 5127
5126 5129
5126 5128
5126 5127
5127 5128
5129 5130
5129 5131
5130 5132
5131 5132
5131 5133
5132 5134
5133 5134
5135 5136
5137 5138
5144 5145
5148 5149
5150 5150
5155 5156
5160 5161
5163 5164
5165 5166
5167 5169
5167 5168
5172 5173
5176 5176
5177 5178
5180 5182
5181 5182
5181 5192
5182 5183
5183 5184
5183 5189
5184 5188
5184 5189
5184 5185
5185 5186
5185 5187
5187 5189
5187 5191
5190 5191
5191 5192
5193 5194
5200 5201
5200 5203
5200 5204
5201 5203
5201 5202
5203 5205
5204 5205
5205 5206
5209 5211
5210 5211
5212 5213
5213 5214
5219 5220
5223 5224
5224 5226
5224 5225
5226 5227
