0 1
0 569
0 587
1 43
1 37
1 66
2 5
2 6
2 3
3 8
3 4
4 5
5 209
7 8
7 208
9 14
9 13
10 260
10 656
10 14
11 132
11 12
11 260
12 141
12 50
13 138
13 141
15 16
15 307
15 582
16 192
16 439
17 112
17 192
18 34
18 110
19 725
19 26
19 34
20 32
20 93
20 126
21 22
21 89
21 95
22 259
22 208
23 24
23 125
23 593
24 25
24 356
25 26
25 438
26 33
27 28
27 507
27 33
28 593
28 507
29 691
29 74
30 31
30 691
31 96
32 453
32 470
32 457
33 35
34 35
35 36
36 219
36 188
37 130
37 436
37 131
38 430
38 117
38 122
39 40
39 116
39 117
40 434
40 47
41 66
41 591
41 56
41 653
42 115
42 121
42 116
43 566
43 653
43 484
44 611
44 612
45 508
45 258
45 357
46 47
46 105
46 433
47 434
48 724
48 364
48 98
49 54
49 455
49 591
50 52
50 455
51 719
51 134
51 133
52 53
52 703
53 54
53 690
53 134
54 133
54 455
55 721
55 193
55 717
55 579
56 327
56 610
56 57
57 58
57 512
57 563
58 59
58 559
59 143
59 528
60 61
60 608
60 559
61 535
61 533
62 696
62 63
62 555
63 518
63 101
64 528
64 514
64 65
65 519
65 516
66 690
67 68
67 70
67 73
68 71
68 69
69 70
69 71
70 73
72 73
72 259
72 74
72 75
74 259
75 259
75 209
76 220
76 78
76 228
76 704
76 705
77 632
77 629
77 83
78 79
78 615
78 82
79 251
79 613
79 581
80 708
80 709
80 603
81 603
82 83
82 630
83 654
84 100
84 211
84 711
85 410
85 91
85 468
85 464
86 92
86 87
86 90
86 91
87 89
87 94
87 93
88 95
88 701
88 94
89 90
89 95
90 97
90 96
91 92
92 457
93 94
96 97
97 409
98 413
98 414
98 210
99 151
99 146
99 429
100 586
100 151
101 696
101 544
102 696
102 586
103 107
103 104
103 108
104 108
104 106
105 364
105 365
105 146
106 107
106 450
107 452
108 365
109 600
109 207
109 702
109 111
110 111
110 112
111 317
111 375
112 658
113 146
113 415
114 429
114 115
115 116
116 117
117 118
118 198
118 119
119 145
119 129
120 205
120 128
120 124
121 122
121 571
121 431
122 123
122 436
123 197
123 204
124 597
124 125
125 126
125 453
126 127
126 593
127 726
127 183
128 144
128 145
129 144
129 150
130 486
130 484
130 571
131 320
131 498
132 133
132 135
133 134
134 135
135 582
136 137
136 563
136 140
137 138
137 140
138 139
139 140
139 141
142 524
142 738
142 143
143 738
144 145
146 736
147 527
147 526
147 522
148 671
149 171
149 181
149 440
150 449
151 715
152 440
152 192
152 441
152 439
153 713
153 689
153 181
153 191
154 156
154 171
154 309
155 156
155 277
155 172
156 163
157 179
157 159
157 276
157 309
158 699
158 169
158 698
159 275
159 161
160 668
160 166
160 161
161 167
162 165
162 163
162 660
163 265
163 167
164 661
164 170
164 166
165 166
165 646
167 644
168 668
168 230
168 665
169 275
169 232
170 285
170 230
171 179
171 277
172 261
172 219
172 274
173 233
173 174
173 649
174 175
174 177
175 217
175 176
176 177
176 178
177 479
178 491
178 598
179 714
180 181
180 363
182 726
182 701
182 637
183 184
183 317
184 186
184 185
185 186
185 366
186 221
187 366
187 188
187 221
188 366
189 601
189 190
189 583
190 584
190 251
191 713
191 428
193 194
193 717
194 733
194 721
195 251
195 578
195 580
195 581
196 358
196 605
196 733
197 562
197 200
198 199
198 201
199 206
199 430
200 562
200 206
201 202
201 562
202 203
203 204
203 205
204 205
206 430
207 418
207 702
208 209
208 418
209 417
210 412
210 464
211 548
211 626
211 547
212 478
213 424
213 419
214 218
214 659
214 424
215 218
216 236
217 328
217 233
218 659
219 441
219 503
220 699
220 428
220 704
220 705
221 507
222 301
222 299
222 223
223 224
223 664
224 636
224 299
225 286
225 615
225 226
226 616
226 617
227 621
227 620
227 623
228 229
228 291
228 323
229 279
229 705
229 313
230 279
231 647
232 665
232 699
233 234
234 235
235 710
236 241
237 240
237 687
237 238
238 683
238 679
238 239
238 240
239 681
239 676
240 682
241 687
241 244
242 244
242 250
242 684
243 248
243 249
243 250
244 245
245 246
245 662
247 684
247 248
248 250
251 601
252 423
252 659
252 253
253 254
253 256
254 256
254 255
255 256
255 257
258 508
258 305
260 656
261 263
261 262
262 263
262 264
263 267
264 700
264 265
265 266
267 700
267 269
268 269
268 268
269 272
270 271
270 272
270 273
271 272
271 274
274 649
275 276
276 697
277 278
278 278
279 280
281 282
282 283
282 284
283 284
283 318
284 595
286 297
286 287
287 296
287 298
288 289
288 298
288 294
289 290
289 293
290 292
290 291
291 625
295 298
299 300
300 358
300 303
301 340
301 354
302 336
302 331
302 339
303 331
303 330
304 511
304 305
305 734
306 481
306 307
306 485
307 582
308 333
309 310
311 595
311 313
311 312
312 313
314 674
314 315
314 317
315 316
315 600
316 674
316 729
317 490
319 628
319 319
320 498
320 692
320 438
321 688
321 485
321 689
322 483
322 482
322 481
323 326
323 324
324 326
324 325
325 706
325 707
328 423
328 682
329 331
330 355
330 509
332 343
333 334
333 338
334 335
334 339
337 339
337 338
337 346
338 344
339 349
340 341
340 342
340 343
341 341
343 344
344 346
345 346
347 351
348 350
350 352
350 351
351 355
352 354
352 353
354 734
355 511
356 438
356 498
357 612
357 611
358 359
359 627
359 639
360 361
360 636
360 640
361 721
361 636
362 363
362 362
363 697
364 414
365 414
367 374
367 373
367 395
368 370
369 728
369 375
369 371
370 404
370 372
371 391
371 383
372 416
372 426
373 379
373 376
373 657
374 398
374 395
375 444
376 386
376 426
377 385
378 401
378 383
378 408
379 392
379 500
380 444
380 404
380 462
380 443
381 499
381 400
381 501
382 386
383 500
384 397
385 392
385 403
386 392
387 391
388 400
388 477
388 443
389 399
389 404
389 426
390 402
391 402
391 407
393 728
394 402
395 398
396 400
397 405
397 728
398 500
400 427
402 406
409 506
410 412
410 506
411 413
411 412
413 723
416 722
418 459
419 658
419 420
419 599
420 497
420 421
421 422
421 493
422 423
422 650
425 565
428 584
431 432
431 446
433 435
433 437
434 435
435 727
436 571
437 727
438 606
439 440
440 441
442 443
444 445
447 467
448 449
448 450
448 452
449 451
450 451
450 452
451 568
453 454
454 470
454 568
456 458
456 473
456 460
457 470
458 472
458 461
459 475
459 474
460 472
460 475
462 463
462 469
463 466
463 469
464 468
465 471
466 469
466 471
467 468
471 737
472 475
474 737
474 722
476 737
478 737
478 722
479 496
480 703
480 693
480 725
481 483
482 692
482 693
483 487
484 486
485 487
487 688
488 497
489 495
491 495
491 492
492 495
492 497
494 496
502 568
503 504
505 575
508 707
510 511
513 514
514 515
517 518
518 540
519 542
519 520
521 524
523 527
524 527
525 546
526 548
526 546
528 531
529 531
530 531
532 537
534 536
535 536
535 537
536 554
537 538
539 540
540 542
541 738
542 543
544 550
544 547
545 547
546 556
548 549
551 552
551 555
551 554
553 554
555 560
557 558
558 561
558 559
559 694
563 641
564 565
565 566
566 570
567 656
570 571
570 609
572 574
572 585
573 576
573 577
574 577
575 720
575 577
576 579
576 578
578 579
578 601
579 580
580 581
580 721
583 688
583 712
584 704
588 588
588 589
589 590
589 716
591 690
591 592
594 595
594 596
596 706
600 675
602 603
604 604
604 605
605 708
607 694
614 615
617 619
617 620
618 620
622 623
623 625
624 625
628 655
628 654
629 630
629 631
630 631
631 633
632 634
632 633
633 635
637 670
637 671
638 708
641 651
641 642
643 644
644 646
645 646
647 700
648 649
652 653
654 655
655 664
660 661
663 663
663 664
665 666
666 667
667 668
669 726
670 670
671 672
673 674
676 677
676 679
678 679
680 682
681 683
684 685
686 687
689 712
692 693
694 695
697 698
698 699
701 702
702 729
703 725
706 707
711 715
712 713
715 736
716 720
716 718
717 718
718 719
719 720
723 724
730 733
730 732
730 731
734 735
