0 152
0 746
0 1662
1 749
1 136
1 833
2 163
2 165
2 741
3 415
4 5
4 8
4 989
5 6
5 1504
6 7
6 738
7 1380
7 738
8 9
8 1504
9 10
9 13
10 1505
10 13
11 12
11 1766
11 115
12 1504
12 367
13 689
14 1524
14 543
14 1604
14 689
15 18
15 16
15 1651
16 17
16 18
17 831
17 1526
19 1653
19 740
19 186
19 1652
20 740
20 21
20 1653
21 850
21 950
22 518
22 98
22 145
22 531
23 24
23 28
23 523
24 144
24 25
25 1692
25 26
26 364
26 209
27 28
27 364
27 756
28 98
29 203
29 396
29 1664
30 1269
30 395
30 394
31 32
31 423
31 34
32 33
32 34
33 885
33 1053
34 1053
35 334
35 1203
35 1513
35 1206
36 177
36 1209
36 1203
37 163
37 418
37 160
38 160
38 482
38 161
39 151
39 153
39 418
40 892
40 41
40 895
41 1429
41 892
42 1429
42 175
42 174
43 44
43 46
44 1237
44 441
45 621
45 440
45 441
46 442
47 1229
47 1232
47 1224
48 501
48 1675
48 500
49 500
49 503
49 1490
50 223
50 221
50 620
51 222
51 52
51 979
52 975
52 223
53 934
53 210
53 1759
54 78
55 1401
56 362
56 750
56 785
57 58
57 1415
57 946
58 1142
58 1754
58 1666
59 1572
59 1476
59 1719
59 1753
60 963
60 480
60 1368
61 133
61 1595
62 129
62 775
62 781
63 778
63 212
63 129
64 1141
64 1635
64 1687
65 565
65 1012
66 1688
66 1633
66 1629
66 97
66 1628
67 1579
67 853
67 1587
68 1079
68 967
69 872
69 350
69 70
70 71
70 563
71 563
71 72
72 349
72 873
73 731
73 74
73 352
74 743
74 802
75 76
75 112
75 113
76 93
76 1117
76 228
77 1117
77 923
77 78
77 1118
78 118
78 925
79 80
79 915
79 96
80 90
80 89
81 93
81 88
81 90
81 1670
82 1007
82 1056
82 83
83 914
83 968
84 968
84 85
84 827
85 827
85 915
86 918
86 1007
86 910
87 913
87 118
87 117
88 1118
88 89
90 91
91 124
91 126
92 127
92 516
92 1691
93 1687
93 570
94 614
94 1302
94 95
95 137
96 116
96 870
97 216
97 516
98 1783
99 1673
99 1752
100 728
100 1133
100 1134
101 397
101 1698
101 1701
102 1702
102 189
102 1004
103 564
103 231
103 189
104 363
104 105
104 930
105 931
105 106
106 111
106 752
107 1660
107 1012
107 992
108 110
108 124
108 125
109 1623
109 1416
109 229
110 125
111 671
111 187
112 349
112 113
113 350
114 470
114 929
114 971
115 1505
115 1613
116 117
116 118
117 969
119 393
119 200
119 1379
119 389
120 1511
120 473
120 874
121 890
121 291
121 1730
122 473
122 887
122 888
123 674
123 891
123 1511
124 126
125 126
127 1691
127 1670
127 1141
128 1055
128 1763
128 934
129 779
130 132
130 135
130 614
131 614
131 133
131 134
132 613
132 135
133 134
134 613
135 1627
136 138
136 164
137 833
138 833
138 139
139 140
139 1588
140 1602
140 1589
141 574
141 575
141 1599
141 142
141 576
142 574
142 1593
143 889
143 351
143 387
143 402
144 728
144 522
145 526
145 532
145 524
146 1657
146 823
146 807
146 681
147 1577
147 696
147 694
148 430
148 365
148 424
149 577
149 566
149 741
150 1652
150 1555
150 186
151 186
151 1725
152 164
152 1725
153 159
153 154
154 155
154 669
155 669
155 156
156 1551
156 157
157 158
157 668
158 668
158 159
159 1725
160 166
161 162
161 578
162 417
162 670
163 415
164 1551
165 167
165 623
166 167
166 998
167 168
168 842
168 841
168 482
168 483
169 1739
169 842
169 997
170 174
170 171
170 981
171 270
171 172
172 173
172 1433
173 1433
173 175
174 175
176 487
176 1457
176 474
177 178
177 1408
178 179
178 506
179 1410
179 984
180 475
180 479
180 481
181 182
181 335
181 1410
182 984
182 335
183 984
183 477
183 476
184 185
184 1206
185 1636
187 191
187 363
188 1702
188 1116
188 1699
189 1702
190 921
190 191
190 192
191 920
192 197
192 193
193 1755
193 1402
193 1646
194 196
194 195
194 1697
195 826
195 197
196 921
196 197
198 199
198 203
198 1403
199 204
199 200
200 730
200 401
201 1664
201 1280
201 206
202 205
202 203
202 1664
204 400
204 205
205 206
206 1280
207 208
207 375
207 1560
207 377
208 378
208 381
209 1525
209 1705
210 829
210 925
211 829
211 916
211 1058
212 572
212 218
213 449
213 749
214 742
214 558
214 215
215 1625
215 744
216 217
216 1141
217 1278
218 1286
218 466
219 1721
219 573
219 570
220 363
220 932
220 619
221 620
221 222
222 277
223 275
224 976
224 1334
224 1431
224 225
225 1333
225 1430
225 1320
226 1172
226 275
226 1333
227 1655
227 1463
227 1120
228 727
228 879
229 787
229 230
229 619
230 930
230 931
231 1004
231 564
232 421
232 1502
233 1462
233 1502
233 953
234 235
234 419
234 1462
235 236
235 243
236 237
236 243
237 238
237 239
238 419
238 239
239 240
240 1200
241 1200
241 1771
241 242
242 1583
242 1503
243 1197
243 1195
244 471
244 828
244 1054
245 714
245 246
245 250
246 247
246 253
247 745
247 248
248 249
248 252
249 250
249 715
250 594
251 718
251 252
251 413
252 715
253 746
254 1292
254 714
255 587
255 256
255 1695
256 586
256 582
257 717
257 403
257 1362
258 261
258 259
259 277
260 261
261 262
263 264
263 1220
263 278
264 1223
264 265
265 266
265 1434
265 980
266 267
266 1449
267 1318
267 1330
267 1451
268 1212
268 1315
268 1211
269 1315
269 973
269 1422
270 981
270 1490
270 1707
271 272
271 271
272 274
272 275
273 274
273 1454
273 276
274 1336
277 1220
278 280
278 437
279 437
279 281
279 280
280 1337
281 1215
281 438
282 1440
283 954
284 285
284 954
285 381
285 954
286 1728
286 329
286 287
287 288
287 310
288 289
288 310
288 292
289 293
289 290
290 294
290 291
291 300
291 351
292 1729
292 1246
295 990
295 311
295 299
296 297
296 301
296 990
297 298
297 301
298 300
298 299
299 300
301 314
301 302
302 317
302 315
303 1125
303 304
303 317
304 321
304 305
305 322
305 306
306 307
306 324
307 348
307 308
308 347
308 1780
309 1781
309 1780
309 1114
310 311
311 320
312 313
313 314
313 319
314 318
315 316
315 883
317 1125
318 319
318 990
319 320
320 328
322 323
322 325
324 325
324 348
325 326
326 327
326 1508
327 343
327 347
328 329
328 332
329 1758
330 1758
330 333
330 332
331 332
333 1616
333 1614
334 973
334 1208
335 336
336 337
336 1457
337 504
337 1432
338 1421
338 1360
338 509
339 340
339 1371
339 514
340 1600
340 1368
341 575
341 1600
341 966
342 1597
342 1593
342 1592
343 344
343 1686
344 1690
344 346
345 1689
345 1779
345 375
347 348
349 873
350 872
351 385
351 388
352 731
352 353
353 354
353 361
354 735
354 355
355 1268
355 731
356 1268
356 360
356 357
357 358
358 360
358 1472
359 1003
360 886
361 735
361 736
362 943
362 1001
364 756
365 1654
365 424
366 891
366 532
366 533
367 1766
367 1788
368 376
368 369
368 1781
369 370
369 376
370 371
370 1114
371 373
371 372
372 1114
372 373
373 1701
374 421
374 1562
374 1561
374 1560
375 376
377 378
377 885
378 379
378 380
379 382
379 381
382 383
383 422
383 423
384 392
385 1565
385 388
386 1379
386 1376
386 1565
387 389
387 388
387 401
388 390
389 390
390 1379
391 399
391 748
391 1379
392 748
392 1376
393 933
393 400
394 395
394 398
395 396
396 1281
397 398
398 399
399 1507
399 933
400 933
400 1507
401 402
402 1133
403 1362
403 588
404 406
404 590
404 589
405 1381
405 587
405 588
406 588
406 590
407 408
408 590
408 410
409 410
409 1305
409 411
410 1127
410 1303
411 1748
411 1749
412 919
412 592
412 591
413 949
413 414
414 1726
414 1770
415 1726
416 884
417 670
417 418
419 1252
420 538
420 533
420 1669
420 1787
420 1524
421 1681
422 1287
423 564
424 425
425 429
425 698
426 429
426 427
426 640
427 640
427 428
428 430
428 431
429 698
430 431
431 1084
432 1080
432 1076
432 433
433 1756
434 1091
434 1756
434 435
435 1071
435 1083
436 1059
436 1068
436 1060
437 1213
439 1513
439 1219
440 1236
440 621
441 1237
442 443
442 1236
443 1236
444 1772
444 1407
445 1573
445 1364
445 1567
446 447
447 1571
447 1301
448 1295
448 1749
449 1006
450 451
450 743
450 559
450 1398
451 453
451 454
452 560
452 562
452 453
453 454
454 1400
455 1400
455 456
455 562
456 457
456 562
457 711
457 458
458 460
458 459
459 460
459 465
460 1624
461 462
461 1624
461 1625
462 463
462 955
463 464
463 955
464 465
464 1425
465 1425
466 1712
466 1709
467 871
467 948
467 468
468 1721
468 948
469 1723
470 1623
470 970
471 1202
471 1680
472 888
472 889
472 890
473 875
474 1492
474 1426
475 476
475 478
476 478
477 504
477 478
479 1361
479 480
480 481
481 1209
482 483
483 997
483 998
484 1419
484 1420
484 1739
485 486
485 1471
485 494
486 1457
486 487
487 488
488 1427
488 489
489 490
489 1470
490 493
490 491
491 492
491 1495
494 495
494 1485
496 1643
496 497
496 1585
497 505
497 498
498 499
498 631
499 772
499 1469
500 501
501 502
502 503
502 1491
503 1488
504 1341
506 508
506 507
509 510
509 513
510 511
510 624
511 512
511 1421
512 624
512 514
513 624
513 628
514 1238
515 1449
515 1674
515 1720
515 1675
516 1628
517 520
517 522
517 518
517 519
518 523
519 521
519 520
520 524
521 1708
521 858
522 859
522 523
524 525
525 1708
525 527
526 527
526 875
527 528
528 887
528 1708
529 539
529 535
529 538
530 532
530 531
530 534
531 1733
531 536
533 534
534 535
535 536
536 1734
536 540
537 538
537 541
537 539
539 540
540 1735
540 542
541 1789
541 542
542 1736
542 747
543 544
543 549
543 547
544 939
544 545
545 546
545 939
546 557
546 1737
547 554
547 556
548 551
549 551
549 553
550 553
551 552
552 553
552 1019
554 1499
555 557
555 556
555 1737
556 557
558 1724
558 559
558 742
559 972
559 942
560 965
560 1277
561 593
561 1694
563 1672
565 992
565 993
565 994
566 577
566 637
567 1405
567 568
567 603
568 603
568 1404
569 985
569 1633
570 1013
571 572
571 573
571 1013
572 771
573 1013
574 623
575 576
576 782
577 578
578 1551
579 1770
579 1696
579 1715
580 581
580 1713
580 1270
581 584
581 585
582 586
582 583
583 597
583 584
584 585
585 586
587 1695
589 595
589 1381
591 1388
591 592
592 1390
593 1694
593 1389
594 714
594 1663
595 1703
595 1381
596 597
596 600
596 601
597 598
598 602
598 599
599 600
599 602
600 601
601 1704
602 603
604 1404
604 637
604 1405
605 1777
605 1258
605 1259
606 1777
606 607
606 1257
607 608
607 958
608 609
608 960
609 610
609 1279
610 611
610 961
611 612
611 1384
612 1137
612 1136
613 615
615 616
615 617
618 619
620 1235
621 1234
622 1628
622 1533
623 782
624 625
625 629
625 626
626 691
626 693
627 690
627 691
627 847
628 632
628 629
629 630
631 632
631 1360
632 633
633 1243
633 1473
634 1473
635 1479
636 637
636 1479
636 638
638 763
638 1445
639 1332
639 1180
639 1166
640 1348
641 1022
641 1348
641 1052
642 699
642 643
642 645
643 648
643 645
644 649
644 647
644 650
645 646
646 649
646 1656
647 650
647 1639
648 1640
648 1639
649 720
650 651
651 1412
651 657
652 665
652 656
652 658
653 673
653 654
653 655
654 656
654 673
655 657
655 665
656 658
657 665
658 666
659 666
659 663
659 664
660 1009
660 664
660 662
661 667
661 662
661 663
662 667
663 666
664 1009
667 668
669 670
671 753
671 991
672 1683
672 822
672 1684
673 822
674 688
674 1729
675 1247
675 1661
675 951
676 678
676 681
676 1657
677 679
677 686
677 680
678 684
678 1039
679 681
679 686
680 683
680 1045
682 683
682 1040
682 684
683 1658
684 1040
685 1045
685 1094
685 1658
686 687
687 809
687 812
688 1580
688 1246
689 1524
691 692
694 868
694 864
695 1577
696 697
696 699
698 699
699 861
700 701
700 1067
700 1059
701 1649
701 1351
702 703
702 1467
702 1351
703 1067
703 1061
704 724
704 832
704 705
705 1110
705 710
706 707
706 1106
706 1108
707 708
707 1535
708 1109
708 709
710 1406
711 1399
711 1275
712 1709
712 1276
712 1275
713 727
713 1554
713 759
715 716
716 717
717 718
718 949
719 721
719 1008
719 720
720 1656
721 723
721 1010
722 1656
722 1307
722 723
725 1111
725 726
725 732
726 1109
726 804
727 1553
727 880
728 729
729 1135
729 1133
730 1134
730 1133
732 876
732 947
733 734
733 735
735 736
737 738
737 1506
737 739
739 1506
740 741
742 744
743 877
745 746
745 1696
747 852
747 854
748 1378
749 1724
750 751
750 943
751 752
751 753
752 753
753 991
754 755
754 760
755 881
755 1760
756 1423
757 1554
758 759
759 923
760 761
760 1763
761 1671
761 1760
762 1759
762 1132
762 1761
763 1129
763 764
764 765
764 1373
765 1372
765 1146
766 1519
766 1127
766 1372
767 1519
767 1374
768 770
768 769
768 1138
768 1626
769 770
769 1302
770 780
771 1635
771 1013
772 773
772 774
775 776
775 780
776 780
776 777
777 781
777 778
778 959
778 779
779 781
783 1270
783 1272
784 931
786 1342
788 789
788 928
788 791
789 793
789 792
790 1273
790 927
790 793
791 827
791 792
792 1273
793 1273
793 926
794 1211
794 1496
794 896
795 796
796 803
796 797
797 798
798 1407
799 1630
799 832
799 1772
800 801
800 832
800 1283
802 802
803 1785
803 1364
805 823
805 806
807 1718
808 1718
809 814
809 813
810 819
810 1014
810 817
811 819
811 820
814 815
814 866
815 816
815 1584
816 816
818 819
821 1131
821 1023
821 1039
822 1531
824 1375
824 1288
824 1619
825 1619
825 1618
825 1608
826 1533
826 1755
828 1679
828 1561
829 1665
830 1268
831 1526
831 1561
834 1590
834 835
834 1603
835 836
835 837
838 839
838 1598
838 1599
839 1240
839 844
840 841
840 843
840 848
841 842
842 997
844 1239
844 845
845 846
845 1240
849 1705
849 1525
849 1688
850 857
850 855
851 852
851 856
852 854
853 950
853 854
854 855
855 857
855 950
856 857
858 1133
858 859
859 1135
860 1618
860 1651
860 1526
861 1581
861 863
862 863
863 864
864 865
865 868
865 1032
866 1025
866 1014
867 1044
867 1025
867 1018
867 1017
868 1345
869 1052
870 1248
870 1641
870 1401
871 1723
871 1563
872 948
873 877
874 1385
874 875
877 878
880 994
880 993
881 1002
881 995
882 1010
882 1543
882 1650
884 1748
884 919
885 1053
887 888
889 890
891 1385
892 894
893 987
893 986
893 988
894 999
894 1000
895 987
895 1585
896 898
896 905
897 1510
897 909
897 898
898 904
899 902
899 907
899 901
900 1326
900 1337
900 901
901 902
902 903
905 906
905 907
907 908
910 918
910 916
911 1283
911 1773
911 912
912 918
914 1773
914 968
915 969
916 917
917 1058
917 918
919 1395
920 1697
922 1631
923 1117
924 925
926 928
926 927
927 1342
928 929
929 971
929 1342
930 931
934 1759
935 1761
935 1660
935 1762
936 1001
936 1415
936 944
937 1477
937 1297
937 1475
938 1789
939 1685
940 1685
940 1684
940 1682
941 1685
942 1005
942 972
943 945
944 945
944 1478
945 1287
949 1695
951 1580
951 1746
952 1198
952 1253
952 953
953 1502
955 1057
956 1751
956 1057
956 1258
957 958
958 1279
959 1774
959 1279
961 1383
961 962
963 1595
963 964
967 1090
967 1466
969 1056
970 971
970 1623
972 1501
973 1498
973 1316
974 979
974 975
974 978
975 976
976 1676
977 980
977 978
977 1720
978 980
979 980
981 1489
982 983
982 1309
982 1487
983 1308
983 1428
985 1302
986 988
986 1000
987 1585
988 1419
989 1380
989 1555
991 1004
992 1012
992 994
995 1012
996 1121
996 1119
997 998
998 1420
999 1000
999 1391
1001 1413
1003 1472
1005 1501
1005 1006
1006 1501
1007 1056
1009 1294
1011 1293
1014 1030
1015 1032
1015 1044
1015 1028
1016 1113
1016 1046
1017 1575
1017 1044
1018 1042
1018 1028
1020 1023
1020 1548
1020 1036
1021 1575
1022 1046
1022 1112
1023 1029
1024 1033
1025 1026
1027 1033
1028 1031
1029 1036
1029 1040
1031 1344
1031 1345
1032 1034
1033 1038
1035 1038
1036 1037
1038 1043
1038 1046
1039 1040
1041 1045
1045 1658
1047 1049
1048 1050
1048 1051
1048 1049
1049 1052
1054 1503
1055 1665
1055 1763
1055 1058
1057 1632
1059 1465
1060 1088
1060 1086
1061 1080
1061 1078
1062 1066
1063 1076
1064 1081
1065 1077
1066 1068
1066 1074
1067 1073
1069 1083
1070 1088
1071 1092
1071 1081
1072 1082
1075 1647
1075 1086
1075 1083
1076 1084
1077 1094
1077 1098
1080 1090
1081 1087
1082 1084
1082 1678
1085 1463
1086 1648
1089 1765
1093 1465
1093 1352
1093 1765
1094 1344
1095 1103
1096 1098
1096 1539
1096 1097
1098 1099
1099 1103
1099 1411
1100 1104
1100 1101
1100 1103
1102 1548
1102 1531
1102 1539
1105 1109
1106 1536
1106 1110
1107 1110
1110 1534
1113 1659
1115 1700
1115 1699
1115 1116
1115 1782
1116 1269
1117 1118
1120 1747
1120 1668
1120 1359
1121 1463
1121 1122
1123 1668
1124 1125
1126 1704
1126 1703
1126 1130
1127 1304
1128 1184
1128 1130
1128 1517
1129 1184
1129 1183
1130 1192
1131 1131
1132 1553
1132 1761
1133 1135
1133 1134
1136 1137
1136 1138
1137 1140
1138 1626
1139 1626
1139 1140
1139 1627
1140 1627
1142 1143
1144 1145
1145 1148
1145 1147
1146 1147
1146 1520
1147 1151
1148 1520
1148 1149
1149 1158
1149 1157
1150 1153
1151 1158
1152 1154
1152 1153
1152 1159
1153 1155
1156 1645
1157 1452
1157 1164
1159 1160
1159 1165
1159 1621
1160 1161
1160 1226
1162 1452
1162 1482
1162 1484
1163 1164
1164 1645
1165 1482
1165 1166
1165 1455
1166 1170
1167 1168
1168 1169
1168 1170
1169 1178
1169 1176
1170 1177
1171 1175
1171 1172
1171 1622
1172 1332
1172 1320
1173 1174
1174 1186
1174 1176
1175 1175
1176 1187
1177 1484
1177 1338
1178 1182
1178 1179
1180 1182
1180 1181
1182 1530
1184 1185
1187 1190
1187 1189
1188 1393
1188 1189
1188 1190
1189 1530
1190 1191
1193 1446
1193 1727
1193 1393
1194 1196
1195 1198
1195 1199
1196 1199
1196 1198
1197 1200
1197 1731
1199 1732
1201 1251
1201 1250
1201 1202
1202 1253
1203 1210
1204 1205
1205 1207
1205 1206
1209 1409
1211 1212
1212 1318
1213 1214
1213 1219
1215 1216
1215 1435
1216 1437
1216 1439
1217 1218
1218 1219
1218 1306
1220 1233
1221 1223
1222 1223
1224 1229
1224 1228
1224 1235
1225 1229
1225 1228
1225 1544
1225 1231
1226 1234
1226 1227
1227 1231
1227 1232
1228 1235
1230 1528
1231 1232
1232 1528
1234 1339
1238 1244
1238 1369
1240 1241
1242 1243
1243 1245
1246 1661
1247 1717
1249 1251
1251 1253
1252 1462
1254 1260
1254 1266
1254 1382
1255 1256
1255 1259
1255 1260
1258 1751
1259 1262
1260 1261
1263 1382
1264 1267
1264 1382
1264 1265
1269 1782
1270 1713
1271 1272
1271 1713
1271 1714
1274 1402
1276 1286
1276 1278
1278 1286
1280 1281
1281 1507
1282 1284
1283 1285
1284 1285
1287 1478
1288 1340
1288 1289
1290 1294
1291 1293
1292 1293
1294 1542
1295 1693
1295 1296
1296 1693
1297 1567
1297 1570
1298 1299
1299 1754
1300 1301
1301 1754
1304 1372
1304 1517
1307 1654
1307 1655
1308 1309
1308 1320
1309 1430
1310 1311
1310 1313
1310 1458
1311 1314
1311 1312
1312 1314
1312 1448
1314 1317
1315 1448
1317 1318
1317 1459
1318 1319
1321 1323
1322 1323
1323 1327
1324 1325
1325 1326
1325 1496
1326 1327
1327 1328
1329 1329
1329 1332
1331 1333
1335 1337
1335 1335
1343 1345
1344 1349
1346 1348
1347 1581
1350 1354
1351 1353
1353 1355
1353 1357
1354 1355
1355 1356
1358 1359
1360 1361
1361 1432
1362 1363
1364 1667
1365 1367
1366 1371
1367 1368
1367 1370
1371 1421
1376 1377
1380 1555
1385 1511
1386 1387
1386 1396
1387 1388
1388 1389
1389 1396
1390 1694
1392 1393
1393 1394
1394 1441
1394 1586
1396 1397
1398 1399
1398 1672
1399 1400
1402 1403
1403 1646
1404 1405
1407 1631
1410 1433
1414 1415
1417 1419
1417 1418
1417 1420
1420 1739
1422 1707
1422 1634
1423 1752
1423 1424
1425 1774
1426 1427
1426 1428
1427 1429
1428 1429
1430 1431
1431 1738
1431 1674
1432 1514
1436 1440
1437 1440
1437 1438
1442 1443
1443 1445
1443 1446
1444 1445
1446 1447
1448 1459
1449 1450
1452 1453
1455 1456
1455 1522
1459 1460
1461 1643
1464 1465
1466 1468
1469 1471
1469 1470
1470 1471
1473 1474
1479 1480
1481 1482
1483 1484
1485 1514
1485 1486
1488 1489
1488 1492
1489 1490
1489 1492
1491 1516
1491 1738
1493 1495
1494 1495
1496 1497
1498 1498
1499 1500
1503 1509
1505 1613
1512 1513
1514 1515
1517 1518
1520 1521
1522 1544
1522 1523
1524 1669
1524 1768
1527 1528
1529 1530
1531 1532
1533 1691
1536 1538
1536 1537
1539 1540
1541 1600
1542 1543
1544 1546
1545 1546
1546 1566
1547 1549
1548 1549
1549 1550
1552 1785
1553 1554
1556 1617
1557 1617
1557 1741
1557 1558
1557 1616
1558 1615
1558 1769
1559 1617
1560 1562
1562 1779
1563 1563
1564 1579
1567 1573
1568 1572
1568 1570
1568 1574
1569 1571
1569 1574
1569 1573
1570 1572
1571 1574
1575 1576
1577 1578
1579 1783
1580 1767
1581 1582
1587 1673
1588 1590
1588 1601
1589 1597
1589 1602
1590 1601
1591 1601
1591 1603
1591 1596
1591 1602
1592 1594
1592 1598
1593 1599
1593 1594
1594 1598
1594 1599
1596 1603
1596 1597
1601 1602
1604 1744
1604 1743
1605 1609
1606 1609
1607 1611
1607 1612
1607 1610
1607 1615
1608 1619
1608 1612
1609 1611
1610 1614
1610 1618
1611 1612
1613 1669
1614 1616
1614 1615
1618 1620
1619 1651
1620 1778
1624 1625
1628 1629
1628 1692
1629 1705
1629 1688
1630 1773
1630 1631
1631 1772
1633 1688
1635 1687
1636 1637
1638 1640
1639 1640
1642 1643
1644 1645
1646 1692
1652 1653
1654 1655
1657 1717
1660 1762
1661 1728
1662 1663
1666 1667
1668 1747
1670 1687
1671 1762
1671 1760
1672 1677
1674 1675
1674 1676
1676 1720
1682 1737
1682 1683
1683 1684
1689 1690
1689 1778
1690 1778
1691 1697
1692 1755
1696 1770
1698 1700
1698 1699
1700 1782
1703 1704
1706 1707
1709 1711
1710 1712
1710 1774
1710 1711
1711 1712
1713 1715
1714 1715
1714 1726
1716 1750
1716 1791
1716 1717
1717 1718
1721 1722
1723 1775
1729 1730
1730 1740
1741 1746
1741 1769
1742 1745
1742 1746
1742 1767
1743 1769
1743 1744
1744 1745
1745 1768
1748 1749
1757 1758
1764 1765
1766 1787
1767 1768
1771 1771
1776 1777
1778 1779
1780 1781
1783 1784
1785 1786
1787 1788
1788 1790
1788 1789
