0 141
0 21
0 26
1 121
1 1191
1 1080
2 15
2 727
2 32
3 671
3 672
3 670
4 68
4 132
4 17
4 135
5 174
5 131
5 11
6 137
6 61
6 59
7 177
7 1240
7 174
8 13
8 1203
8 1052
9 954
9 67
9 953
10 994
10 112
10 23
11 27
11 138
12 141
12 25
12 1209
13 1086
13 644
14 1029
14 244
14 726
14 1231
15 22
15 755
16 1015
16 1049
16 1050
17 59
17 713
17 74
18 1209
18 139
18 144
19 952
19 1238
19 251
19 1199
20 256
20 687
20 770
21 178
21 25
21 179
22 733
23 992
23 975
24 1025
24 1024
24 647
25 180
26 175
27 137
27 136
28 1055
28 69
28 234
29 1127
29 126
29 1058
30 986
30 1127
31 1135
31 1028
31 733
32 735
32 1028
33 726
33 1003
33 734
33 756
34 35
34 620
34 576
34 725
35 575
35 573
35 620
36 563
36 615
36 37
36 571
37 565
37 49
37 616
38 420
38 39
38 46
39 529
39 46
40 42
40 524
40 41
41 525
41 529
42 45
42 524
43 927
43 44
43 936
44 936
44 940
45 527
45 528
46 527
47 1235
47 905
47 52
48 305
48 1098
48 1097
49 612
49 50
50 87
50 610
50 566
51 1007
51 354
51 405
51 1005
52 53
53 945
54 58
54 55
54 1023
55 66
55 104
56 948
56 130
56 117
57 117
57 113
57 114
58 114
58 103
59 60
60 134
60 61
61 140
62 1105
62 63
62 112
63 115
63 1107
64 104
64 105
64 111
64 1107
65 981
65 81
66 109
66 107
66 81
67 100
67 77
68 1107
68 1104
68 115
69 70
69 948
70 1213
70 1211
71 158
71 159
71 955
71 237
72 369
72 1092
72 364
72 1093
73 961
73 359
73 360
74 115
74 1105
75 983
75 972
75 83
76 1030
76 1177
76 954
77 79
77 80
77 78
78 119
78 1178
80 119
80 100
80 118
81 982
82 981
82 83
82 983
83 976
84 1005
84 86
84 85
85 628
85 1034
86 1133
86 1004
87 628
87 92
88 308
88 1018
88 91
89 90
89 309
89 1019
90 310
90 775
91 774
91 776
92 566
92 1133
93 860
93 901
94 844
94 894
94 998
95 301
95 97
95 123
96 124
96 977
96 97
97 99
97 1051
98 101
99 122
99 100
101 979
101 102
102 125
102 126
103 104
103 105
104 109
105 106
107 949
107 110
107 982
108 111
108 109
110 111
110 112
113 959
113 1103
113 1104
114 959
116 117
118 120
118 119
119 121
120 121
120 970
122 652
122 301
123 294
123 124
124 125
125 1079
126 1127
127 1061
128 1023
129 131
129 132
129 130
130 156
131 156
132 133
133 135
133 1207
135 136
136 137
138 140
138 139
139 140
141 142
143 144
144 145
145 146
145 182
146 148
146 669
147 148
148 149
150 201
150 182
150 183
151 152
151 233
151 153
152 160
152 232
153 161
153 1213
154 161
155 1211
155 167
156 1241
157 164
157 1140
157 158
158 165
159 1168
159 1112
160 161
160 162
162 164
162 163
164 165
165 166
166 1168
166 1132
167 168
168 169
168 1130
169 948
169 1241
170 1241
170 171
170 174
171 173
171 1111
172 1112
173 661
173 1131
175 1240
175 176
176 1240
176 1136
178 1138
178 179
179 186
180 198
180 1188
181 182
183 207
184 185
184 1138
184 190
185 188
185 1170
186 194
186 1190
187 191
188 189
188 195
190 191
190 192
191 195
193 194
193 1188
193 1189
194 195
195 196
196 1172
196 206
197 205
197 198
197 200
198 202
199 200
200 204
201 207
201 209
202 205
203 1172
205 206
206 1084
208 209
209 210
210 211
211 212
213 217
214 243
214 215
214 241
215 217
215 216
216 218
216 243
217 1100
217 218
218 220
219 220
220 221
221 224
221 236
222 223
222 1095
223 260
223 261
224 1101
224 225
225 227
225 226
227 228
227 279
228 229
228 230
229 280
229 235
231 232
232 1139
233 235
233 290
234 291
235 288
236 1140
236 237
237 1139
238 239
238 240
238 960
239 1096
239 299
239 1095
240 241
242 243
244 721
244 247
245 734
245 987
245 756
246 1078
246 988
246 987
247 1029
248 1255
249 1255
249 254
249 250
251 1239
251 252
251 952
252 1239
252 735
253 1200
253 256
253 254
254 255
255 1199
255 1239
256 1026
257 1079
257 1183
257 297
258 264
258 1079
258 259
259 269
259 1057
260 273
260 266
261 1102
261 1100
262 273
262 1102
262 276
263 264
264 265
266 1183
266 268
267 268
268 271
269 271
269 282
270 271
270 281
270 272
273 274
274 277
274 275
275 280
275 276
276 1099
277 278
277 285
278 288
278 280
281 282
281 285
282 284
283 284
284 1056
284 286
285 288
287 291
289 290
290 291
292 1061
292 1055
292 1059
293 294
294 638
295 1094
295 296
295 1098
296 297
296 1094
297 298
299 1095
299 1096
299 1180
300 301
302 304
302 391
302 303
303 384
303 385
305 306
305 1229
306 394
306 1230
307 1227
307 775
307 1114
308 1162
308 1018
309 353
309 1018
310 776
310 775
311 773
311 776
312 315
312 313
312 400
314 315
315 399
315 316
316 404
316 398
317 441
317 437
317 326
318 442
318 441
318 327
319 320
320 322
320 442
321 322
322 330
323 338
323 436
323 339
324 400
324 403
324 1243
325 416
325 418
325 1008
326 1244
326 1243
327 1011
327 328
328 330
328 334
329 330
329 329
331 336
332 1017
332 1246
332 333
333 1124
333 1148
335 336
336 1124
337 338
338 397
339 1158
339 343
340 350
340 361
340 354
341 345
341 1247
341 1012
342 361
343 345
343 346
344 349
345 349
347 353
348 352
349 352
350 781
350 1091
351 352
353 1108
354 355
355 361
355 356
356 358
356 357
358 363
358 370
359 407
359 1036
360 375
360 370
362 363
363 364
364 1093
365 387
365 386
365 389
366 368
366 386
366 367
368 372
368 1232
369 370
369 371
371 374
371 376
372 373
372 390
375 376
375 961
376 377
377 379
377 1090
378 379
378 1025
378 962
379 1024
380 1186
380 958
380 381
380 1182
381 382
381 388
382 383
383 384
384 385
385 391
386 390
387 1186
387 388
388 391
389 778
389 779
390 392
392 1174
392 1229
393 395
394 1174
394 395
395 636
396 636
396 637
396 647
398 399
398 403
399 400
401 494
402 404
403 416
403 409
404 491
405 408
405 1035
406 408
407 408
407 1036
409 523
409 410
411 414
411 1133
411 444
412 413
413 414
413 418
414 415
415 417
415 416
418 419
419 1004
419 1037
420 428
420 421
421 422
421 1226
422 424
422 426
423 425
423 424
425 426
425 427
426 429
427 429
427 430
428 565
428 429
430 431
430 432
431 432
431 433
432 433
433 564
434 435
435 436
435 464
436 437
437 480
438 440
439 1242
439 440
439 442
440 441
443 464
443 462
443 507
444 526
444 1261
445 1261
445 446
445 495
446 447
446 496
447 514
447 513
448 450
449 450
449 453
449 508
449 458
449 506
450 451
452 453
453 454
454 455
454 462
455 456
455 459
457 459
457 458
457 468
458 511
458 467
459 461
460 468
460 461
460 469
461 472
462 463
464 1198
465 466
466 488
466 480
467 468
467 478
470 473
471 472
471 483
471 473
472 480
473 475
474 475
475 477
476 479
479 491
479 482
481 483
481 482
483 484
484 490
484 485
486 489
486 487
486 492
490 491
490 492
492 493
493 494
497 578
497 1261
497 500
498 499
498 589
498 602
498 586
499 507
500 502
500 505
501 503
502 504
502 503
503 511
504 515
504 517
504 510
505 508
505 602
506 508
506 509
511 512
516 517
517 518
518 523
518 521
519 520
519 521
522 523
524 904
525 526
525 529
526 909
527 528
528 1001
530 841
530 534
530 850
531 533
532 912
532 533
532 864
533 534
534 536
535 536
536 537
537 540
537 538
538 539
538 550
540 563
540 541
541 553
541 543
542 543
543 562
544 545
544 797
544 557
545 1022
546 831
546 763
546 917
547 757
547 763
547 556
548 550
548 853
548 549
549 550
549 551
550 1215
552 553
553 554
554 555
554 568
556 749
556 559
557 559
557 558
558 969
558 560
559 751
559 969
560 1217
560 969
561 576
561 1217
561 575
562 572
562 567
563 572
563 565
564 565
564 566
568 569
568 570
570 574
570 572
571 613
571 573
573 574
573 614
574 1215
574 575
575 576
576 577
577 725
577 738
577 761
579 1206
579 603
579 584
580 584
580 1129
580 581
581 582
581 944
582 585
582 590
583 595
584 1129
584 586
584 585
585 588
586 957
587 589
588 600
588 589
591 599
592 594
593 594
594 595
595 598
596 598
596 600
596 601
597 598
597 599
600 602
604 607
604 1222
604 606
605 1143
605 606
605 696
605 753
605 1144
606 1224
606 627
607 625
607 629
608 1222
608 609
608 670
609 631
609 630
610 612
610 625
611 612
611 626
611 616
613 615
613 619
614 618
614 621
615 617
616 623
617 623
617 619
618 619
618 622
620 621
621 622
622 627
623 624
624 626
624 627
625 626
628 1034
629 630
629 632
630 633
631 673
631 633
632 633
632 635
634 673
634 672
634 677
635 1054
635 680
636 639
637 638
637 639
638 643
639 640
641 1204
641 642
641 643
642 643
642 652
644 1194
644 1176
645 1052
645 1088
645 1053
646 648
647 648
648 649
650 682
650 1016
650 1195
651 653
651 1192
652 654
653 1197
653 654
654 655
655 971
656 659
656 660
656 957
656 657
657 1160
657 658
658 1164
658 1165
661 662
661 663
664 665
664 720
664 706
665 666
665 719
666 1257
666 667
667 668
667 1257
668 923
670 696
671 1218
671 674
672 675
673 1054
674 753
674 1220
675 676
675 1220
675 1218
676 677
676 1077
677 1054
677 679
678 679
679 681
680 681
680 1054
681 1086
682 683
683 950
684 1083
685 689
686 688
687 688
687 689
688 690
689 691
690 1083
690 1014
691 692
691 693
694 695
694 1191
696 1224
697 699
698 700
699 700
699 701
700 1050
701 972
701 1115
702 703
703 707
703 965
704 707
705 708
705 713
705 974
707 708
708 709
709 712
709 711
710 717
710 711
711 718
711 714
712 713
712 715
714 715
714 716
715 716
716 719
717 720
718 719
718 720
721 729
721 964
722 733
723 740
723 732
723 761
724 766
724 729
724 747
725 730
725 1072
726 1029
726 1231
727 767
727 739
728 751
729 765
730 1144
730 1071
731 771
731 758
732 1119
732 757
734 1003
735 750
736 770
737 795
737 771
737 764
738 772
738 747
738 759
739 754
739 762
740 757
740 749
741 760
742 748
743 762
744 1201
744 768
744 760
745 1064
745 989
745 991
746 771
747 772
748 770
748 933
749 751
750 762
750 769
751 761
752 922
752 1119
752 968
753 991
756 1238
758 767
759 1072
759 772
759 1074
760 768
763 916
764 819
764 767
767 963
768 1135
769 951
769 952
772 1231
773 774
777 1019
777 1108
777 958
778 958
778 779
779 1092
780 1092
780 781
780 1254
781 1091
781 1254
782 815
783 812
784 809
785 817
785 1142
785 821
786 830
787 831
788 810
788 812
788 793
789 813
790 818
790 819
790 834
791 816
792 831
792 826
792 849
793 832
793 825
794 833
794 1142
794 806
796 799
796 800
796 828
797 835
797 826
798 833
798 801
798 808
799 808
799 807
800 843
800 887
801 815
802 824
803 806
804 821
804 921
804 966
805 830
805 823
805 921
806 832
807 833
807 808
809 819
809 919
810 824
810 816
811 833
812 825
813 817
813 822
814 836
815 836
816 824
817 829
820 836
821 822
822 823
823 830
825 915
826 880
827 832
828 839
828 860
829 829
835 889
835 848
837 883
837 854
837 996
838 875
838 882
838 896
839 899
839 858
840 898
840 880
840 867
841 1002
841 851
842 885
842 908
842 845
843 887
843 871
846 881
847 899
847 997
847 858
848 865
848 878
849 866
849 877
850 895
850 884
851 856
851 876
852 888
853 912
853 914
854 873
854 894
855 856
855 881
855 862
856 884
857 865
858 874
859 876
859 866
859 879
860 899
861 893
861 910
861 879
862 886
862 881
863 875
864 895
864 913
865 889
866 893
867 886
867 884
868 892
868 869
869 877
870 1145
870 900
870 906
870 902
872 893
874 887
874 877
875 895
876 885
878 898
878 897
879 885
880 888
886 888
889 1021
890 1236
890 1146
890 985
891 897
894 1000
896 897
896 898
901 995
903 905
903 904
903 907
904 911
905 911
911 947
912 913
913 914
914 1020
916 922
916 917
917 918
918 922
918 967
920 921
923 937
923 1109
924 925
924 929
924 941
925 938
925 928
926 1110
926 939
926 942
927 939
927 943
928 929
928 932
929 941
930 936
931 942
932 938
932 940
933 1110
933 934
933 935
938 940
941 1201
942 1110
944 947
945 946
947 1259
949 994
951 952
951 1029
953 978
953 954
956 1163
956 1164
956 1165
960 960
961 1089
962 1090
962 1088
963 964
966 968
966 967
967 968
970 971
970 1173
971 1173
972 1032
973 1049
973 974
973 975
974 975
976 992
976 993
977 1051
977 979
978 980
978 1051
979 980
980 986
981 982
983 984
985 1145
987 988
988 1063
989 990
989 1066
990 1063
990 991
992 993
993 994
995 997
995 996
996 998
997 998
999 1237
999 1000
999 1001
1000 1002
1001 1002
1003 1074
1004 1006
1005 1006
1006 1037
1006 1007
1007 1246
1007 1245
1008 1009
1008 1010
1009 1017
1009 1011
1010 1244
1010 1011
1012 1247
1012 1013
1013 1254
1013 1108
1014 1015
1014 1016
1015 1016
1017 1040
1019 1182
1023 1060
1024 1025
1026 1200
1026 1027
1027 1134
1027 1028
1027 1200
1030 1031
1031 1177
1031 1032
1032 1115
1033 1115
1033 1177
1033 1178
1034 1035
1035 1036
1037 1047
1038 1038
1038 1047
1039 1046
1040 1041
1040 1046
1040 1042
1042 1044
1042 1043
1044 1045
1044 1046
1047 1048
1048 1048
1049 1050
1052 1053
1053 1204
1055 1056
1056 1057
1057 1058
1058 1059
1059 1060
1060 1061
1062 1069
1063 1067
1064 1065
1064 1143
1065 1066
1065 1069
1066 1067
1067 1073
1067 1068
1069 1070
1070 1073
1070 1071
1071 1072
1073 1075
1074 1075
1075 1076
1080 1178
1080 1081
1082 1083
1084 1085
1086 1087
1088 1089
1089 1090
1091 1093
1094 1180
1096 1097
1097 1098
1099 1100
1099 1101
1099 1102
1100 1101
1103 1107
1103 1104
1105 1106
1112 1113
1114 1114
1116 1118
1117 1118
1118 1120
1119 1120
1120 1122
1121 1122
1122 1123
1124 1151
1125 1149
1125 1148
1125 1126
1126 1245
1126 1247
1128 1134
1130 1131
1130 1132
1131 1132
1134 1135
1137 1138
1139 1140
1141 1142
1143 1144
1145 1146
1146 1248
1147 1151
1147 1154
1147 1150
1148 1150
1149 1150
1149 1154
1151 1152
1153 1154
1155 1158
1155 1159
1155 1156
1157 1158
1161 1162
1162 1163
1163 1166
1164 1165
1164 1166
1166 1167
1168 1169
1171 1172
1173 1196
1174 1175
1176 1205
1176 1193
1177 1178
1179 1180
1181 1182
1183 1184
1185 1186
1187 1188
1192 1193
1192 1197
1193 1194
1194 1195
1195 1196
1196 1197
1199 1238
1202 1204
1202 1203
1202 1205
1203 1205
1208 1209
1210 1211
1212 1213
1214 1215
1216 1217
1218 1225
1219 1220
1221 1222
1223 1224
1228 1229
1233 1249
1233 1253
1233 1258
1234 1250
1234 1253
1236 1237
1243 1244
1245 1246
1248 1251
1248 1252
1249 1253
1250 1252
1251 1260
1251 1252
1255 1256
1258 1259
1258 1260
1259 1260
