0 1971
0 2727
0 322
0 2984
1 2
1 6
1 1971
2 3
2 389
3 532
3 4
4 5
4 6
5 6
5 203
7 1936
7 2565
7 1869
8 9
8 13
8 2188
9 1850
9 10
10 11
10 1849
11 12
11 300
12 13
12 1315
13 1179
14 1046
14 2110
14 1655
15 2191
15 1075
15 1046
16 2483
16 1047
16 2990
17 412
17 2527
17 411
18 1293
18 19
18 1948
19 2254
19 1516
20 1285
20 1422
20 1278
20 1527
21 22
21 1909
21 1457
21 1455
22 23
22 1463
23 1261
23 151
24 2964
24 2966
24 63
24 2838
25 1878
25 69
25 1879
26 1877
26 85
26 661
27 2707
27 34
27 1877
28 31
28 1880
28 1855
29 1855
29 93
29 1933
30 32
30 1856
30 31
31 1855
32 33
32 2750
33 1932
33 1854
34 1856
34 1854
35 2717
35 39
35 1219
36 2716
36 2708
36 2717
37 2708
37 148
37 2750
38 425
38 587
38 432
38 2580
39 40
39 2704
40 105
40 109
41 43
41 42
41 1744
42 1747
42 1746
43 1745
43 429
44 1783
44 45
44 864
45 3032
45 1781
46 1968
46 3030
46 1967
47 2251
47 1063
47 48
48 2112
49 2872
49 2109
50 1943
50 52
51 53
51 1942
51 1952
52 1943
52 1940
53 1942
53 1939
54 55
54 2616
54 2614
55 1032
55 1031
56 1029
56 1671
56 1672
57 940
57 651
57 2253
58 2995
58 958
58 920
58 908
59 617
59 528
59 65
59 2824
60 64
60 130
60 159
60 223
61 1742
62 661
62 86
62 665
63 2823
63 2726
63 2965
64 624
64 2463
64 2071
65 363
65 2804
65 2477
66 2480
66 302
66 301
67 525
67 68
67 550
68 527
68 621
68 529
68 1834
69 70
70 1742
70 71
71 1111
71 663
72 87
72 110
72 1696
73 1698
73 2462
73 87
74 1112
74 1962
74 84
75 76
75 92
75 1963
76 77
76 1961
77 1116
77 1961
78 1117
78 79
78 89
79 80
79 89
80 2761
80 2760
81 1960
81 1693
81 1692
82 83
82 1965
82 1961
83 84
83 1965
84 1962
85 1875
85 1741
86 660
86 88
87 2462
88 1110
88 2462
89 2566
90 1114
90 2186
91 1696
91 2736
91 2731
92 1114
92 1963
93 94
93 1933
94 95
94 1881
96 2069
96 843
96 535
96 359
97 534
97 2656
97 2657
97 843
98 356
98 357
98 2766
99 2766
99 100
99 2656
100 313
100 194
100 2967
101 122
101 125
101 313
102 346
102 374
102 123
103 212
103 2968
103 352
104 326
104 2700
104 2968
105 106
105 1744
106 107
106 1747
107 2901
107 108
108 109
108 2901
109 2717
110 1111
110 663
111 985
111 720
111 112
112 620
112 738
113 3000
113 229
113 222
114 533
114 115
114 275
114 686
115 154
115 218
115 156
116 346
116 348
116 350
117 118
117 122
117 351
118 363
118 348
119 136
119 144
119 120
120 141
120 139
121 349
121 122
121 123
123 125
124 125
124 344
124 335
124 342
126 335
127 326
127 327
128 129
128 153
128 2024
128 132
130 2071
130 131
130 175
131 132
132 2024
133 1404
133 137
133 1402
134 1400
134 1027
134 1404
135 136
135 1027
135 533
136 137
137 138
138 676
138 2655
139 145
139 141
139 146
140 146
140 1787
140 142
141 2655
142 143
142 173
143 145
143 146
144 673
144 266
144 674
145 266
147 3043
147 3045
147 3044
149 258
149 173
149 636
149 1790
150 3031
150 853
150 3030
150 3032
151 2075
151 2915
151 2914
152 1614
152 769
152 1263
153 2940
153 2025
154 155
154 156
155 1789
155 273
156 157
157 216
157 158
158 1898
158 3000
159 228
159 619
159 624
160 161
160 640
160 774
161 162
161 242
162 165
162 163
163 745
163 640
163 257
163 637
164 772
164 1615
164 1613
165 256
165 260
166 788
166 2316
166 1396
167 751
167 168
167 2933
167 748
168 169
168 788
168 2313
169 2313
169 2571
170 2896
170 1394
170 787
171 787
171 2076
171 2298
172 173
172 243
172 240
173 1317
174 1950
174 2574
174 1319
175 1598
175 2838
175 191
176 246
176 2479
176 2070
177 436
177 178
177 2070
179 185
179 2861
179 190
179 436
180 189
180 187
180 185
181 182
181 236
181 1954
182 249
182 1953
183 190
183 2838
183 188
184 2754
184 2860
184 246
185 2860
186 1953
186 187
186 2754
187 1954
188 189
188 2837
189 190
189 2966
190 191
191 436
192 2510
192 234
192 2509
193 370
193 836
193 842
193 371
193 841
194 2958
194 358
195 713
195 2568
195 196
196 1792
196 1791
197 722
197 705
197 678
197 724
198 687
198 706
198 698
198 741
199 689
199 235
199 1028
200 1028
200 533
200 686
201 618
201 622
201 544
202 307
202 401
202 2752
202 286
203 2988
203 1605
203 2414
204 2692
204 2368
204 312
204 532
205 431
205 480
205 482
205 2912
206 303
206 329
206 331
207 322
207 303
207 364
208 1810
208 1197
208 1222
209 2212
209 2435
209 2301
210 352
210 350
210 374
211 212
211 350
211 986
212 987
212 989
213 361
213 627
213 989
214 536
214 746
214 2223
214 903
215 873
215 898
215 586
216 218
216 3000
217 829
217 955
217 898
217 583
218 220
218 686
219 581
219 950
219 2413
220 681
220 222
220 685
221 272
221 223
221 1897
222 682
223 228
224 555
224 584
224 2066
225 2026
225 584
225 2868
226 615
226 718
226 721
227 2958
227 351
227 2804
227 2824
228 229
229 1898
230 231
230 556
230 233
231 2232
231 2045
232 1871
232 1859
232 2232
233 1871
233 2985
234 479
234 385
235 685
235 688
235 691
236 2964
236 2966
237 1414
237 1413
237 2685
238 1398
238 3006
238 2730
238 2729
239 241
239 240
239 417
240 743
241 774
241 639
241 634
242 773
242 260
243 1790
243 634
244 785
244 767
244 2163
245 2904
245 669
245 1397
246 2755
246 2861
247 2316
247 2309
247 248
248 1907
248 1397
249 1668
249 3033
250 2168
250 2755
250 1669
251 637
251 252
251 259
252 253
252 257
252 2570
253 254
253 2932
253 256
254 255
254 261
255 256
255 260
256 257
258 2578
258 263
259 262
259 2572
260 415
261 416
261 2930
262 263
264 1323
264 276
264 265
265 268
265 1950
266 1318
267 1323
267 274
267 268
268 1320
269 673
269 274
269 270
270 1318
270 1320
271 273
271 272
271 1324
272 1789
273 274
273 275
275 674
276 1324
276 2024
277 725
277 718
277 709
277 612
278 642
278 1079
279 1083
279 1042
279 1838
280 2962
280 2114
280 1838
280 2961
281 543
281 2591
281 2019
282 542
282 2019
282 283
283 1282
283 284
284 285
284 401
285 1281
285 398
286 398
286 2220
287 545
287 622
287 1611
288 297
288 467
288 979
288 1872
289 654
289 290
289 297
290 291
290 655
290 848
291 844
291 2454
292 846
292 845
292 293
293 1951
293 847
293 2516
294 1017
294 1018
294 1677
295 976
295 981
295 980
296 653
296 981
296 978
297 466
297 653
298 462
298 463
298 466
299 2072
299 2788
299 2722
300 1166
300 1315
301 302
301 2700
302 329
303 330
304 2703
304 833
304 314
304 2029
305 3028
305 319
305 2780
306 2480
306 319
306 323
307 400
307 2217
307 2751
308 309
308 1091
308 400
309 310
309 2827
310 400
310 2751
311 2023
311 2252
312 388
312 391
313 344
313 351
314 2029
314 332
314 347
315 328
315 327
315 325
316 317
316 320
316 2781
317 2781
317 318
318 319
318 321
320 321
320 2823
321 324
322 367
322 2727
323 324
323 327
324 325
325 1598
326 353
328 2129
328 1598
329 374
330 331
330 345
330 364
331 333
331 337
332 343
332 344
332 2703
333 336
334 340
334 335
334 339
336 339
336 337
337 338
338 343
338 339
341 342
342 343
344 354
344 2967
345 347
345 365
346 349
347 366
348 349
352 2700
354 2967
354 2411
354 860
355 538
355 857
355 2411
356 538
356 2766
358 2657
358 360
359 1835
359 534
360 534
360 2960
361 2463
361 625
362 988
362 987
362 2807
364 373
364 367
365 373
365 366
366 836
367 2987
368 1606
368 369
368 373
369 371
369 372
370 372
370 1599
370 841
371 372
375 376
375 386
375 387
376 377
376 392
377 3028
377 2481
378 386
378 379
378 2510
379 382
379 383
379 381
380 385
380 381
380 388
381 382
382 387
384 385
385 488
386 387
388 2698
389 2482
389 390
391 392
391 532
392 2697
393 2698
394 397
394 396
394 1644
395 2219
395 1089
395 2217
396 2944
396 2220
396 2218
397 2219
397 715
397 398
398 401
399 2943
399 2944
399 402
399 419
400 1089
401 542
402 726
402 2946
402 2945
403 2118
403 418
403 2120
403 2941
403 2942
404 2946
404 2963
404 642
404 641
405 2118
405 2091
405 1406
405 2121
406 2138
406 407
406 412
407 2681
407 2138
408 409
408 2681
408 2682
409 410
409 2897
410 411
410 2897
411 412
413 415
413 633
413 1662
413 1617
414 416
414 785
414 633
415 2728
415 2730
416 2934
416 2728
417 3006
417 2854
417 773
418 690
418 1400
418 2093
419 437
419 726
419 734
420 2051
420 2050
420 2035
421 2585
421 424
421 2171
422 2584
422 1936
422 2595
423 2595
423 1718
423 1715
424 1228
424 2586
425 2354
425 1891
425 432
426 789
426 1768
426 1752
427 1895
427 1892
427 998
427 432
428 2294
428 790
428 2501
429 1739
429 995
430 2432
430 2913
430 2199
430 809
431 2432
432 2199
432 1893
433 2684
433 818
433 2340
434 809
434 800
434 2844
435 2181
435 2414
435 472
436 2070
438 443
438 467
438 444
439 449
439 448
439 2384
439 440
440 446
440 2723
441 3034
441 445
441 442
442 463
442 464
443 444
443 473
444 2277
446 447
446 3034
449 453
449 454
450 452
450 451
450 455
451 2985
451 469
452 453
452 455
453 454
454 455
456 457
457 2514
457 458
459 1873
460 468
460 461
460 1872
461 557
461 556
462 2278
462 2599
463 464
463 471
463 2049
464 465
466 2598
466 2048
467 2048
469 2722
470 2547
470 2067
470 471
471 2723
472 2414
472 2890
473 474
473 2385
474 476
474 478
475 477
475 476
479 480
479 2845
480 2431
481 2369
481 482
481 2431
482 483
483 484
483 2430
484 485
484 486
485 921
485 2790
485 2181
486 487
486 2368
487 489
487 488
488 2430
490 2547
490 3034
491 649
491 494
491 492
492 493
492 524
493 525
493 1834
494 526
494 499
495 503
495 552
495 546
496 511
496 546
496 507
497 509
497 503
497 508
498 509
498 504
498 645
498 569
499 501
499 503
500 502
500 649
500 501
501 502
502 645
504 505
504 513
505 506
505 510
506 507
506 508
507 513
508 510
509 510
511 514
511 512
512 561
512 513
514 515
514 2591
515 561
515 516
516 517
516 560
517 2811
517 519
518 2811
518 2591
518 522
519 520
519 521
520 1927
520 2996
521 2811
521 553
522 523
522 553
523 1928
523 542
524 525
524 526
526 552
527 530
527 2824
528 613
528 2242
528 609
529 530
529 1793
530 609
531 2808
531 986
531 679
531 2807
535 2221
536 2230
536 2233
537 2223
537 538
539 540
539 2223
539 2221
540 2992
540 904
540 2221
541 3031
541 1784
541 868
541 1782
543 544
543 548
544 2020
545 1282
545 2020
546 547
547 548
547 549
548 2590
549 552
549 551
550 2590
550 551
551 2590
553 1927
554 1605
554 1606
554 2988
555 2423
555 885
555 2045
555 2044
555 557
555 2229
556 557
558 560
558 559
558 2996
559 2136
559 560
559 2836
561 565
562 567
562 568
562 1688
563 567
563 564
564 567
564 566
565 566
565 1688
566 1688
568 2832
568 2137
569 2144
569 646
569 647
570 2098
570 2108
570 2102
571 1368
571 572
571 606
572 2195
572 2228
573 1367
573 1365
573 1362
574 1327
574 575
574 576
574 1345
575 2884
575 2883
576 2183
577 1348
577 1672
577 2880
578 1349
578 2859
578 2607
579 1649
579 966
579 968
580 879
580 2027
580 1649
581 1647
581 582
583 956
583 918
583 905
584 2027
585 827
585 586
585 1682
585 2044
586 875
587 1827
587 1890
588 1890
588 589
588 2436
589 1827
589 1826
590 2817
590 591
590 819
591 597
591 804
591 2339
592 2676
592 1889
592 2675
593 594
593 1892
593 2676
594 595
594 2672
595 2673
595 2672
596 605
596 807
596 2505
597 605
597 2505
597 598
598 854
598 605
599 600
599 854
599 850
600 1906
600 850
601 604
601 1837
601 602
602 852
602 603
603 852
603 1786
606 2106
606 2107
607 851
608 611
608 612
608 616
608 2242
609 610
610 1793
610 709
610 611
611 612
613 614
613 617
614 616
614 2242
615 719
615 616
617 2477
617 984
618 2568
618 621
619 620
619 679
620 682
620 739
621 2568
622 2009
623 2009
624 2806
624 2463
625 626
625 2130
626 2742
626 627
627 2968
628 777
628 2978
628 2979
629 1593
629 1588
629 1587
630 1445
630 1454
630 1437
631 1454
631 1455
631 1461
632 1613
632 1663
632 785
633 1663
634 1788
635 1788
635 638
635 636
636 637
636 745
638 745
638 639
639 640
641 642
641 1639
641 2943
642 1077
643 2016
643 1360
643 1355
644 2100
644 1355
644 1360
645 646
646 647
647 648
647 650
648 650
648 649
649 2995
650 938
650 651
651 939
651 958
652 2133
652 1052
652 1054
653 654
654 655
655 983
656 1198
656 657
656 1186
657 2375
658 2377
658 1207
658 926
659 1209
659 2377
659 926
660 2762
660 665
661 1795
662 663
662 1742
662 1110
664 1879
664 1876
665 1694
666 669
666 667
666 668
667 3033
668 671
668 1597
669 671
669 670
671 1596
672 1597
672 2075
672 1596
673 674
675 676
676 2654
677 743
678 721
678 720
678 738
679 984
679 985
680 684
680 681
680 683
681 739
681 682
683 687
683 741
684 688
684 685
685 686
687 693
688 693
689 1399
689 692
690 2237
690 1399
691 694
691 692
692 710
693 694
694 698
694 710
695 697
695 710
695 2238
696 697
696 711
696 735
697 2241
698 699
698 711
699 703
699 706
700 705
700 730
700 703
701 707
701 731
701 725
701 730
702 703
702 728
702 737
702 736
704 2518
704 736
704 2119
705 738
705 706
706 742
707 708
707 716
708 712
708 1792
709 1791
709 1792
710 711
711 737
712 714
712 713
713 1610
714 1643
714 715
715 1610
716 1643
716 717
718 722
719 720
719 721
721 722
722 723
723 724
723 725
724 730
725 1792
726 727
726 2518
727 728
727 733
727 734
728 732
728 729
729 730
729 731
731 732
732 734
735 736
735 737
738 740
739 740
739 741
740 742
741 742
743 744
746 887
746 2028
746 1859
747 763
747 748
747 765
747 767
748 1656
749 2304
749 1657
749 763
749 759
750 751
750 1656
750 2308
751 788
752 2073
752 1264
752 1266
752 1666
753 758
753 754
753 1264
754 1256
754 760
755 1256
755 756
755 764
756 766
756 757
756 769
757 2165
757 769
758 759
758 760
759 762
760 761
761 762
761 764
762 765
762 763
763 1656
764 765
766 767
766 768
768 2163
768 2165
770 1614
770 771
770 2544
771 1900
771 1659
772 1658
772 1660
773 774
775 1582
775 2976
775 2895
775 2975
776 2244
776 1310
776 1304
777 1909
777 2546
778 1489
778 1900
778 779
779 780
779 2179
780 781
780 1484
781 781
782 1484
782 1485
782 1461
783 1485
783 1510
783 1483
784 1508
784 1473
784 1511
786 2839
786 787
786 1394
786 2919
789 791
789 2294
790 2490
790 1752
791 1739
791 1912
791 2295
792 793
792 1912
792 1013
793 2292
793 1702
794 1887
794 1884
794 795
795 1003
795 1884
795 1889
796 2501
796 2843
796 2291
797 2289
797 2843
797 1010
798 1011
798 2289
798 1010
799 1011
799 1013
799 1002
800 813
800 805
800 801
801 802
801 806
802 814
802 803
803 807
803 2629
804 2629
804 826
805 2845
805 806
806 807
808 812
808 825
808 811
809 810
809 2844
810 2200
810 813
811 2200
811 812
812 813
812 815
813 814
814 815
815 816
816 821
816 825
817 818
817 1860
817 819
818 820
819 1699
821 1226
821 822
822 2817
822 1886
823 1225
823 1226
823 825
824 2433
824 1223
824 2166
827 828
827 872
828 872
828 829
829 830
830 2569
830 872
831 832
831 834
831 856
832 833
832 862
833 861
833 835
834 835
835 837
836 837
836 2029
837 838
838 839
838 842
839 840
839 841
840 1602
840 1871
841 1602
843 2069
844 2300
844 845
845 2302
846 2303
846 847
847 2437
848 2592
848 2072
849 849
849 2072
850 1783
851 1786
851 1780
852 1864
853 1969
853 1918
853 1863
854 2504
855 2233
855 857
855 2234
856 2234
856 2678
857 858
858 862
858 859
859 860
859 861
860 2703
861 862
863 870
863 865
864 865
864 868
865 867
866 867
866 1861
866 870
867 869
868 869
869 1784
870 871
871 2564
871 2563
873 1966
873 886
874 889
876 1682
877 1682
877 879
877 880
878 880
879 880
881 2066
881 883
881 2423
882 883
882 2425
882 2426
883 1870
884 2866
884 1870
884 2066
885 2229
885 2046
886 889
886 887
887 1966
888 889
890 900
890 899
890 897
891 915
891 893
891 897
892 959
892 900
892 919
893 919
893 911
893 901
894 917
894 913
894 895
895 903
895 1966
896 915
896 913
896 897
898 960
899 960
899 900
901 2718
901 902
902 912
902 903
904 2994
904 910
905 920
905 906
906 918
906 907
906 2878
907 911
907 909
908 909
908 2994
909 910
910 912
911 912
913 916
914 916
915 916
918 959
918 919
921 925
921 2181
921 2790
922 924
922 923
922 925
925 2789
926 927
927 928
927 937
928 935
928 929
929 930
929 2383
930 933
930 934
931 1204
931 2909
931 1206
932 1203
932 933
932 1204
933 1858
934 2382
934 2893
935 936
935 2381
939 957
939 946
940 941
940 946
941 2343
941 944
942 943
942 2343
942 952
943 944
943 951
943 949
944 945
944 948
945 956
945 953
945 946
947 948
947 953
947 955
948 949
949 2413
950 951
950 952
951 952
953 954
954 956
954 955
956 957
957 958
959 960
961 1386
961 1385
961 1387
961 962
962 2871
962 2064
963 967
963 1387
963 2797
964 967
964 965
964 969
965 966
966 2867
966 2869
967 969
968 969
968 1650
970 1874
970 2594
970 971
970 2427
971 972
971 1874
972 973
972 2512
974 2425
975 1762
975 2605
975 1017
976 1937
976 978
976 977
977 980
977 977
978 2386
979 1760
979 2386
980 2600
981 982
984 985
984 2808
986 987
987 990
988 2806
988 990
989 990
991 993
991 1860
991 1970
992 1699
992 993
992 995
993 997
994 996
994 995
994 1911
996 997
996 2373
997 2371
998 2291
998 1896
998 1891
999 1006
999 1896
999 1008
1000 1001
1000 1004
1000 1005
1001 1014
1001 1002
1002 1015
1003 1007
1003 1004
1003 1006
1004 1005
1005 1008
1006 1007
1007 1888
1008 1009
1010 1016
1011 1012
1013 1885
1013 2293
1017 1677
1018 1019
1018 2740
1019 1020
1019 1026
1020 1022
1020 1021
1021 2209
1021 2208
1022 1024
1022 1023
1023 1024
1023 1683
1023 2813
1024 1720
1025 1026
1025 2779
1025 1964
1026 1720
1027 1028
1029 1031
1029 1030
1030 1671
1030 1342
1031 1032
1032 1342
1033 2881
1033 2882
1033 3039
1034 1735
1034 1036
1034 1734
1035 2691
1035 1705
1035 1765
1036 1917
1036 2156
1037 1038
1037 1088
1037 1042
1038 1039
1038 2526
1039 1080
1039 1083
1040 1041
1041 1042
1041 2525
1043 1044
1044 1045
1044 1046
1047 1048
1047 1049
1048 1050
1048 2528
1049 2528
1049 2527
1050 1051
1050 1410
1051 1280
1051 2897
1052 1053
1052 2652
1054 2627
1054 2134
1055 1056
1055 2143
1055 1059
1056 1057
1056 1059
1057 2022
1057 1061
1058 2889
1058 2016
1058 3043
1059 1060
1060 2810
1060 2833
1061 2099
1061 2132
1062 2099
1063 2829
1063 2251
1064 2017
1064 2819
1064 2702
1065 2276
1065 2997
1065 2196
1066 3046
1066 3042
1067 1079
1067 1068
1067 1072
1068 2635
1068 1069
1068 1071
1070 2635
1072 1080
1072 1074
1072 1641
1073 2219
1073 1637
1073 2114
1074 1076
1074 2323
1075 2323
1075 1143
1075 1078
1076 1077
1076 2325
1077 1078
1078 2991
1079 2325
1080 1085
1081 1082
1081 1084
1081 1085
1082 1087
1082 1083
1084 1085
1084 1086
1089 1090
1090 2271
1090 1091
1091 1092
1092 1104
1092 1094
1093 1097
1093 2962
1093 2219
1094 1107
1094 1095
1095 1109
1095 1104
1096 1902
1096 2250
1096 1097
1097 1099
1098 1902
1098 1100
1098 1099
1099 1101
1100 1102
1100 1101
1101 1105
1102 1109
1102 1103
1103 1105
1103 1104
1105 1106
1107 2017
1107 2269
1108 1109
1108 2269
1108 2193
1110 1795
1111 2731
1112 1697
1112 1113
1113 1114
1113 2680
1115 1122
1116 1117
1118 1121
1119 1120
1120 1122
1120 1121
1121 1965
1122 1866
1123 1133
1123 1157
1123 1137
1124 1128
1124 1136
1124 2541
1125 1126
1126 1128
1126 1127
1128 1129
1130 2541
1130 1132
1130 1155
1131 1132
1131 1138
1131 1140
1132 2540
1133 1134
1133 1143
1134 1135
1134 2662
1135 1136
1135 1137
1136 1137
1138 2660
1138 2659
1139 1145
1139 2840
1139 1148
1140 2659
1140 1142
1141 2662
1141 2660
1141 2661
1142 1149
1142 2139
1143 1144
1144 2661
1144 2473
1145 1149
1145 1148
1145 2841
1146 1148
1147 2483
1147 1148
1149 1153
1150 1152
1150 1151
1150 1154
1152 1153
1154 2268
1154 1155
1155 1156
1156 2474
1156 2476
1157 1159
1157 1181
1157 1165
1158 1159
1158 1166
1158 1175
1159 1315
1160 1161
1160 1162
1160 1181
1161 2192
1161 1162
1162 1182
1163 1184
1164 1180
1164 1183
1166 1177
1167 1169
1167 1168
1167 1172
1168 1170
1168 1172
1169 2801
1169 1170
1170 1171
1172 1901
1173 1852
1173 1174
1174 1176
1175 1177
1175 1178
1176 1689
1176 1177
1178 1689
1178 2801
1179 1655
1179 2192
1180 1181
1182 1184
1182 1183
1183 1184
1185 1197
1185 2763
1185 2765
1186 2519
1186 2764
1187 2519
1187 2523
1187 1189
1188 2521
1188 2523
1188 1189
1189 1190
1191 1192
1191 1198
1191 2643
1192 2642
1192 1193
1193 1194
1194 1195
1195 1196
1195 2524
1196 2375
1196 1197
1198 1199
1200 2521
1200 1201
1200 1857
1201 2908
1201 1202
1204 1205
1206 2522
1206 1882
1207 2379
1207 1208
1209 1853
1209 1211
1210 1211
1211 1212
1213 1214
1213 2901
1214 1737
1214 2080
1215 1761
1216 1767
1216 1768
1216 2495
1217 1773
1217 1218
1217 2492
1218 2492
1218 2359
1219 1220
1219 1764
1219 2491
1220 2361
1220 2498
1220 1816
1221 2363
1221 1798
1221 1832
1222 2358
1222 2516
1223 2672
1223 1224
1225 2433
1225 1226
1227 1243
1227 2326
1227 2331
1228 2561
1228 2171
1228 1924
1229 2857
1229 1236
1229 1239
1230 1235
1231 1232
1231 1234
1231 2857
1232 1233
1232 2857
1232 1923
1233 1234
1233 1244
1234 1235
1235 2679
1236 2326
1236 1922
1237 1239
1238 1240
1238 2409
1238 3036
1238 3038
1239 1240
1240 1241
1242 1923
1243 1921
1243 2850
1244 2679
1244 2850
1245 1999
1245 2558
1245 2394
1245 2561
1246 2391
1246 1247
1246 2390
1247 2396
1247 1248
1248 1924
1248 2858
1249 1868
1249 2209
1249 1867
1250 1687
1250 1686
1251 2768
1252 2719
1252 1612
1252 2848
1252 1253
1253 2826
1253 1254
1254 2815
1254 2825
1255 1271
1255 1298
1255 3005
1256 1257
1257 1258
1257 1263
1258 1259
1258 1262
1259 1260
1259 1261
1261 1460
1262 2974
1262 2972
1263 2973
1264 1265
1267 1418
1267 1621
1267 1417
1268 1413
1268 1418
1268 1632
1269 2319
1269 1417
1269 1291
1270 2319
1270 1270
1271 1272
1271 1310
1272 1275
1272 2686
1273 1684
1273 1685
1274 1298
1274 1278
1274 3005
1275 1276
1275 1277
1276 1283
1276 1303
1277 1283
1277 1278
1279 2244
1279 2546
1279 2249
1280 1621
1280 1409
1281 1282
1281 1611
1283 1302
1284 1300
1284 1285
1284 1428
1285 1432
1286 1527
1286 1424
1286 1521
1286 1513
1287 1425
1287 1426
1287 1423
1288 1289
1288 2266
1288 1423
1289 2259
1289 1290
1290 1421
1290 1291
1291 2262
1292 1299
1292 1294
1292 1293
1292 1535
1293 1299
1294 1529
1294 1299
1295 1296
1295 1533
1295 1536
1296 2667
1296 2669
1297 2537
1297 3005
1297 1552
1298 3005
1300 1302
1300 1301
1301 1432
1301 2877
1302 2176
1304 1309
1304 2895
1305 1306
1305 1308
1306 1307
1306 1314
1307 1308
1307 1313
1308 1309
1309 1577
1310 1555
1311 1579
1311 1556
1311 1574
1311 1312
1313 2552
1313 2554
1316 1317
1316 1321
1316 2921
1317 1318
1319 1321
1319 1322
1320 1322
1321 1322
1323 1324
1325 2815
1325 2023
1325 2829
1326 1327
1326 1331
1326 1333
1327 1328
1327 1338
1328 1329
1328 2443
1329 2444
1329 2443
1330 2446
1330 2445
1330 2444
1331 2445
1331 1342
1331 2856
1332 2443
1332 1332
1333 1334
1333 2772
1334 1336
1334 1335
1335 1339
1335 1337
1336 1337
1336 2442
1337 1341
1338 1339
1340 1343
1340 1341
1344 2772
1344 2773
1344 1346
1345 1350
1345 2441
1346 1347
1346 2441
1348 2607
1348 2606
1349 1379
1349 2606
1350 1351
1350 2888
1352 2741
1352 1952
1352 2225
1353 1354
1353 1356
1353 1369
1354 2647
1355 1356
1356 1358
1357 1358
1358 1359
1360 1361
1362 2227
1362 2228
1363 1365
1363 2447
1363 1364
1365 1366
1369 2247
1369 1370
1371 1372
1371 2247
1371 1373
1373 1374
1374 2471
1375 2770
1375 2741
1375 1376
1377 1381
1377 2693
1377 1380
1378 2335
1378 1381
1378 1379
1379 2767
1380 1381
1380 1675
1382 1383
1383 2031
1383 1990
1384 1390
1384 1385
1384 1389
1385 1986
1386 1390
1386 1388
1387 1388
1388 1389
1389 1390
1391 1392
1392 2031
1392 2335
1392 1393
1394 1395
1395 1591
1395 2577
1396 1591
1396 2928
1397 1666
1397 1907
1398 1616
1398 1619
1398 2090
1399 1400
1401 1402
1402 1403
1403 1405
1403 1404
1406 2485
1406 1409
1407 2121
1407 1408
1407 2215
1408 1409
1408 2213
1410 1410
1411 1412
1411 1413
1412 1414
1414 1415
1416 1417
1418 1419
1419 1420
1420 1421
1421 1958
1422 3007
1422 3008
1423 1424
1424 1426
1424 1427
1425 3008
1425 1427
1426 1427
1429 1431
1429 1430
1429 1433
1430 1488
1430 1500
1431 2877
1431 1432
1433 1435
1433 1434
1434 1436
1434 1435
1435 1500
1437 2877
1437 1443
1438 1440
1439 1440
1440 1443
1440 1441
1442 1443
1443 1444
1445 1448
1445 1456
1446 1450
1447 1448
1448 1450
1448 1449
1450 1451
1452 1463
1452 1453
1452 2980
1454 1455
1456 1457
1456 2174
1457 1458
1459 2178
1459 1497
1459 1505
1460 2179
1460 2972
1461 1462
1463 1464
1464 1465
1464 1466
1465 1465
1466 1580
1466 2980
1467 1468
1467 3021
1467 2549
1468 2550
1468 2549
1469 1471
1469 1470
1469 1496
1470 1473
1470 1477
1471 1475
1471 1495
1472 1474
1473 1478
1473 1474
1474 1475
1475 1476
1476 1477
1478 1482
1478 1481
1479 1481
1480 1481
1480 1480
1482 1482
1483 1487
1483 2644
1484 1489
1485 1486
1487 1487
1488 2639
1489 1490
1490 1491
1490 1494
1491 1493
1491 1492
1495 1658
1495 1659
1496 1616
1496 1497
1497 1498
1499 1501
1499 2464
1499 1505
1499 2466
1500 1503
1501 1503
1501 1502
1503 1504
1505 1506
1506 1507
1507 1508
1508 2470
1508 2641
1509 1509
1509 2641
1510 1511
1510 1512
1511 1512
1512 2641
1513 1514
1513 1516
1514 1515
1514 1518
1515 1516
1515 1517
1518 1519
1518 1520
1521 1523
1521 1522
1523 1525
1523 2670
1523 2671
1524 1525
1524 2537
1524 1541
1525 1526
1527 1528
1528 1528
1529 1530
1529 1533
1529 2267
1530 1532
1530 1534
1531 1532
1532 1534
1533 1534
1536 1538
1536 1537
1537 1539
1537 1540
1540 1543
1540 2665
1541 1543
1541 2664
1542 1553
1543 1544
1545 1546
1545 1557
1545 1552
1546 1550
1546 1547
1547 1548
1548 1561
1548 1558
1549 1550
1550 1551
1552 1553
1552 2537
1553 1554
1555 1567
1555 1556
1556 1571
1558 1559
1558 1560
1561 1567
1561 1565
1562 1565
1562 1563
1562 1564
1565 1566
1567 1568
1568 1569
1568 1570
1572 1573
1572 1576
1572 1574
1574 1575
1576 1577
1576 1578
1577 1579
1579 2553
1580 2550
1580 1581
1581 2562
1581 2551
1581 2548
1582 2632
1582 1584
1583 1594
1583 2551
1583 2633
1584 1586
1584 3004
1585 1586
1586 1587
1587 1594
1588 1589
1588 3003
1590 3002
1591 1592
1593 1931
1593 1594
1595 2075
1596 1597
1598 2823
1599 1600
1599 2986
1599 1602
1600 1601
1600 2890
1600 1603
1601 1602
1601 2985
1601 2890
1603 1604
1603 2986
1605 2986
1606 2987
1607 2874
1607 1735
1608 2025
1609 2904
1609 1670
1609 2168
1610 1611
1612 2768
1613 1614
1615 1662
1615 1618
1616 1645
1617 1618
1617 1619
1618 1620
1619 1620
1620 1645
1621 1622
1622 1623
1622 1627
1623 1625
1623 2484
1624 1628
1624 1633
1624 2689
1625 1628
1625 1626
1628 1629
1630 1635
1631 1635
1631 1632
1631 1636
1632 1633
1633 1634
1634 1635
1637 1638
1637 1641
1637 2114
1638 1640
1638 1639
1639 2218
1641 1642
1643 1644
1645 1646
1647 2743
1647 1651
1648 1651
1648 1649
1650 1652
1650 1846
1651 1652
1652 1653
1653 1654
1653 2040
1655 2110
1657 1665
1657 2309
1658 1660
1659 1661
1660 1661
1661 2544
1662 1663
1664 1665
1665 1907
1666 1667
1668 1669
1671 2883
1672 2880
1673 1972
1673 1675
1673 1674
1674 2693
1675 1676
1675 1938
1676 2057
1676 2058
1677 1678
1678 2779
1678 1679
1679 2765
1679 2454
1680 1726
1680 1733
1680 1727
1681 1725
1681 1765
1681 1726
1683 1934
1683 1935
1684 1686
1684 1685
1685 1934
1686 1687
1687 1867
1689 2801
1690 1692
1690 1691
1691 2761
1692 1693
1695 1697
1696 1698
1697 1698
1699 1702
1700 1887
1700 1701
1700 1702
1703 2452
1703 2486
1703 2453
1704 1705
1705 2453
1706 1714
1706 1711
1706 2725
1707 1715
1707 1713
1707 1994
1708 1710
1708 2725
1708 1711
1709 1716
1709 1717
1709 1714
1710 2056
1710 1712
1711 2185
1712 2403
1712 2395
1713 2403
1713 2395
1714 2395
1715 1717
1716 2597
1716 1718
1717 1718
1719 1721
1719 1722
1719 1720
1723 1730
1723 1724
1723 1731
1724 2347
1724 1731
1725 1731
1725 1726
1727 1729
1727 1730
1728 1733
1729 2529
1729 1730
1732 1733
1733 2658
1734 2421
1734 1735
1736 2347
1736 2486
1736 2956
1737 2077
1737 1747
1738 1739
1740 1879
1741 1877
1741 1878
1743 2500
1743 1745
1743 2690
1744 1747
1744 1768
1745 2690
1746 2488
1746 2500
1748 1764
1749 1754
1749 2493
1750 2086
1750 1770
1750 1758
1751 1757
1751 2344
1752 2497
1753 1776
1754 1755
1755 1778
1755 2497
1756 1779
1756 2421
1756 2955
1757 1776
1757 2345
1758 2082
1758 2083
1759 1773
1760 2514
1761 1766
1761 2492
1763 1769
1764 2359
1765 2086
1766 1767
1766 1771
1767 1775
1769 2495
1769 2494
1772 1774
1772 1779
1772 2422
1773 2493
1776 1777
1779 2533
1780 1781
1780 2964
1781 1783
1781 1786
1782 1784
1782 1967
1783 2965
1785 2459
1785 2690
1785 2460
1788 1790
1789 1897
1791 1793
1794 1875
1794 2710
1795 2764
1796 1798
1797 1800
1798 2360
1799 1802
1800 1806
1800 1801
1801 1804
1801 1805
1802 2364
1802 2365
1803 1805
1805 2366
1807 1815
1808 3027
1808 1816
1808 3024
1809 1821
1809 1814
1809 1818
1810 2581
1810 2582
1811 1815
1812 1822
1813 1823
1813 1820
1813 1819
1814 1815
1814 2582
1816 3024
1817 1820
1818 1824
1818 3026
1819 1820
1819 1822
1822 3025
1825 2357
1825 1951
1825 1828
1826 1951
1826 1828
1827 1830
1828 1831
1829 2360
1829 2361
1829 1833
1830 1833
1831 1832
1831 1833
1831 2357
1832 2357
1834 2959
1836 1837
1837 3015
1838 2961
1839 2961
1839 2744
1839 2250
1839 2962
1840 2439
1840 1841
1840 2767
1841 1845
1842 1846
1842 2743
1842 2440
1843 2440
1843 1844
1843 2439
1844 2439
1844 3029
1845 1848
1846 1847
1847 3029
1847 2797
1849 1850
1849 1851
1851 1852
1853 2581
1853 2542
1854 2707
1856 1933
1859 2232
1860 1861
1861 2338
1862 3012
1862 1906
1862 2286
1863 1865
1863 1864
1864 2284
1865 2284
1865 2282
1866 2566
1866 2567
1867 1868
1868 1935
1869 2208
1869 2724
1870 2066
1872 2046
1872 1873
1873 2513
1874 2426
1875 1876
1876 2710
1880 2892
1880 2891
1881 2910
1881 1883
1882 2954
1882 2951
1883 2950
1883 2949
1884 1887
1886 2674
1886 2673
1889 2675
1890 2506
1891 2353
1892 2676
1893 2436
1893 2211
1893 2435
1894 2211
1896 2291
1897 1898
1899 2467
1899 2644
1899 2465
1900 2145
1902 1903
1903 2746
1903 2193
1904 1905
1904 3014
1906 2281
1908 1909
1910 1912
1911 2638
1911 1913
1914 1915
1914 1917
1915 1916
1916 1918
1917 2461
1919 1922
1919 2408
1919 2410
1920 2858
1921 2971
1921 2970
1922 2410
1923 2850
1924 2004
1925 3037
1925 1973
1925 3036
1926 2388
1926 3038
1926 3037
1927 1928
1928 2752
1929 1930
1930 1931
1932 2750
1932 2709
1934 1935
1936 2565
1939 2611
1939 2613
1940 1941
1940 1942
1943 1952
1944 1945
1945 2197
1946 1947
1947 2429
1947 1948
1948 2682
1949 1950
1953 1954
1955 3008
1955 1959
1955 1958
1956 1958
1956 1957
1956 2685
1957 2685
1957 2900
1959 2899
1959 2177
1960 2799
1960 2800
1962 1963
1967 2456
1968 1969
1968 2456
1969 2457
1970 2456
1970 2459
1971 2984
1971 2481
1973 1974
1975 2051
1975 2050
1975 1992
1976 1992
1976 2065
1976 1984
1977 2037
1977 1981
1977 1988
1978 1990
1978 1993
1978 1986
1979 1982
1979 2064
1979 2870
1980 1984
1980 1988
1980 2050
1981 1985
1981 2063
1982 2127
1982 1987
1983 2594
1983 2969
1983 1985
1984 1991
1985 2969
1986 1990
1987 1993
1987 2125
1988 1991
1989 2065
1991 2969
1992 2065
1993 2064
1994 2002
1994 2008
1995 2008
1996 2332
1997 2907
1997 1998
1997 2170
1998 2058
1998 2006
1999 2170
1999 2033
2000 2328
2000 2005
2000 2004
2001 2004
2001 2858
2001 2971
2003 2332
2005 2333
2005 2588
2006 2033
2006 2060
2007 2328
2008 2171
2009 2010
2011 2013
2011 2012
2011 2014
2014 2276
2014 3043
2015 3042
2015 2016
2015 3045
2017 2018
2018 2113
2018 2273
2019 2020
2021 2022
2022 2889
2026 2027
2026 2663
2028 2678
2028 2230
2030 2040
2031 2032
2033 2394
2034 2035
2034 2053
2034 2061
2035 2052
2036 2052
2037 2126
2037 2063
2038 2063
2039 2051
2040 2041
2041 2042
2041 2043
2044 2045
2046 2229
2047 2048
2051 2052
2052 2053
2053 2062
2054 2583
2054 2055
2054 2062
2055 2169
2055 2583
2055 2059
2056 2060
2056 2059
2057 2169
2057 2059
2058 2060
2061 2062
2061 2169
2063 2128
2068 2069
2071 2129
2072 2722
2074 2555
2074 2915
2074 2556
2076 2575
2076 2936
2077 3018
2077 2687
2078 2086
2078 2084
2079 2084
2079 2687
2079 2688
2080 2085
2080 2496
2081 2489
2081 2688
2081 2687
2082 2489
2082 2688
2083 2085
2083 2087
2085 2087
2087 2489
2088 2854
2088 2089
2088 2095
2089 2095
2089 2090
2090 2853
2091 2852
2091 2094
2092 2180
2092 2094
2092 2093
2093 2854
2094 2180
2095 2729
2096 2097
2096 2178
2096 2177
2098 2099
2098 2478
2100 2101
2100 2103
2101 2102
2101 2103
2102 2104
2103 2106
2104 2105
2104 2108
2105 2107
2105 2108
2106 2107
2108 2648
2109 2110
2109 2744
2110 2961
2111 2116
2111 2142
2111 2189
2112 2794
2112 2821
2113 2189
2113 2818
2115 2701
2115 2194
2115 2142
2116 2531
2116 2536
2117 2122
2117 2963
2117 2216
2117 2119
2118 2124
2118 2123
2118 2942
2119 2241
2120 2214
2120 2941
2121 2123
2122 2240
2122 2216
2123 2941
2124 2942
2124 2180
2125 2127
2125 2126
2126 2128
2127 2128
2129 2130
2131 2134
2131 2253
2131 2133
2132 2143
2132 2835
2133 2948
2134 2253
2135 2833
2135 2831
2135 2143
2136 2137
2138 2197
2139 2140
2139 2475
2141 2142
2144 2834
2144 2831
2145 2147
2145 2146
2147 2150
2147 2149
2148 2150
2149 2152
2149 2150
2151 2152
2152 2153
2153 2154
2154 2155
2156 2157
2156 2452
2157 2160
2157 2158
2157 2159
2160 2532
2160 2161
2160 2162
2163 2164
2164 2165
2164 2802
2167 2168
2170 2907
2171 2394
2172 2172
2172 2174
2173 2174
2174 2175
2177 3007
2178 2900
2178 2899
2179 2803
2182 2418
2182 2421
2182 2502
2183 2879
2183 2184
2185 2583
2186 2187
2186 2736
2189 2194
2190 2193
2190 2748
2190 2701
2192 2849
2194 2273
2197 2198
2199 2913
2201 2204
2201 2202
2201 2207
2202 2205
2202 2207
2203 2205
2203 2227
2203 2204
2204 2620
2206 2225
2206 2621
2207 2621
2208 2724
2209 2210
2211 2758
2212 2300
2212 2758
2214 2235
2214 2215
2215 2239
2216 2239
2217 2220
2218 2219
2221 2222
2221 2992
2222 2993
2222 2992
2224 2625
2224 2227
2224 2626
2225 2226
2226 2625
2226 2626
2228 2341
2229 2424
2230 2231
2231 2234
2231 2233
2235 2236
2235 2237
2236 2240
2236 2239
2236 2238
2237 2238
2240 2241
2243 2689
2243 2898
2244 2246
2245 2246
2245 2245
2246 2545
2248 2813
2249 2249
2250 2962
2251 2252
2254 2262
2254 2264
2254 2261
2255 2259
2255 2257
2255 2263
2256 2260
2258 2260
2259 2266
2260 2262
2265 2266
2269 2270
2270 2275
2270 2274
2272 2274
2273 2275
2274 2275
2276 2889
2279 2283
2279 2286
2279 2284
2280 2283
2282 2286
2282 2285
2283 3001
2285 2285
2287 2294
2288 2843
2288 2289
2288 2290
2288 2293
2293 2296
2295 2297
2295 2472
2298 2299
2298 2923
2300 2301
2301 2437
2302 2303
2304 2305
2304 2309
2305 2307
2305 2306
2307 2308
2307 2316
2308 2312
2310 2315
2311 2312
2312 2314
2313 2315
2315 2317
2318 2319
2320 2321
2321 2322
2321 2323
2324 2325
2326 2329
2327 2328
2330 2970
2330 2334
2330 2333
2330 2971
2332 2333
2335 2336
2337 2338
2338 2340
2339 2684
2339 2683
2340 2683
2342 2343
2344 2533
2345 2957
2345 2346
2346 2346
2347 2348
2348 2349
2349 2351
2350 2351
2351 2352
2353 2490
2353 2359
2354 2580
2354 2499
2355 2356
2355 2358
2355 2357
2358 2362
2360 2366
2361 2366
2362 2364
2363 2365
2367 2368
2370 2372
2371 2638
2371 2372
2372 2374
2376 2377
2378 2379
2379 2382
2380 2382
2386 2387
2388 2907
2388 2404
2389 2390
2390 2396
2391 2392
2391 2393
2392 2558
2392 2393
2393 2401
2396 2397
2397 2399
2397 2398
2398 2400
2398 2851
2399 2406
2399 2400
2400 2405
2402 2403
2407 2409
2408 2409
2408 2410
2411 2967
2412 2413
2415 2417
2415 2418
2415 2534
2416 2419
2418 2419
2419 2420
2423 2424
2424 2753
2425 2426
2427 2428
2427 2870
2430 2431
2433 2434
2435 2436
2437 2438
2440 2743
2444 2445
2447 2885
2447 2886
2448 2449
2449 2450
2450 2453
2451 2452
2454 2455
2455 2455
2457 2461
2457 2458
2458 2460
2458 2461
2459 2460
2464 2465
2464 2466
2465 2467
2466 2468
2467 2469
2468 2469
2468 2470
2469 2470
2473 2475
2477 2809
2480 2873
2481 2727
2486 2487
2488 3019
2488 2500
2490 2493
2491 2498
2491 2499
2494 2495
2494 2497
2498 2580
2501 2842
2503 2505
2507 2508
2507 3028
2507 2510
2508 2509
2511 2627
2511 2517
2511 2859
2515 2516
2518 2945
2519 2523
2520 2521
2527 2528
2529 2530
2531 2872
2533 2535
2536 2796
2538 2837
2539 2541
2543 2544
2546 2863
2549 2557
2550 3023
2551 3022
2555 2557
2558 2560
2559 2560
2560 2561
2565 2739
2566 2567
2567 2760
2570 2931
2570 2927
2571 2929
2571 2935
2572 2925
2572 2576
2573 2919
2573 2579
2573 2916
2575 2939
2575 2937
2576 2577
2576 2578
2577 2579
2577 2926
2578 2579
2578 2916
2581 2582
2584 2587
2584 2585
2585 2587
2586 2588
2586 2589
2587 2589
2588 2589
2593 2594
2595 2596
2600 2603
2600 2602
2601 2602
2602 2605
2604 2605
2606 2607
2608 2609
2609 2612
2609 2610
2610 2612
2610 2611
2611 2613
2612 2614
2613 2615
2614 2616
2615 2617
2615 2618
2616 2617
2617 2618
2618 2619
2621 2622
2623 2626
2624 2625
2627 2628
2629 2630
2631 2633
2632 2633
2632 2634
2635 2636
2637 2638
2639 2640
2642 2643
2644 2645
2646 2647
2648 2650
2648 2652
2649 2650
2650 2651
2652 2653
2656 2657
2659 2660
2661 2662
2664 2668
2664 2666
2665 2666
2665 2667
2666 2668
2667 2669
2668 2671
2669 2670
2670 2671
2673 2674
2674 2675
2677 2678
2679 2858
2681 2682
2683 2684
2691 2876
2691 2875
2693 2695
2694 2695
2695 2696
2697 2698
2697 2855
2699 2827
2699 2757
2699 2702
2702 2828
2704 3024
2704 2708
2705 2714
2705 2706
2705 2709
2706 2711
2706 2715
2707 2711
2709 2716
2710 2759
2711 2759
2712 2713
2712 2715
2713 2714
2714 2716
2715 2759
2719 3041
2719 2826
2719 2846
2720 2819
2720 2795
2720 2829
2720 2769
2721 2830
2721 2756
2721 2757
2721 2827
2722 2723
2724 2738
2726 2780
2726 2965
2729 3006
2730 3006
2731 2732
2732 2735
2732 2733
2733 2734
2734 2735
2735 2736
2737 2870
2737 2871
2737 2866
2738 2739
2738 2740
2739 2740
2741 2887
2744 2746
2745 2872
2745 2747
2745 2746
2746 2747
2747 2748
2748 2749
2751 2997
2752 2996
2754 2755
2757 2828
2758 2862
2760 2761
2762 2765
2762 2764
2763 2765
2763 2764
2769 2815
2769 2825
2770 2773
2770 2771
2772 2812
2773 2774
2775 2776
2776 2779
2776 2777
2776 2778
2780 2781
2782 2791
2782 2783
2782 2784
2784 2785
2784 2787
2785 2786
2785 2792
2786 2793
2786 2787
2787 2788
2788 2913
2790 2912
2794 2820
2794 2795
2795 2822
2796 2822
2797 3029
2798 2799
2799 2800
2804 2805
2806 2807
2808 2809
2810 2997
2810 2833
2813 2814
2816 2817
2818 2819
2818 2822
2819 3041
2820 2821
2824 2959
2825 2826
2828 3041
2831 2832
2832 2836
2834 2835
2834 2948
2835 2948
2836 2996
2840 2998
2840 2990
2840 2841
2841 2991
2841 2999
2842 2842
2844 2845
2846 2847
2846 3046
2847 3044
2847 3041
2852 2898
2852 2853
2853 2898
2859 2882
2860 2861
2863 2865
2863 2864
2866 2868
2867 2868
2867 2869
2869 2871
2875 2876
2875 3016
2876 3018
2879 3039
2879 3040
2880 2881
2881 2882
2883 2884
2884 3040
2885 2888
2885 2886
2886 2887
2887 2888
2891 2892
2891 2893
2892 2894
2893 2894
2894 3020
2895 2983
2896 2940
2896 2939
2899 2900
2902 2903
2903 2906
2903 2904
2905 2906
2906 3035
2908 2909
2908 2910
2909 2910
2911 2914
2911 2915
2912 2913
2914 2915
2916 2917
2917 2918
2917 2920
2918 2924
2918 2919
2920 2924
2920 2921
2921 2922
2922 2923
2922 2936
2923 2924
2925 2927
2925 2926
2926 2928
2927 2929
2928 2929
2930 2934
2930 2932
2931 2932
2931 2935
2933 2935
2933 2934
2936 2937
2937 2938
2938 2939
2938 2940
2943 2946
2943 2944
2945 2947
2946 2947
2947 2963
2949 2950
2949 2952
2950 2951
2951 2954
2952 2953
2952 3020
2953 3020
2953 2954
2955 2957
2955 2956
2956 2957
2958 2959
2958 2993
2959 2993
2964 2965
2970 2971
2973 2974
2975 2983
2975 2976
2975 2982
2976 2977
2977 2981
2977 2982
2978 2979
2978 2982
2979 2980
2979 2981
2980 2981
2982 2983
2984 2989
2987 2989
2987 2988
2988 2989
2990 2998
2991 2999
2992 2995
2994 2995
2996 2997
2998 2999
3002 3003
3002 3004
3003 3004
3007 3008
3009 3010
3009 3014
3009 3012
3010 3013
3010 3012
3011 3013
3011 3014
3011 3015
3013 3015
3016 3017
3016 3019
3017 3019
3017 3018
3021 3023
3021 3022
3022 3023
3025 3027
3025 3026
3026 3027
3030 3031
3031 3032
3036 3037
3036 3038
3037 3038
3039 3040
3042 3046
3044 3045
