0 655
0 1711
1 84
1 241
1 656
2 3
2 16
2 84
3 4
3 317
4 1712
4 5
5 680
5 1534
6 7
6 74
6 75
7 1723
7 74
8 478
8 607
8 9
8 1723
9 2335
9 2249
10 12
10 11
10 2672
11 18
11 12
12 2248
12 2769
12 2247
13 14
13 19
13 1721
14 1722
14 15
15 16
15 418
16 318
17 1805
17 18
17 318
18 19
19 2038
20 2767
20 423
20 359
20 911
21 333
21 22
21 204
22 23
22 454
23 2782
23 334
24 2081
24 1820
24 1758
25 122
25 1815
25 26
26 904
26 2714
27 30
27 2120
27 372
27 2627
28 123
28 29
28 167
28 2466
29 31
29 167
30 2577
31 32
31 1004
31 166
32 33
32 294
32 124
33 338
33 1535
33 337
34 1112
34 338
34 319
35 2361
35 361
35 1112
36 2355
36 2351
36 366
37 1114
37 320
37 1095
37 362
38 1094
38 365
38 364
38 320
39 482
39 1093
39 1094
40 41
40 308
40 2550
41 899
41 237
41 1648
42 1725
42 152
42 886
43 2082
43 2100
43 1714
44 45
44 2040
44 1718
45 1981
45 2030
45 46
46 1619
46 1603
46 1600
47 1585
47 1629
47 1584
48 1575
48 2146
48 2141
49 2256
49 2580
49 2464
50 51
50 2256
50 1287
51 1287
51 52
51 1136
52 1266
52 1124
53 547
53 1144
53 1204
53 1268
54 1268
54 1173
54 1819
54 2432
55 1696
55 2014
56 1290
56 1702
56 1701
57 2257
57 438
57 58
58 1388
58 1213
58 59
59 1308
59 1318
60 138
60 61
60 2243
61 2546
61 137
62 1432
62 2133
62 2546
63 2546
63 64
63 2526
64 821
64 827
65 828
65 821
65 2348
66 2560
66 820
66 822
67 68
67 2560
67 837
68 2061
68 819
69 2061
69 810
69 70
70 1818
70 288
71 1818
71 105
71 2347
71 104
72 235
72 2609
72 2147
72 2608
73 696
73 2768
73 1048
74 78
75 76
75 79
76 79
76 77
77 78
77 80
78 80
79 85
80 81
82 923
82 833
82 119
83 1347
83 320
83 1845
84 1721
85 2488
85 2487
86 186
86 2195
86 473
87 1811
87 184
87 88
87 2195
88 1811
88 2075
89 2076
89 2075
89 2161
90 2652
90 1322
90 321
90 1722
91 2653
91 2591
91 1321
91 2652
92 1320
92 731
92 2591
93 418
93 321
93 2074
94 720
94 718
94 95
95 2034
95 724
96 2035
96 2139
96 285
96 2034
97 692
97 103
97 270
98 99
98 692
98 102
99 100
99 387
100 798
100 760
101 385
101 102
101 2035
102 103
103 692
104 2608
104 289
104 1975
105 388
105 106
105 2347
106 108
106 2096
107 236
107 110
107 111
108 111
108 109
109 112
109 110
110 239
111 683
112 116
113 114
113 116
113 1047
114 115
114 2765
115 444
115 1047
116 289
116 2347
117 832
117 936
117 118
117 1831
118 1829
118 119
119 832
120 1429
120 936
120 459
120 935
121 934
121 927
121 924
121 1429
122 1815
122 1753
123 1336
123 1331
124 1335
124 1336
125 494
125 492
125 1863
126 2191
126 433
126 434
126 231
126 435
126 1432
127 2402
127 241
127 2695
128 2527
128 133
128 887
129 130
129 2043
129 2527
130 2434
130 131
131 132
131 2435
132 1599
132 2412
133 1598
133 1599
134 135
134 141
134 303
134 1996
135 304
135 836
135 140
136 2205
136 137
136 2202
137 138
138 796
138 1258
139 352
139 140
139 836
139 2200
140 141
140 352
141 2099
141 1195
141 1996
142 842
142 256
142 1192
143 840
143 2435
143 842
144 1863
144 145
145 2528
146 1565
146 151
146 1567
147 2548
147 148
147 2665
148 149
148 1556
149 424
149 150
150 151
150 424
151 1566
152 153
152 2641
152 1724
153 1556
153 2100
153 1598
154 155
154 240
154 1871
155 156
155 344
156 157
156 1568
157 158
157 1568
157 344
158 2594
158 1799
159 2762
159 2042
159 2048
159 2049
160 161
160 808
160 805
161 2373
161 1423
162 1341
162 2675
162 2062
163 164
163 2488
164 2488
164 2671
165 2050
165 487
165 1535
165 493
166 995
166 2104
166 2103
167 2707
168 1751
168 2467
168 170
169 2232
169 170
169 1640
170 1822
171 1444
171 1789
172 2709
172 2457
173 1758
173 1810
173 924
173 920
174 175
174 1912
174 471
175 1373
175 176
175 702
176 358
176 681
177 2138
177 681
177 2137
178 2156
178 1325
178 2155
178 2138
179 1794
179 1793
179 355
179 2156
180 181
180 355
180 1794
181 2054
181 706
182 2052
182 2055
182 2178
183 184
183 2052
183 617
183 1811
184 1811
184 621
184 185
185 317
185 2116
186 2117
186 2116
187 188
187 2495
188 474
188 189
189 1327
190 2227
190 191
190 2228
190 443
191 1772
191 1020
191 192
192 1777
192 1019
192 1907
193 194
193 1035
193 590
193 1034
194 195
194 591
195 196
195 198
196 579
196 197
197 198
197 199
198 1533
199 1033
199 1026
199 200
200 1028
200 1029
201 2135
201 312
201 1106
201 1105
202 559
202 2399
202 1885
202 1106
203 378
203 1884
203 379
203 1102
204 211
204 1829
204 1399
205 989
205 2229
205 319
206 995
206 986
206 561
207 574
207 373
207 1003
208 771
208 770
208 570
209 1814
209 2504
209 1910
209 210
209 1909
210 2157
210 1779
211 212
211 1399
212 327
212 470
213 2485
213 2486
213 214
214 1523
214 950
215 2483
215 216
215 2484
216 217
216 2725
217 1412
217 218
218 219
218 278
219 971
219 220
220 967
220 221
221 638
221 2502
221 2735
222 225
222 223
223 224
223 680
224 603
224 1883
225 952
226 227
226 354
227 1805
227 318
228 2562
228 654
228 1439
229 230
229 1389
229 1390
230 2695
230 1452
230 231
231 434
232 1306
232 233
232 434
233 615
233 2260
234 2462
234 805
234 2564
235 2765
235 697
235 1049
236 237
236 239
237 1808
238 239
238 247
238 1649
240 1871
240 1873
241 1391
242 2633
242 2456
242 243
242 371
242 916
243 244
243 915
243 2633
244 1426
244 1427
245 1550
245 1045
245 2589
246 1425
246 912
246 2489
247 1043
247 1649
248 1043
248 2187
248 2180
249 1549
249 2180
249 1425
250 307
250 2262
250 2567
250 2097
251 830
251 252
251 2263
252 300
252 253
253 301
253 306
254 879
254 255
254 306
255 1996
255 256
255 2694
256 2197
256 2099
257 258
257 1702
258 1300
258 259
259 1296
259 260
260 263
260 261
261 262
261 263
262 396
263 264
264 1518
264 2217
265 2530
265 2220
265 2219
265 1507
266 2530
266 2220
266 1456
267 1635
267 417
267 1634
268 765
268 471
268 358
269 2070
269 270
269 693
269 1827
270 1431
270 2070
271 1431
271 1400
271 801
272 2226
272 1648
272 2180
273 945
273 2760
273 334
274 275
274 2760
274 406
275 276
275 1523
275 949
276 1707
276 277
277 2725
277 1708
278 279
278 959
279 962
279 280
280 963
280 281
281 975
281 282
282 962
282 406
283 1632
283 746
283 749
284 285
284 2140
286 315
286 762
286 1437
287 288
287 809
287 810
288 1975
289 2765
290 2635
290 291
290 2634
291 292
292 293
293 1652
293 1800
294 503
294 490
295 2168
295 1640
295 298
296 2168
296 2130
296 2169
296 297
297 2681
297 1810
298 1447
298 1823
299 1447
299 2130
299 1810
300 846
300 307
300 301
301 305
302 305
302 306
302 844
303 306
303 304
304 834
305 846
307 308
307 389
308 2549
309 310
309 1977
309 2050
309 1858
310 488
310 487
311 2246
311 1662
311 1884
312 2463
312 2576
312 1885
313 723
313 1038
313 712
314 386
314 315
314 2139
315 760
316 1930
316 618
316 707
317 2116
319 2177
320 1101
321 2074
321 2160
322 712
322 1795
322 1322
323 1919
323 1712
323 1942
324 644
324 1965
324 1970
325 633
325 1705
325 2476
325 644
326 381
326 415
326 2476
327 333
327 420
328 466
328 2647
328 1393
329 2648
329 684
329 466
329 330
329 2647
330 2723
330 331
331 2724
331 332
332 1707
332 2724
333 454
334 454
335 2506
335 2242
335 2241
336 1082
336 338
336 337
337 1083
339 1082
340 343
340 481
340 1349
340 342
341 409
341 342
341 486
341 1352
342 1354
342 1351
343 1340
343 2500
344 1566
345 348
345 451
345 1371
346 1371
346 1379
346 347
347 1380
347 2553
348 2193
348 1381
348 2240
349 1372
349 1226
349 1173
349 1231
350 1365
350 1817
350 439
350 788
351 1142
351 794
351 1191
351 2664
352 1194
353 838
353 2524
353 2525
354 608
354 2037
355 1325
356 357
356 1051
356 1325
357 2137
357 649
358 682
359 1421
359 936
359 1831
360 1859
360 488
360 1977
360 1112
361 2355
361 484
361 600
362 1113
362 2351
363 364
363 479
363 365
364 409
365 480
366 367
366 2352
367 1353
367 2352
368 1672
368 901
368 906
369 2458
369 1671
369 1672
370 371
370 906
370 372
370 2120
371 2056
371 907
372 2056
373 448
373 777
373 2556
374 1015
374 2135
374 992
374 2163
375 497
375 2405
375 537
376 595
376 1551
376 1552
377 557
377 378
377 496
378 1840
378 502
379 557
379 1104
380 621
380 2244
380 2433
381 698
381 699
381 1971
382 383
382 2730
382 413
382 1420
383 1420
383 2735
384 1419
384 630
384 2181
385 386
385 387
386 2404
387 2404
388 1818
388 837
389 846
389 2503
390 648
390 690
390 647
391 393
391 2250
391 392
391 851
392 855
392 648
393 2084
393 893
393 646
394 1507
394 2216
394 399
395 1437
395 1436
395 1377
396 1516
397 1516
397 1515
397 1520
398 1525
398 1537
398 546
399 1062
399 1436
400 1545
400 2437
400 1540
401 2437
401 2686
401 404
402 1513
402 1541
402 1546
403 1539
403 2690
403 2689
404 2689
404 1511
405 1520
405 2214
405 1517
406 983
407 981
407 983
407 982
408 987
408 777
408 986
409 482
410 2097
410 824
410 837
411 2650
411 1395
411 1396
412 684
412 1393
412 2648
413 2057
413 1328
414 1920
414 643
414 665
415 416
415 476
416 624
416 2386
417 2159
417 1636
418 419
419 2705
419 2077
420 2759
420 454
421 917
421 456
421 423
421 911
422 909
422 910
422 917
423 459
423 936
424 1532
425 1638
425 1754
425 2712
426 2625
426 1757
427 2231
427 1755
427 450
428 1760
429 806
429 819
429 2061
430 814
430 2516
430 818
431 2017
431 812
431 1432
432 435
432 816
432 2519
433 2519
433 2518
435 2191
436 2481
436 1311
436 1452
437 1299
438 510
438 511
439 1366
439 1226
440 789
440 1185
440 1184
441 2123
441 839
441 1205
441 789
442 443
442 1812
442 2505
443 586
444 1689
444 1041
445 2490
445 2173
445 2036
446 2136
446 2173
446 2776
446 1632
446 2046
447 1115
447 778
447 572
448 1009
448 1115
449 2340
449 450
449 778
450 573
451 1381
451 1759
452 1370
452 1159
452 2192
452 2193
453 1351
453 1350
453 1857
454 947
455 908
455 918
455 909
455 2458
456 457
456 918
457 1433
457 913
458 927
458 1685
458 910
458 902
459 2164
460 2342
460 2703
460 2719
460 811
461 469
461 462
461 1704
462 463
462 470
463 464
463 2723
464 465
464 469
464 467
465 467
465 466
467 468
468 1395
468 469
470 2724
471 763
472 693
472 764
472 765
473 474
473 1807
474 1807
475 575
475 1001
475 1014
475 2696
475 536
476 702
476 477
477 604
477 2057
478 478
479 1113
479 480
480 1114
481 2396
481 2422
482 1345
483 1861
483 484
483 486
484 485
486 2349
487 488
489 490
490 492
490 1405
491 1337
491 503
492 1335
493 494
493 1337
494 1855
495 600
495 2229
495 2365
496 498
496 601
497 989
497 498
498 499
499 500
499 1088
499 537
501 1348
501 1350
501 1349
502 1884
502 1860
503 1403
504 784
504 505
504 2209
505 514
505 782
505 515
506 517
506 781
506 534
506 782
507 518
507 519
507 508
508 509
508 513
509 513
509 510
510 511
511 1788
512 2206
512 1788
512 1787
513 783
514 515
514 783
515 1699
516 1699
516 2784
516 1319
517 518
517 532
517 1451
518 519
519 1787
520 2212
520 1697
520 525
521 523
521 1830
521 2207
522 1060
522 1834
522 524
523 1319
523 524
524 1058
525 526
525 1834
526 2210
526 1830
527 530
527 531
527 535
528 531
528 529
528 533
529 533
529 530
530 786
531 535
532 534
532 787
533 785
534 780
534 939
535 1697
536 578
536 2163
537 1104
538 540
538 1683
538 539
540 1119
541 2607
541 2783
541 2782
542 542
542 543
543 1809
543 1826
544 1463
545 1464
545 1476
545 1473
546 2616
546 1473
547 2320
547 1285
548 1278
548 1155
548 2016
549 1278
550 551
550 557
550 2371
551 553
551 552
554 555
554 556
554 2371
558 1103
558 2398
558 2405
559 2246
559 1102
559 2398
560 2405
560 562
560 1107
561 1032
561 777
562 990
562 988
563 567
563 564
563 568
564 566
564 565
565 568
565 1003
565 570
566 571
566 567
567 569
568 1002
569 2163
569 1001
570 1117
571 999
571 770
572 574
572 573
573 771
574 1117
575 579
575 576
576 1025
576 577
577 578
577 1025
578 1027
579 1552
580 585
580 1012
580 1000
580 581
581 586
581 2504
582 1020
582 583
582 592
583 588
583 584
584 585
584 586
584 587
585 595
587 588
587 591
588 589
589 594
589 590
590 591
590 1904
591 595
592 593
592 1020
593 1019
593 594
594 1019
596 2722
596 2628
596 597
597 2157
597 2722
598 1813
598 599
598 1528
599 1782
599 2225
600 601
601 2229
602 1653
603 605
604 1328
604 2057
605 680
606 607
606 2319
608 609
608 1376
609 610
609 1378
610 1439
610 611
611 612
611 2134
612 653
612 2134
612 654
613 1400
613 614
613 1401
614 691
614 1400
615 2133
615 2260
616 1951
616 618
616 619
616 699
617 620
617 619
617 2238
618 619
620 620
621 622
623 701
623 2386
623 700
624 625
624 2477
625 2385
625 1793
626 627
626 631
626 639
628 629
628 639
628 630
630 2573
631 632
631 1705
633 634
633 643
634 635
634 1705
634 636
635 642
635 640
635 639
636 637
636 640
637 641
637 638
638 665
640 641
643 1398
644 645
645 645
646 894
646 647
647 895
647 896
648 857
649 766
649 767
649 682
650 1497
650 1547
650 1832
651 1058
651 653
651 1438
652 654
652 653
652 1319
653 1438
655 1374
655 2512
656 1374
656 2194
657 1704
657 1394
657 2343
658 1727
658 1728
658 1748
659 1962
659 1748
659 1746
660 661
660 1746
661 662
662 1737
663 675
663 669
663 1680
664 1679
664 665
664 672
666 667
666 668
666 1928
668 677
668 669
669 2442
670 1392
670 674
670 2442
671 1392
671 679
671 674
672 1920
672 1397
673 674
673 1681
673 1675
673 1676
675 1676
675 676
677 1392
677 678
679 1397
679 1960
681 682
683 1647
683 2096
684 685
685 1289
685 1328
686 1567
686 2090
686 2594
687 2093
687 2779
687 893
688 2058
688 2779
688 2777
689 895
689 690
689 2058
690 845
691 1422
691 1423
693 694
694 1912
694 763
695 1671
695 909
695 902
696 1050
697 1430
697 1049
698 709
698 699
700 2346
700 701
701 2477
702 703
704 705
704 706
705 709
706 707
707 710
708 710
708 709
711 713
711 2161
711 1795
712 714
713 715
713 716
714 716
714 715
715 716
717 730
717 718
717 755
717 721
718 719
718 724
719 721
719 720
720 723
721 722
722 1321
722 723
724 728
725 729
725 727
725 730
726 744
726 750
726 753
726 727
727 728
728 729
729 730
731 735
731 743
731 2510
732 758
732 2510
732 733
733 2536
733 741
733 751
734 2536
734 759
734 756
735 736
735 738
736 737
736 758
737 739
737 738
738 2653
739 740
739 756
740 1762
740 757
741 1762
741 757
741 1761
742 745
742 750
742 751
743 2698
743 752
744 2140
744 749
745 746
745 759
746 747
747 2401
748 2401
748 750
748 749
751 752
751 2537
752 753
753 2698
753 754
754 755
754 2698
755 1320
756 757
758 1761
759 2537
760 762
761 762
763 764
764 765
765 767
766 1051
766 767
768 2766
768 1911
768 769
770 1780
771 2544
772 776
772 773
772 2544
774 775
774 1009
774 987
776 1780
776 1910
778 779
780 785
780 781
781 784
781 782
782 783
784 2469
785 2469
785 786
786 939
787 939
787 2667
788 1141
788 2432
788 1180
789 1132
789 1187
790 1187
790 791
790 793
791 1205
791 2283
792 2283
792 793
792 2630
793 1189
793 1134
794 1189
794 1186
795 1259
795 1255
795 1142
796 2200
796 1260
797 2645
798 804
798 2645
799 1442
799 803
799 2645
799 800
800 1443
800 1442
801 802
801 1443
802 803
802 1431
803 1443
804 2693
804 2645
805 807
806 818
806 1674
807 1674
807 2042
808 1674
808 810
811 2768
811 937
811 938
811 2767
812 2518
812 813
813 814
813 2017
814 815
815 816
815 2041
816 817
818 2517
819 820
820 823
821 823
822 823
822 828
824 2266
824 2267
825 2560
825 2267
825 2473
826 829
826 2524
826 827
827 2348
828 829
829 2522
830 831
830 2266
831 2473
831 2538
832 833
832 935
833 934
833 922
834 838
834 2198
835 1126
835 1124
835 1211
836 2199
836 2198
838 2523
839 1193
839 1206
839 1197
840 841
840 2271
841 1209
841 1208
842 2694
842 843
843 1208
843 1209
844 853
844 2596
845 2596
845 849
847 2503
847 2094
847 849
848 2095
849 850
851 864
851 852
852 854
852 863
852 857
853 877
853 872
854 856
854 855
855 856
857 858
857 872
858 859
858 870
859 874
859 875
860 874
860 862
860 861
861 864
861 863
862 869
862 873
863 864
865 876
865 877
865 882
866 876
866 867
866 875
867 881
867 873
868 869
869 881
870 871
870 875
870 876
871 872
871 878
871 877
873 875
873 874
879 880
879 882
880 882
880 881
883 884
883 885
883 1725
884 2043
884 886
884 887
884 885
885 2250
886 2641
887 2641
888 1724
888 889
888 1725
889 890
889 2250
890 892
890 891
893 2704
894 894
895 896
896 2704
897 1799
897 1880
897 1568
898 1796
898 2778
899 1650
899 2284
900 2605
900 1650
900 1044
901 1686
901 905
902 903
903 2600
903 1686
904 2627
904 905
905 906
906 907
907 908
907 2458
908 2717
908 2456
910 2164
910 1428
911 1809
912 1040
912 914
912 2184
913 1052
913 919
914 2589
914 915
914 1052
915 916
916 1052
916 2717
917 2183
918 919
919 2717
920 921
920 2680
921 2313
921 922
922 923
923 2680
923 2679
924 2313
924 926
925 929
925 2600
925 2081
926 932
926 929
927 933
928 933
928 2711
928 932
929 931
930 2459
930 933
930 2711
931 2459
931 2710
932 2710
934 935
937 1829
937 1421
938 2720
938 1703
939 2667
940 1068
940 1073
940 941
941 1491
941 942
942 1072
942 943
943 944
943 1074
944 1070
944 1077
945 946
945 2759
948 949
949 2761
950 2483
950 2486
951 962
951 2129
951 953
952 957
952 958
953 954
954 955
954 1408
955 956
956 957
957 1409
957 961
958 1407
958 2502
959 960
959 973
960 2128
960 961
961 1407
963 2393
963 2392
964 970
964 2501
964 965
965 974
965 966
966 2660
966 969
967 968
967 2502
967 2660
968 969
968 971
969 972
969 974
970 973
970 974
971 972
972 973
975 977
975 976
976 2388
976 2390
977 2391
977 2389
978 980
978 1412
978 1414
979 1412
980 2022
981 2021
981 2020
982 982
983 984
984 985
984 2475
986 987
989 990
990 993
990 991
991 1016
991 992
992 1107
993 998
993 994
993 1016
995 996
996 997
996 1008
998 1031
998 1008
998 1017
999 1000
999 2670
1000 1780
1000 1011
1001 2670
1003 1007
1005 1006
1005 1018
1005 2722
1009 2231
1010 2670
1010 1011
1010 1014
1011 1012
1011 1013
1012 1903
1013 1014
1013 1901
1015 2555
1015 1017
1016 1017
1021 1022
1021 1023
1021 1813
1023 1024
1023 2225
1025 1026
1026 1360
1027 1356
1027 2697
1029 1030
1029 1896
1031 1032
1033 1533
1034 1533
1034 1776
1035 1036
1035 1906
1036 1804
1036 1037
1037 1905
1037 1771
1038 1051
1039 1430
1040 1042
1040 1825
1041 1684
1041 2187
1041 2302
1042 2185
1042 1687
1043 1684
1044 1427
1044 1801
1044 1329
1045 2716
1045 2605
1046 1047
1048 1049
1048 2158
1048 2609
1050 1430
1050 2699
1052 1434
1053 1828
1053 1547
1053 1054
1055 1548
1056 1059
1056 1061
1056 1548
1057 1060
1058 1059
1059 1060
1062 1495
1062 1066
1063 1064
1063 1493
1063 1065
1064 1065
1064 1496
1065 2587
1066 1067
1066 1075
1066 1070
1067 1067
1068 1069
1068 1491
1070 1071
1073 1075
1073 1074
1074 1081
1075 1076
1076 1077
1076 2431
1077 1078
1078 1080
1078 1079
1082 1083
1083 2103
1084 1092
1084 1085
1084 1088
1085 1087
1085 1086
1088 1089
1089 1091
1089 1090
1092 2371
1093 1347
1093 1094
1095 1096
1095 1100
1096 2350
1096 1097
1097 1098
1097 1099
1101 1101
1102 1103
1103 1104
1105 2697
1105 1897
1105 2463
1106 1108
1107 1109
1109 1110
1109 2399
1110 1111
1111 2135
1113 1114
1115 1116
1117 1118
1119 1120
1119 2783
1121 1125
1121 1122
1121 1128
1122 1123
1122 1140
1123 1269
1123 1124
1125 1126
1125 1127
1126 1131
1127 1130
1127 1128
1128 1198
1129 1201
1129 1130
1129 1182
1130 1131
1131 2121
1132 1133
1132 1182
1133 2121
1133 2123
1134 1135
1134 1190
1135 1207
1135 2764
1135 2763
1136 1137
1137 1283
1137 1138
1138 1267
1138 1285
1139 1268
1139 1204
1139 1140
1140 1203
1140 2432
1141 1203
1141 1199
1142 1252
1143 2430
1143 1365
1143 1177
1144 2013
1144 1145
1145 1146
1145 2012
1146 1147
1147 1560
1148 1149
1148 2013
1148 1166
1149 1161
1149 1163
1150 1161
1150 1151
1150 1152
1151 2326
1151 1161
1152 1155
1152 1153
1153 1154
1153 2325
1155 2196
1156 1158
1156 1710
1156 2598
1156 2039
1157 1158
1157 1562
1158 1159
1159 1369
1159 1231
1160 1561
1162 1167
1162 1164
1162 1163
1163 1164
1164 1165
1166 1166
1167 1559
1167 2012
1168 1174
1169 1175
1170 1171
1170 1560
1171 1172
1172 1173
1172 1819
1173 1174
1174 1175
1175 1176
1177 1178
1177 2663
1178 1179
1178 1184
1178 1181
1179 1183
1179 1181
1180 1181
1180 1201
1182 1183
1183 1184
1185 2663
1185 1186
1186 2664
1186 1188
1187 1188
1188 1189
1190 1191
1190 1195
1191 1259
1191 1194
1192 2197
1192 2563
1193 2581
1193 1196
1194 1195
1196 2593
1196 1197
1197 2414
1198 1202
1198 1200
1199 1200
1199 1202
1200 1201
1202 1203
1204 1267
1204 1266
1205 1206
1206 2631
1207 2631
1207 2630
1208 2764
1209 1210
1211 2578
1211 2579
1212 2578
1213 1233
1213 1384
1213 1214
1214 1215
1214 1386
1215 2261
1215 1217
1216 1245
1216 2261
1216 1217
1217 1218
1218 2276
1218 2277
1218 1220
1219 2190
1219 1227
1219 1366
1220 2190
1220 1233
1221 2276
1221 1222
1221 2274
1222 1241
1222 2274
1223 1232
1223 1224
1223 1233
1224 1225
1224 1228
1226 1367
1227 1367
1227 1230
1227 1228
1228 1232
1229 1230
1230 1368
1231 1368
1232 2190
1234 2512
1234 1385
1234 2657
1235 1388
1235 1236
1235 2073
1235 1265
1236 1237
1236 1243
1237 1238
1237 1247
1238 1239
1238 1248
1239 1240
1239 1245
1240 1251
1240 2274
1241 1250
1241 2272
1241 1242
1242 2430
1242 1252
1242 2663
1243 1246
1243 1244
1244 1245
1244 1247
1247 1248
1248 1249
1251 1252
1251 1254
1253 1254
1254 1255
1255 1256
1256 1257
1257 1261
1258 1261
1258 1260
1259 1260
1261 1262
1262 1263
1262 1279
1263 1264
1263 1282
1264 1265
1264 1279
1264 1281
1265 2243
1266 1267
1270 1283
1270 1271
1271 1272
1272 1273
1272 1284
1273 1274
1273 1284
1274 1275
1275 1276
1275 1284
1276 1277
1277 1278
1279 1280
1281 1282
1283 1285
1286 2406
1286 1555
1286 1554
1287 1564
1288 1622
1288 2406
1288 2069
1290 1305
1290 1298
1291 1294
1291 1308
1292 1301
1293 1302
1293 1314
1293 1297
1294 1318
1294 2073
1295 1310
1295 2073
1295 1317
1296 2206
1296 1448
1297 2257
1297 1298
1298 2258
1299 1303
1299 2481
1300 1315
1300 1698
1301 1309
1301 1317
1302 1314
1302 2206
1303 1311
1303 1307
1304 1310
1306 1316
1306 1313
1310 1312
1311 2621
1313 1316
1313 2260
1314 2259
1315 2258
1315 1698
1316 2620
1317 2622
1318 2623
1320 1321
1321 1322
1322 1323
1323 2160
1323 1795
1324 2161
1324 2077
1324 2160
1326 1327
1327 2316
1329 1868
1329 1881
1330 1878
1330 1872
1330 2284
1331 2721
1331 1332
1332 1333
1332 1363
1333 1335
1333 1334
1336 1363
1338 1350
1338 1977
1338 1853
1339 1348
1339 1978
1339 1340
1341 1342
1341 1343
1343 1344
1343 2675
1344 2418
1344 2425
1344 2416
1345 2426
1345 1354
1346 2427
1347 2420
1348 1349
1351 1352
1352 1849
1354 1355
1354 2370
1356 1358
1356 1357
1358 1359
1358 2078
1360 1361
1360 2078
1362 1363
1364 2039
1364 2598
1364 1711
1364 2599
1365 1817
1366 1367
1366 1817
1367 1372
1368 2656
1368 1372
1369 1382
1369 2657
1369 2656
1370 2658
1370 1383
1370 1382
1371 1379
1371 2240
1373 2649
1373 1393
1374 1389
1375 1378
1375 1376
1375 1391
1376 2553
1377 1832
1377 2215
1378 1631
1379 1701
1380 1381
1382 1383
1383 2512
1383 2658
1384 1385
1386 2281
1386 1387
1387 2280
1387 2282
1388 2280
1389 1390
1390 1391
1390 2194
1393 2649
1393 2650
1394 2702
1395 1396
1396 1703
1397 1675
1398 2480
1398 1920
1399 2342
1401 2147
1401 2158
1402 1403
1403 1404
1406 2189
1406 2634
1406 1446
1407 2501
1408 1409
1408 1411
1409 1410
1410 2128
1410 1411
1411 2129
1413 1414
1413 2019
1413 2485
1414 2484
1415 1419
1416 1418
1416 1420
1416 2181
1417 1418
1418 1419
1421 1424
1422 1423
1422 2462
1425 1549
1426 2589
1426 1427
1428 2165
1429 2166
1433 1434
1433 1826
1434 1825
1435 1452
1436 1437
1437 1438
1437 2134
1439 2775
1440 2531
1440 2083
1440 2532
1440 2673
1441 2532
1441 2044
1441 2531
1442 2565
1444 2577
1444 1445
1444 2102
1445 2189
1445 2651
1446 2188
1446 2635
1447 1824
1448 1451
1448 1449
1449 1450
1450 1451
1453 2543
1454 1455
1455 2242
1455 2506
1456 1634
1456 1457
1457 1468
1457 2619
1458 1654
1458 1468
1458 2176
1459 1654
1459 1461
1459 1460
1460 1479
1460 1462
1461 1465
1461 1462
1462 1463
1463 1464
1464 1479
1465 1466
1465 1467
1468 1469
1469 2610
1469 1490
1470 2610
1470 1471
1470 2176
1471 1654
1471 2176
1472 1484
1473 1474
1474 2618
1475 2618
1476 1477
1476 2616
1477 1482
1477 2615
1477 1489
1478 2612
1478 2613
1478 1479
1480 2613
1481 2615
1482 2612
1482 2341
1483 1484
1483 1510
1483 2659
1484 1537
1485 1510
1485 1487
1485 2588
1486 1487
1487 1488
1491 1492
1493 1495
1493 1494
1495 2586
1497 1498
1497 1502
1498 1499
1498 1500
1499 1502
1499 1501
1502 1503
1503 1505
1503 1504
1506 2529
1506 2217
1506 2218
1507 2530
1508 2588
1508 2529
1508 2219
1509 2686
1509 1511
1509 1510
1511 1512
1512 1513
1512 1538
1513 2221
1514 1515
1514 1518
1514 1519
1515 1524
1516 1517
1517 2214
1518 1519
1519 1520
1521 2214
1522 2678
1522 2162
1522 2680
1523 2757
1524 1527
1525 1537
1526 1527
1527 2552
1528 1781
1529 1655
1529 1657
1529 2010
1530 2455
1530 1893
1531 2507
1531 2557
1532 1713
1532 2642
1532 1717
1534 1914
1534 1921
1535 1536
1538 2222
1538 2221
1539 1540
1539 1541
1540 1546
1541 1542
1542 1543
1542 1544
1545 2436
1545 1546
1547 1548
1549 1550
1550 2489
1551 1908
1551 1903
1552 2696
1553 1836
1553 2408
1553 1838
1554 1835
1554 2407
1555 1837
1555 1838
1556 2640
1556 2548
1557 2640
1557 2632
1557 2294
1558 1560
1558 1559
1558 2011
1559 1561
1560 1819
1561 2780
1562 2326
1562 1563
1563 2015
1563 2016
1563 1710
1564 1837
1565 2665
1565 2251
1566 1567
1567 2594
1569 1570
1569 1584
1569 1574
1570 1574
1570 1571
1571 1572
1571 1585
1572 1593
1573 1574
1573 2339
1573 1575
1575 1995
1575 1593
1576 1580
1576 1600
1576 1581
1577 1579
1577 2082
1577 1580
1578 1598
1580 1597
1581 2297
1581 1589
1582 1587
1582 1584
1582 2395
1583 1586
1583 2395
1583 2132
1585 2571
1585 1593
1586 1587
1586 1605
1587 1591
1588 1590
1588 1613
1588 1592
1589 1594
1589 1613
1590 1595
1590 1596
1591 1592
1591 2336
1592 1596
1593 1987
1594 1594
1595 1596
1595 2297
1599 2592
1600 1602
1601 1983
1601 2288
1601 1602
1602 1981
1603 1979
1603 2132
1603 1604
1604 1605
1604 1606
1605 1608
1606 1607
1607 1613
1608 1609
1608 1610
1609 1611
1609 1612
1614 2023
1614 1615
1614 2027
1615 2223
1615 1617
1616 1623
1616 1617
1616 1691
1617 2223
1618 1619
1618 2223
1618 2025
1619 2033
1619 1692
1620 1628
1620 1621
1620 1992
1621 1630
1621 2692
1622 2691
1622 2411
1623 2394
1623 1624
1624 1625
1624 1695
1625 1629
1625 2395
1626 2547
1626 1627
1626 1989
1627 2569
1627 1993
1628 2569
1628 1991
1629 1989
1630 2415
1630 2255
1631 2773
1631 2774
1632 2173
1632 2136
1633 2046
1633 2047
1633 2174
1633 2045
1633 2776
1634 1635
1635 2772
1636 2159
1636 2175
1637 1638
1637 1639
1638 2624
1639 2470
1639 2713
1640 2713
1641 1646
1642 1643
1642 2567
1642 1647
1643 1647
1643 1646
1644 1645
1644 1646
1644 2567
1648 1808
1648 1650
1649 1808
1650 2758
1651 1652
1651 1797
1651 1803
1653 2629
1653 2507
1656 1899
1656 1998
1656 2148
1656 2007
1657 2009
1658 1662
1658 1659
1658 2554
1659 1667
1659 2493
1660 2448
1660 1667
1660 1895
1660 1661
1661 2071
1661 2001
1662 1898
1663 1665
1663 2304
1663 2308
1664 2494
1664 2493
1664 1898
1665 1997
1665 1668
1666 1997
1666 2454
1666 1668
1667 2493
1668 2455
1669 2063
1669 2106
1669 1763
1670 1763
1670 2065
1671 1672
1673 1677
1675 1677
1676 1678
1677 1679
1678 1680
1678 1682
1679 1681
1680 1681
1683 2606
1683 2607
1684 2187
1685 2600
1685 2459
1686 2714
1687 1826
1687 1689
1688 1689
1688 2186
1688 2185
1690 1693
1690 1691
1690 1980
1691 1694
1692 1979
1692 1694
1693 2394
1693 1695
1694 1980
1695 2132
1696 1700
1696 2428
1697 2583
1698 2259
1699 2208
1703 1792
1704 2343
1706 1708
1707 1709
1708 2730
1710 2014
1711 2039
1712 1931
1713 1717
1714 2293
1714 1719
1715 1717
1715 2644
1715 2131
1716 2286
1716 2295
1716 2640
1718 2291
1718 1982
1719 2286
1719 1720
1720 2646
1720 1986
1720 2291
1721 1722
1723 1726
1724 2548
1727 1730
1727 1927
1728 1729
1728 1730
1729 1730
1729 1731
1732 1957
1732 2444
1732 1734
1733 2235
1733 1742
1733 2179
1735 2461
1736 2236
1737 1963
1737 1915
1738 1955
1739 2236
1740 1741
1741 1745
1741 1743
1744 1745
1745 2235
1747 1748
1749 1967
1749 2115
1749 1969
1750 1754
1750 1752
1750 1757
1751 2467
1751 1754
1752 1755
1752 1757
1753 2102
1753 1810
1753 1824
1755 2628
1756 1892
1756 2651
1756 2466
1756 2708
1758 1815
1759 1786
1760 2769
1760 2677
1761 1762
1763 2064
1763 1766
1764 2068
1764 2498
1764 2067
1765 1767
1766 1767
1766 2107
1767 2491
1768 2107
1768 1847
1768 2491
1769 1772
1769 1773
1770 1776
1770 1775
1771 1777
1771 1774
1772 1773
1773 1774
1774 1777
1775 1804
1776 1778
1779 1783
1779 1782
1782 1902
1784 2429
1785 2429
1785 1786
1785 2428
1787 1788
1789 2457
1789 1790
1791 2169
1791 2268
1792 1911
1792 2171
1793 1794
1796 1799
1797 1802
1797 1803
1798 2758
1798 1868
1798 2514
1800 2528
1800 1869
1803 2528
1805 2247
1806 2117
1807 2495
1812 1902
1812 2225
1812 1814
1813 2228
1813 2471
1814 2505
1816 1823
1816 1892
1816 2232
1818 1975
1820 2714
1820 2081
1821 1824
1821 2098
1821 1823
1822 2231
1822 2706
1823 2708
1825 1826
1827 1911
1827 2070
1828 1833
1829 1831
1830 1834
1832 2215
1833 2667
1835 2655
1835 2407
1836 2408
1837 1838
1839 1846
1839 2233
1839 1854
1840 1852
1840 1860
1841 1848
1841 2396
1841 1854
1841 2675
1842 2233
1842 1851
1842 1850
1843 1863
1843 1855
1843 2597
1844 2062
1844 1866
1844 1856
1845 2427
1845 1852
1846 2496
1846 2233
1847 2062
1847 1866
1847 2684
1848 2676
1848 1864
1849 1861
1849 1857
1850 2604
1850 1865
1851 1862
1851 2233
1852 1856
1853 1978
1853 2597
1854 1864
1855 2597
1855 1858
1856 2427
1857 1859
1858 2050
1859 1861
1860 1866
1862 1864
1862 2604
1864 1867
1867 2068
1868 2514
1869 1873
1869 1877
1870 1882
1870 1874
1870 1879
1871 2224
1871 1873
1872 1875
1872 1878
1874 1879
1874 1875
1874 1880
1875 1880
1876 2224
1876 1879
1876 1877
1877 2224
1878 1882
1878 2514
1881 2514
1881 1882
1883 2545
1884 2554
1885 2245
1885 2246
1886 2149
1886 2071
1886 2072
1887 2002
1887 1890
1887 2009
1887 1899
1888 2245
1888 1898
1888 2572
1889 1897
1889 1896
1889 2585
1890 1894
1890 2072
1890 2008
1891 2454
1891 1893
1891 2333
1892 2706
1892 2466
1892 2232
1892 2707
1894 1899
1894 2001
1894 1998
1895 2558
1895 2559
1895 2683
1896 1897
1897 2697
1900 2554
1901 1903
1901 1908
1902 2225
1904 1906
1904 1907
1905 1907
1905 1906
1908 2696
1909 1910
1909 2157
1911 1912
1913 1916
1913 1918
1913 1915
1913 2441
1914 1942
1915 2237
1916 1923
1916 2237
1916 1918
1917 1929
1917 1921
1917 1922
1918 2480
1919 1934
1919 1952
1921 1958
1922 1946
1922 1949
1923 1926
1923 1924
1923 2125
1924 1926
1924 1928
1925 1958
1925 1928
1925 2127
1926 2127
1927 2125
1927 2126
1929 1958
1929 2114
1929 2126
1930 2051
1930 2053
1931 1950
1931 1952
1932 1943
1932 2115
1932 1966
1933 2444
1933 1936
1933 2236
1934 1949
1934 1938
1935 1966
1935 1972
1935 1956
1936 2113
1936 1940
1937 1941
1937 1947
1937 1953
1938 1955
1938 1952
1938 1950
1939 1945
1939 1959
1939 2234
1940 1946
1940 2110
1941 2234
1941 1947
1941 2179
1943 1969
1943 1964
1944 2238
1944 1956
1944 1954
1945 1971
1945 1973
1946 1949
1947 1951
1948 2179
1948 1961
1948 2234
1950 2115
1951 1959
1953 2235
1953 2238
1954 2235
1954 2238
1955 2236
1956 1968
1957 2114
1957 2113
1959 2234
1961 1970
1961 1963
1962 2237
1962 2125
1963 1965
1964 1969
1964 2239
1964 1972
1965 2441
1965 1970
1966 1972
1967 2239
1967 1968
1968 2239
1970 1971
1972 2239
1974 2257
1975 1976
1976 2608
1976 2147
1979 1980
1981 1982
1982 1983
1983 1984
1984 2296
1984 1985
1986 2701
1986 2082
1987 1991
1987 1988
1988 2571
1988 1990
1989 2571
1991 1994
1997 2007
1998 1999
1999 2446
1999 2148
2000 2446
2000 2507
2000 2460
2001 2447
2002 2450
2002 2010
2003 2006
2003 2450
2003 2004
2004 2328
2004 2332
2005 2451
2005 2334
2005 2010
2006 2332
2006 2451
2007 2328
2007 2637
2008 2009
2012 2013
2014 2015
2015 2016
2017 2517
2018 2517
2019 2020
2019 2485
2020 2021
2021 2022
2023 2024
2024 2025
2025 2026
2026 2028
2026 2029
2027 2040
2027 2028
2028 2029
2029 2031
2030 2031
2030 2033
2031 2032
2032 2033
2032 2439
2034 2035
2035 2139
2036 2037
2036 2038
2037 2038
2041 2762
2041 2042
2041 2445
2043 2527
2044 2045
2044 2047
2045 2174
2046 2136
2047 2776
2048 2049
2048 2566
2049 2693
2051 2052
2051 2178
2053 2054
2053 2178
2054 2055
2055 2178
2056 2633
2058 2059
2059 2777
2059 2060
2063 2064
2063 2066
2063 2105
2064 2065
2066 2067
2069 2411
2069 2465
2070 2171
2071 2072
2074 2077
2075 2076
2076 2568
2076 2314
2077 2314
2078 2079
2080 2283
2083 2531
2083 2159
2084 2251
2084 2369
2085 2086
2085 2369
2085 2087
2087 2088
2087 2089
2090 2093
2090 2091
2091 2092
2092 2093
2094 2095
2096 2097
2098 2457
2098 2709
2099 2197
2100 2101
2101 2101
2102 2577
2103 2104
2104 2177
2105 2106
2105 2676
2106 2533
2106 2534
2107 2533
2108 2109
2109 2110
2109 2111
2110 2111
2111 2112
2113 2114
2116 2195
2118 2119
2118 2318
2118 2319
2119 2317
2119 2316
2120 2627
2121 2122
2122 2123
2122 2124
2126 2127
2128 2129
2130 2168
2133 2243
2137 2138
2139 2140
2141 2142
2141 2415
2142 2464
2142 2143
2143 2144
2143 2580
2144 2581
2144 2145
2145 2146
2145 2593
2146 2582
2147 2373
2148 2312
2149 2494
2149 2154
2150 2154
2151 2152
2151 2154
2151 2153
2155 2378
2155 2156
2158 2609
2161 2314
2162 2682
2162 2681
2162 2574
2164 2183
2165 2166
2167 2183
2169 2268
2169 2682
2170 2171
2170 2344
2170 2172
2174 2535
2175 2770
2175 2771
2177 2230
2181 2182
2184 2489
2185 2299
2186 2302
2186 2301
2189 2651
2191 2695
2192 2599
2192 2193
2194 2562
2196 2320
2196 2321
2198 2515
2199 2202
2199 2200
2199 2515
2201 2203
2201 2561
2202 2561
2203 2204
2203 2205
2204 2525
2204 2205
2207 2210
2207 2784
2208 2784
2208 2210
2208 2211
2209 2213
2209 2211
2210 2212
2211 2212
2215 2216
2216 2218
2218 2219
2219 2529
2220 2588
2221 2690
2227 2228
2240 2658
2241 2671
2242 2673
2245 2246
2247 2248
2248 2315
2249 2315
2249 2335
2251 2252
2252 2254
2252 2253
2256 2465
2258 2259
2261 2279
2262 2263
2263 2265
2264 2266
2266 2267
2268 2574
2268 2682
2269 2412
2270 2271
2271 2413
2273 2277
2273 2275
2275 2276
2277 2430
2278 2280
2281 2282
2284 2758
2285 2288
2286 2287
2288 2701
2289 2290
2290 2291
2290 2292
2294 2294
2297 2298
2300 2302
2303 2304
2304 2629
2304 2305
2305 2306
2305 2309
2306 2309
2306 2307
2307 2308
2307 2309
2308 2637
2310 2639
2311 2638
2311 2639
2311 2312
2312 2636
2313 2715
2315 2335
2316 2317
2317 2318
2318 2319
2320 2323
2322 2323
2323 2324
2326 2780
2327 2328
2329 2453
2330 2332
2331 2452
2333 2334
2333 2453
2334 2452
2336 2338
2336 2339
2337 2339
2342 2343
2345 2717
2351 2353
2352 2354
2355 2356
2357 2358
2358 2361
2358 2359
2359 2362
2359 2360
2360 2363
2360 2365
2361 2362
2362 2363
2362 2366
2363 2364
2364 2365
2364 2367
2368 2369
2372 2373
2374 2723
2375 2378
2376 2380
2377 2382
2378 2380
2379 2383
2380 2382
2380 2384
2381 2385
2382 2383
2383 2385
2383 2387
2386 2477
2396 2418
2396 2397
2398 2399
2400 2461
2403 2404
2406 2654
2407 2408
2409 2410
2410 2465
2410 2415
2410 2411
2412 2413
2413 2414
2414 2592
2414 2593
2415 2464
2416 2417
2416 2419
2417 2426
2417 2425
2418 2422
2419 2423
2419 2420
2420 2421
2421 2424
2422 2425
2424 2426
2428 2429
2434 2435
2434 2694
2436 2688
2436 2437
2438 2575
2438 2678
2440 2441
2442 2443
2444 2461
2446 2449
2447 2460
2447 2449
2447 2448
2448 2460
2449 2460
2450 2451
2451 2452
2452 2453
2453 2454
2454 2455
2462 2565
2463 2585
2464 2465
2467 2712
2468 2540
2469 2541
2470 2713
2470 2712
2471 2472
2473 2474
2476 2478
2479 2479
2479 2480
2481 2482
2483 2484
2483 2486
2487 2488
2487 2677
2491 2492
2494 2572
2496 2500
2497 2499
2498 2499
2501 2660
2503 2551
2504 2505
2506 2543
2508 2513
2509 2585
2510 2511
2513 2626
2513 2628
2515 2561
2518 2519
2520 2538
2520 2521
2520 2522
2521 2523
2522 2538
2524 2526
2525 2526
2531 2532
2532 2672
2533 2534
2534 2684
2535 2770
2535 2773
2536 2537
2539 2541
2540 2541
2540 2542
2543 2718
2544 2628
2553 2562
2554 2559
2555 2556
2557 2558
2558 2683
2559 2683
2563 2763
2563 2764
2564 2565
2564 2566
2565 2566
2569 2570
2572 2576
2574 2575
2576 2584
2578 2579
2578 2580
2579 2581
2580 2581
2582 2593
2582 2592
2583 2583
2590 2591
2595 2596
2598 2599
2601 2603
2602 2603
2603 2604
2605 2669
2606 2668
2606 2607
2610 2611
2612 2613
2614 2615
2616 2617
2620 2621
2620 2622
2621 2623
2622 2623
2624 2625
2624 2626
2625 2626
2630 2631
2634 2635
2637 2638
2638 2639
2642 2643
2642 2644
2643 2661
2643 2644
2647 2648
2649 2766
2650 2766
2652 2653
2654 2655
2656 2657
2661 2662
2663 2664
2665 2666
2668 2679
2668 2678
2671 2673
2671 2674
2672 2674
2672 2673
2674 2677
2674 2769
2675 2676
2675 2684
2676 2684
2678 2679
2679 2680
2681 2682
2685 2686
2687 2688
2689 2690
2691 2692
2693 2762
2700 2701
2706 2707
2708 2709
2710 2711
2725 2738
2726 2738
2726 2740
2726 2739
2727 2728
2727 2737
2727 2741
2728 2742
2728 2744
2729 2743
2729 2730
2729 2747
2731 2732
2731 2747
2731 2733
2732 2733
2732 2745
2733 2734
2733 2736
2734 2736
2734 2748
2735 2736
2737 2753
2737 2755
2738 2750
2739 2750
2739 2753
2740 2741
2740 2754
2741 2742
2742 2743
2743 2744
2744 2745
2745 2746
2745 2747
2746 2755
2746 2748
2748 2756
2749 2756
2750 2751
2752 2753
2755 2756
2759 2761
2760 2761
2763 2764
2767 2768
2770 2771
2771 2772
2771 2774
2772 2775
2773 2774
2774 2775
2777 2778
2778 2779
2780 2781
2782 2783
