0 456
0 446
0 473
0 1426
0 1464
1 5
1 1400
1 2
2 7
2 423
3 210
3 6
3 1403
4 423
4 210
4 425
5 1400
5 11
6 426
6 1403
7 791
7 423
8 982
8 272
8 498
9 11
9 1401
9 211
10 12
10 1402
10 1408
11 1401
12 1402
12 870
13 212
13 1067
13 214
14 385
14 278
14 280
15 1455
15 277
15 570
16 40
16 583
16 279
17 912
17 372
17 588
18 594
18 302
18 595
19 906
19 908
19 914
20 297
20 295
20 1448
21 1142
21 519
21 297
22 50
22 23
22 1142
23 1488
23 24
23 44
24 25
24 44
24 1498
25 559
25 402
25 102
26 476
26 27
26 482
27 380
27 1106
28 29
28 1177
28 1102
29 393
29 1106
30 77
30 36
30 356
31 97
31 80
31 1010
32 356
32 33
32 36
33 385
33 356
34 35
34 37
34 36
34 39
35 385
35 570
37 38
37 40
38 306
38 403
39 301
39 306
40 570
41 42
41 64
41 298
41 308
42 605
42 1010
43 559
43 569
43 50
43 1219
44 569
45 1071
45 46
45 1407
46 1407
46 219
47 973
47 219
48 286
48 291
48 290
49 294
49 516
49 520
50 51
51 53
51 52
52 297
52 1143
52 53
53 1452
54 732
54 115
54 55
55 1255
55 725
56 187
56 147
56 148
57 575
57 464
57 446
57 577
58 73
58 59
58 62
59 60
59 65
60 61
60 94
61 911
61 62
62 1011
63 1485
63 1483
63 911
63 1008
64 392
64 308
65 73
65 605
66 83
66 666
66 1127
66 110
67 499
67 748
67 285
67 500
68 1444
68 1487
68 285
69 70
70 473
70 1479
70 470
71 72
71 418
71 76
72 1444
72 76
73 308
74 280
74 1186
74 1406
75 1153
75 349
75 1158
76 364
76 1444
77 80
77 78
78 573
78 96
79 574
79 1465
79 1174
80 1010
81 1272
81 435
81 1271
82 840
82 1220
82 1226
83 1044
83 85
84 86
84 85
84 1044
85 89
86 207
86 1045
87 209
87 88
87 206
88 92
88 91
89 204
89 205
90 321
90 1145
90 320
90 750
91 1246
91 1213
92 205
92 1246
93 367
93 1476
93 360
94 95
94 1218
95 97
95 296
96 309
96 97
98 1218
98 296
98 1476
99 390
99 578
99 310
99 1169
100 399
100 394
100 103
100 419
101 394
101 1210
101 104
102 558
102 103
103 104
105 370
105 360
105 1486
106 361
106 111
106 422
107 397
107 113
107 112
108 389
108 388
108 112
108 872
109 874
109 368
109 875
109 873
110 111
110 652
110 386
111 653
112 621
112 114
113 365
113 114
114 381
115 725
115 696
116 532
117 545
117 1085
118 311
118 119
119 628
120 624
120 629
121 286
121 623
121 1292
122 1430
122 359
122 383
123 1322
123 424
123 1060
124 954
124 1060
124 424
125 151
126 134
126 127
127 770
128 142
128 134
128 133
129 148
129 133
129 142
130 1132
130 342
130 769
131 1254
132 1254
132 133
132 135
134 141
135 138
135 141
136 137
136 1002
137 138
138 139
138 1002
140 141
142 1251
143 758
143 144
143 145
144 202
144 745
145 1251
145 146
147 1255
147 1501
147 149
148 149
149 150
151 1497
151 1265
152 152
152 1381
153 868
153 1257
153 1381
153 1256
154 156
154 187
154 155
155 176
155 156
156 202
157 186
157 722
157 182
158 182
158 160
158 179
159 166
159 164
159 163
159 564
160 176
160 201
160 1365
161 162
161 672
161 563
162 163
162 672
163 658
163 679
164 676
164 662
164 566
165 566
165 175
165 171
166 167
166 169
167 175
167 170
168 208
168 206
168 207
169 1299
169 753
169 177
170 1040
170 174
171 172
171 173
172 173
172 530
173 1364
174 186
174 175
176 1457
177 1040
177 178
178 180
178 181
179 181
179 1299
181 182
182 183
184 193
184 1042
184 189
185 186
185 727
185 1370
187 1107
188 710
188 1458
188 1459
189 190
189 721
190 714
190 731
191 200
191 731
191 199
192 193
193 199
194 732
194 716
194 198
194 1309
195 700
195 196
195 698
196 699
196 705
197 1309
197 198
197 694
198 700
199 1307
202 1365
203 204
203 361
203 382
204 205
206 207
208 753
208 209
209 743
210 425
211 214
211 1402
212 216
212 213
213 214
213 1201
215 216
215 239
215 1234
216 217
217 218
217 502
218 1234
218 1407
220 1404
221 942
221 943
221 1354
222 1403
222 1491
222 224
223 555
223 224
223 225
224 225
225 1400
226 227
226 1356
227 1428
227 425
228 1024
228 236
228 431
229 1185
229 1026
229 1179
230 1016
230 232
230 454
230 438
231 443
231 438
231 232
232 433
233 263
233 234
233 270
234 284
234 255
235 1336
235 273
235 919
237 269
237 238
237 262
238 248
238 984
239 1233
239 1234
240 250
240 1233
240 976
241 242
241 996
241 1273
242 243
242 977
243 992
243 964
244 992
244 252
244 961
245 1101
245 252
245 944
246 1101
246 253
246 247
247 248
247 943
248 254
249 967
249 528
249 596
250 1471
250 960
251 962
251 424
251 1133
252 962
253 254
253 1472
254 1322
255 1346
255 256
256 560
256 1244
257 1212
257 927
257 993
258 1211
258 591
258 597
259 1323
259 1211
259 260
260 318
260 1314
261 271
261 943
261 1318
262 269
262 271
263 1318
263 270
264 1354
264 276
264 1495
265 266
265 276
265 1493
266 267
266 1494
267 268
267 1494
268 1495
268 945
269 270
271 1318
272 1408
272 1401
273 284
273 1244
274 989
275 990
275 1209
275 989
276 1493
277 1454
277 278
278 1007
279 1455
279 1456
280 282
281 447
281 1007
281 282
282 1007
283 447
283 1188
283 1454
284 1244
285 1487
286 1291
287 288
288 289
288 1430
289 520
289 504
290 504
290 293
291 292
291 1430
292 1498
292 293
293 1488
294 519
294 295
295 518
296 578
298 301
298 1347
298 299
299 373
299 413
300 301
300 373
300 304
302 914
302 902
302 594
303 304
303 306
303 529
304 579
305 529
305 307
305 416
307 580
307 416
307 902
309 1172
309 1478
311 633
312 313
312 314
312 603
313 313
314 526
314 315
315 316
315 526
316 1059
316 596
317 318
317 1212
317 353
318 354
319 1111
319 740
319 1365
320 321
320 740
321 323
322 337
322 324
322 336
323 335
323 1349
324 334
324 330
325 1311
325 333
325 327
326 1111
326 332
326 331
327 333
327 332
328 330
328 329
328 333
329 331
329 330
331 332
335 336
335 1031
336 337
337 338
338 342
338 339
339 340
339 342
340 341
340 1030
341 826
341 1449
343 344
343 348
343 1157
344 345
344 1158
345 1157
345 828
346 1366
346 828
347 1366
347 480
347 497
348 350
348 826
349 1158
349 1028
350 486
350 478
351 490
351 1028
351 1242
352 1235
352 1170
352 1241
352 1240
353 986
353 993
354 1314
354 986
355 622
355 402
355 400
357 903
357 391
357 522
358 366
358 361
358 395
359 402
359 374
360 1343
362 585
362 582
362 583
363 407
363 399
363 375
364 365
364 408
365 418
366 371
366 409
367 390
367 401
368 421
368 872
368 875
369 379
369 415
369 387
369 395
370 384
370 376
371 395
371 1159
372 581
372 585
373 378
374 383
374 397
375 419
375 420
376 415
376 379
377 1452
377 412
377 554
378 554
378 413
379 422
380 1287
380 404
381 748
381 396
382 414
382 409
383 418
384 422
384 653
386 653
386 1216
386 1484
387 1160
387 401
388 421
388 406
389 394
389 400
389 419
390 1163
391 522
392 412
392 413
393 472
393 404
396 411
396 406
397 622
398 472
398 464
398 405
399 557
400 621
400 1210
401 415
401 1161
402 1210
403 416
403 529
404 1286
405 1286
405 1287
406 421
407 417
407 620
409 410
410 1316
410 414
411 751
411 746
411 666
412 1219
414 1246
415 1343
419 420
420 875
426 1356
426 1355
426 947
427 1184
428 1306
428 444
428 434
429 445
429 1271
429 448
430 445
431 439
431 449
432 452
433 442
433 451
434 1489
434 436
435 457
435 822
436 462
436 444
437 452
438 452
439 449
439 1285
440 1480
440 1399
440 1427
441 1481
441 1399
441 1479
442 455
442 1026
444 795
445 1020
446 1383
447 1186
448 1048
448 1017
449 463
450 1239
450 1173
450 496
453 1185
456 1464
456 1406
456 1338
458 1205
458 793
458 474
459 460
459 1177
459 470
461 462
461 469
461 465
462 491
463 1284
463 1336
464 466
465 467
465 468
465 1168
466 473
466 470
467 556
467 1027
468 1224
468 1380
469 795
469 1379
470 472
471 801
471 474
471 1225
474 815
475 486
475 1490
475 492
476 487
476 483
477 493
477 1079
477 479
478 1029
478 489
479 496
479 487
480 493
480 488
481 495
482 1367
482 824
484 1240
484 495
484 1236
485 794
485 775
485 814
486 492
487 494
489 829
489 830
490 493
490 1028
490 496
491 1165
491 830
492 1301
495 1029
498 1222
498 1320
498 806
499 759
499 736
499 500
500 1131
501 870
501 1269
501 502
503 907
503 523
503 516
504 604
505 519
505 1142
505 604
506 507
506 598
506 936
506 592
507 508
507 939
508 509
509 926
509 510
510 926
510 1060
511 512
511 903
511 514
512 594
512 914
512 908
513 906
513 908
513 909
514 515
514 903
515 903
515 587
516 517
517 904
517 518
518 1384
520 604
521 904
521 1231
522 524
523 888
523 887
524 887
524 899
525 527
526 527
527 528
528 973
530 1005
530 655
530 565
531 1364
531 1363
532 549
533 626
533 1081
533 544
534 634
534 626
534 535
535 913
535 1291
536 634
536 631
536 1081
537 538
537 1429
537 547
538 881
538 548
538 547
539 543
539 542
539 880
540 1083
540 543
540 885
541 1294
541 542
541 548
542 624
543 633
544 623
544 550
545 1094
545 1297
545 885
546 883
546 547
546 1499
548 752
549 1091
549 550
550 999
551 606
551 1000
551 616
551 1096
552 607
552 616
553 1095
553 610
553 1293
554 579
555 1221
555 1396
557 620
557 558
558 1369
559 1219
560 923
560 1192
561 869
561 751
561 562
562 665
562 869
563 1004
563 659
564 668
564 679
564 662
565 671
565 662
565 566
567 671
567 656
567 663
568 659
568 673
571 572
571 573
572 573
572 574
574 1453
575 576
575 1166
576 1171
576 577
577 1174
578 737
583 584
585 586
586 587
586 588
587 1325
588 589
589 590
589 912
591 918
591 597
592 937
592 941
593 933
593 931
593 937
595 902
595 912
596 959
597 936
598 599
598 600
600 1323
601 603
601 602
602 603
602 917
605 1009
606 609
606 998
607 1095
607 1097
608 1292
608 998
609 612
609 1097
610 612
610 611
612 618
613 618
614 1270
614 619
615 619
616 619
617 618
620 1369
621 622
623 626
624 627
625 1088
625 629
625 627
626 634
627 632
628 1088
628 633
630 1094
630 631
635 649
635 797
635 1290
636 650
636 1492
636 640
637 639
637 638
637 1353
638 648
638 644
640 800
640 651
641 644
641 648
641 642
642 649
642 1375
643 648
643 646
643 647
644 649
645 646
645 647
645 809
646 820
647 1321
650 651
650 1492
651 1375
652 654
652 874
654 1008
654 1369
655 663
655 660
656 1116
656 667
657 1036
657 663
658 674
659 669
661 668
661 678
661 662
664 1004
664 1214
665 1126
665 666
666 873
667 678
667 677
668 677
669 670
669 672
670 1121
670 679
671 678
672 679
673 1121
674 675
677 1120
680 1034
680 1118
681 701
682 685
683 703
683 695
683 698
684 1307
684 693
684 718
685 694
685 691
686 687
687 693
687 708
688 690
689 698
689 707
689 696
690 699
690 701
690 704
691 701
691 692
693 708
694 713
694 718
696 1377
697 705
699 1341
700 702
705 706
708 1115
709 1110
709 717
709 1109
710 717
710 721
711 724
711 715
711 713
712 720
713 715
714 720
714 716
715 723
716 726
717 1108
718 724
719 724
720 726
720 1114
721 1112
722 1461
722 1462
725 1263
726 732
727 1370
727 730
728 1370
729 731
730 1371
730 1372
733 740
733 743
733 750
734 736
734 739
734 755
735 1131
735 759
735 1203
736 754
738 739
738 756
738 754
739 746
741 749
741 1130
741 742
742 744
742 1045
743 750
744 1046
744 753
745 745
746 747
747 755
747 751
748 754
752 1131
752 1487
755 1203
757 1214
757 1129
757 1128
758 758
759 1131
760 1135
760 764
760 1138
761 1018
761 763
761 1477
762 764
762 815
762 1076
763 813
763 1140
764 787
765 1137
765 1047
765 813
766 818
766 801
766 805
767 823
768 786
768 782
768 780
769 770
769 1333
770 810
771 794
771 771
772 816
773 776
774 1049
774 1050
774 785
775 802
775 814
776 1037
776 800
777 812
777 809
777 799
778 1394
778 801
778 805
779 796
780 790
780 1073
781 1014
781 1013
781 823
782 789
782 793
783 1074
784 806
785 802
785 1280
787 813
787 805
788 804
788 1359
788 1272
791 816
791 982
792 796
792 807
792 822
793 1228
794 1301
795 1378
796 979
797 1077
797 1227
798 814
799 823
799 1357
800 1075
802 1230
803 810
805 1385
806 809
808 819
810 1328
811 1330
811 1328
811 1331
815 817
816 982
819 821
819 1015
820 1353
820 1014
822 1290
824 1163
824 1162
825 1151
825 1154
825 1156
826 1236
827 828
830 1164
831 838
831 858
831 1398
832 858
832 852
832 860
833 838
833 1433
833 1431
834 840
835 840
836 1253
836 839
836 852
837 1253
837 1432
838 1398
841 849
842 844
843 859
843 1376
843 1204
844 846
844 861
845 853
845 852
845 863
846 851
846 847
847 848
847 851
848 862
848 856
849 863
849 864
850 859
850 854
851 862
853 863
853 860
854 858
855 862
855 1376
855 856
856 859
857 860
861 864
865 868
866 1256
866 867
866 1267
867 1261
867 1267
867 1262
868 1260
870 871
871 1065
873 874
876 1089
876 878
876 879
877 879
877 1294
877 880
878 1083
878 880
879 881
881 882
882 883
882 1297
883 884
885 886
887 898
888 889
889 1361
889 896
890 897
891 897
891 1362
892 895
893 897
893 1360
894 1362
894 898
894 896
895 900
895 899
896 898
901 905
904 905
905 910
906 1448
907 910
907 1232
908 909
909 1231
910 1231
911 1486
913 1499
915 1423
915 920
915 1339
916 924
916 929
916 925
916 1450
917 926
918 1190
918 929
921 922
922 1191
922 1189
923 927
923 1340
923 924
924 927
928 929
929 1312
930 935
930 1194
930 931
931 935
932 935
932 940
934 938
934 1466
934 939
936 937
938 941
938 939
940 941
940 1326
942 945
942 944
944 946
945 946
946 1368
948 949
948 951
948 952
950 953
951 953
951 952
952 954
953 1062
954 1052
955 972
955 959
955 966
956 965
956 961
956 968
957 975
957 1134
957 1103
958 966
958 964
958 967
959 971
960 967
960 977
961 966
962 975
963 964
968 1104
968 1327
968 972
969 972
970 1233
970 974
973 974
975 1104
976 996
976 977
978 988
978 1469
978 1209
980 990
981 1017
981 994
981 1285
983 984
984 986
985 991
987 991
989 1141
990 1493
991 992
993 1346
995 996
997 999
998 1000
999 1000
1001 1002
1003 1004
1005 1363
1005 1006
1008 1483
1012 1219
1014 1359
1015 1018
1015 1021
1016 1017
1016 1019
1018 1020
1020 1021
1021 1026
1022 1179
1022 1023
1022 1024
1023 1025
1023 1178
1024 1180
1026 1078
1027 1027
1029 1236
1030 1350
1030 1031
1031 1350
1032 1035
1032 1125
1032 1117
1033 1036
1033 1125
1033 1039
1034 1038
1036 1123
1040 1041
1042 1043
1042 1372
1044 1045
1046 1046
1049 1049
1051 1052
1051 1061
1051 1056
1052 1059
1053 1054
1053 1061
1053 1057
1055 1061
1055 1058
1055 1056
1056 1059
1063 1069
1064 1067
1066 1067
1068 1222
1068 1408
1068 1070
1069 1413
1069 1070
1070 1072
1072 1409
1072 1222
1073 1077
1073 1074
1074 1077
1078 1078
1080 1091
1081 1092
1082 1087
1082 1089
1083 1084
1085 1091
1086 1092
1088 1090
1092 1298
1093 1094
1095 1098
1097 1099
1100 1101
1102 1173
1102 1106
1104 1105
1111 1113
1116 1120
1116 1117
1117 1119
1118 1119
1118 1122
1119 1120
1120 1122
1121 1122
1124 1125
1126 1129
1126 1127
1127 1130
1129 1130
1136 1473
1136 1386
1136 1229
1139 1141
1139 1467
1143 1452
1143 1144
1145 1213
1145 1146
1145 1281
1146 1147
1146 1281
1147 1148
1147 1316
1148 1150
1148 1156
1149 1245
1149 1247
1149 1153
1150 1151
1150 1152
1152 1247
1152 1248
1153 1283
1154 1155
1154 1248
1155 1157
1156 1159
1159 1160
1160 1161
1161 1162
1162 1163
1163 1166
1164 1165
1164 1167
1165 1168
1166 1169
1167 1241
1167 1168
1169 1171
1170 1242
1170 1237
1170 1243
1171 1172
1172 1174
1173 1335
1175 1176
1175 1243
1175 1183
1175 1335
1176 1482
1176 1178
1176 1337
1177 1481
1178 1337
1179 1180
1180 1184
1181 1284
1181 1348
1181 1482
1182 1187
1182 1284
1182 1348
1183 1481
1183 1348
1183 1399
1183 1427
1183 1482
1184 1185
1186 1339
1186 1188
1187 1336
1187 1189
1187 1426
1188 1420
1189 1191
1190 1420
1190 1312
1190 1193
1190 1419
1191 1192
1192 1340
1193 1417
1193 1194
1194 1416
1194 1195
1195 1326
1195 1196
1196 1415
1196 1197
1196 1326
1198 1491
1198 1494
1198 1199
1200 1396
1200 1201
1202 1203
1204 1398
1205 1414
1206 1207
1206 1412
1208 1293
1208 1291
1209 1285
1211 1212
1213 1445
1214 1215
1217 1218
1220 1223
1220 1410
1221 1221
1224 1225
1224 1229
1225 1229
1226 1227
1226 1228
1227 1228
1230 1288
1230 1306
1235 1337
1235 1241
1237 1242
1237 1239
1237 1243
1238 1239
1240 1241
1247 1248
1249 1268
1249 1440
1249 1260
1250 1254
1250 1263
1251 1264
1252 1268
1255 1500
1255 1258
1256 1257
1257 1262
1259 1265
1260 1266
1261 1435
1261 1262
1265 1266
1266 1268
1267 1279
1271 1272
1274 1435
1274 1436
1274 1278
1275 1397
1275 1278
1275 1276
1276 1434
1276 1438
1277 1438
1277 1437
1277 1468
1278 1397
1279 1280
1281 1282
1282 1283
1282 1349
1283 1449
1284 1348
1286 1287
1289 1290
1292 1293
1294 1295
1296 1297
1299 1300
1301 1302
1302 1303
1303 1304
1304 1305
1305 1306
1307 1308
1309 1310
1312 1313
1313 1419
1313 1451
1314 1315
1316 1317
1319 1320
1320 1492
1322 1323
1324 1454
1325 1415
1325 1418
1328 1329
1331 1332
1331 1333
1333 1334
1338 1339
1339 1422
1340 1422
1340 1419
1342 1343
1344 1345
1344 1346
1345 1446
1349 1351
1349 1350
1350 1351
1351 1449
1352 1353
1354 1495
1355 1356
1355 1469
1358 1359
1360 1361
1363 1364
1370 1371
1371 1373
1371 1372
1374 1375
1377 1405
1378 1380
1381 1441
1382 1441
1384 1384
1385 1391
1385 1387
1386 1388
1386 1474
1387 1395
1387 1391
1387 1393
1388 1395
1388 1392
1389 1395
1390 1391
1390 1395
1390 1392
1392 1474
1392 1394
1394 1473
1396 1439
1399 1480
1404 1405
1405 1443
1406 1465
1409 1410
1409 1413
1410 1411
1411 1412
1411 1414
1412 1413
1415 1416
1415 1418
1416 1417
1417 1420
1417 1456
1419 1421
1420 1421
1421 1422
1422 1423
1423 1424
1424 1425
1425 1426
1426 1427
1431 1432
1431 1433
1433 1434
1434 1438
1435 1436
1436 1468
1437 1468
1439 1439
1441 1442
1447 1448
1455 1456
1457 1460
1457 1463
1458 1460
1458 1459
1459 1461
1460 1463
1461 1462
1462 1463
1464 1465
1469 1470
1473 1474
1475 1476
1478 1496
1479 1480
1483 1484
1484 1485
1485 1486
1488 1498
1489 1490
