0 1032
1 5
1 33
1 2419
2 3
2 2818
3 56
3 4
5 2417
5 6
6 1706
7 2073
7 8
7 2276
8 2277
9 2072
9 10
10 11
10 2070
11 2090
11 12
12 2092
13 1409
13 1414
13 1410
13 1412
14 1941
14 2445
14 1942
14 1943
15 345
15 1409
15 2976
16 2977
16 2975
16 17
17 1890
17 2978
18 2098
19 20
19 2098
19 2099
20 2207
21 1816
21 23
21 1768
22 1823
22 24
22 1815
23 1769
23 2384
24 1819
24 25
25 1823
25 2039
25 2250
26 28
26 1420
27 31
27 30
27 345
28 1958
29 30
29 1959
29 1960
30 1417
31 1420
31 273
32 2453
32 2495
32 2498
33 2419
34 2419
34 2443
34 2404
35 2418
35 3145
35 3144
36 2842
37 38
37 159
37 330
37 342
38 39
38 283
39 330
39 2510
40 46
40 41
40 283
41 42
41 277
42 156
42 280
43 1918
43 44
43 3083
44 1927
44 45
45 1918
45 3087
46 2509
46 2511
46 2510
47 2205
47 1869
48 212
48 1422
49 3210
49 2687
49 212
49 3124
50 1000
50 999
50 176
51 1010
51 2822
51 1008
51 172
52 2794
52 1173
52 2822
53 1022
53 1023
53 1025
54 2506
54 55
54 2505
55 58
55 63
56 57
56 2050
57 2842
57 2819
58 985
58 63
59 60
59 66
59 985
60 61
60 64
61 2502
61 64
62 63
62 194
62 2502
65 66
65 206
65 2503
66 985
67 3143
67 2404
67 3145
68 2913
68 2351
68 2914
69 70
69 1875
69 2913
70 71
70 2912
71 1867
71 2339
72 2595
72 2594
72 2601
73 2596
73 2595
73 2599
74 2600
74 2598
74 2602
75 1559
75 1555
75 987
75 986
76 1561
76 3040
76 1868
77 1877
77 81
77 3142
78 79
78 3141
78 1876
79 2593
79 2588
80 2591
80 81
80 1834
81 1834
82 1829
82 83
82 2452
83 2449
83 2452
84 1711
84 1830
84 3004
85 2006
85 2459
85 2455
86 87
86 2006
86 3188
87 752
87 2706
87 3188
88 1712
88 2009
88 3156
89 1715
89 1716
89 1713
89 2008
90 179
90 2839
90 2840
90 314
91 866
91 877
91 92
91 880
92 864
92 3171
92 1743
93 875
93 2633
93 847
94 1404
94 2843
94 358
94 1402
95 3169
95 362
95 1750
95 3165
96 331
96 160
96 2944
97 343
97 415
97 422
97 330
97 3196
98 280
98 278
98 279
99 278
99 104
99 3100
99 441
100 323
100 151
100 154
101 154
101 284
101 155
102 129
103 296
103 2844
104 337
105 2902
105 335
105 181
106 312
106 148
106 264
107 318
107 319
107 264
107 359
108 814
108 819
108 786
109 167
109 2100
109 2764
110 1016
110 171
110 166
111 174
111 1016
111 173
111 175
112 838
112 3182
112 789
113 793
113 808
113 806
114 806
114 905
114 809
114 115
115 902
115 873
116 1355
116 3010
116 1351
117 1230
117 1242
117 2986
118 1299
118 1244
118 1262
119 2104
119 1283
119 1290
120 121
120 2104
120 2102
121 2111
121 122
122 123
122 2102
123 2113
123 2112
124 127
124 125
124 2902
125 126
125 2705
126 435
126 3125
126 441
126 335
127 2748
127 2705
128 3101
128 2082
129 287
129 284
130 2903
130 132
130 134
131 1698
131 317
131 1403
132 134
132 297
133 139
133 140
133 440
134 148
135 136
135 297
135 310
136 296
136 430
137 2827
137 286
137 262
138 262
138 289
138 288
138 286
138 287
139 448
139 444
140 436
140 861
141 142
141 2658
141 448
141 3005
142 447
142 2973
143 332
143 145
143 333
144 145
144 146
144 334
145 333
146 2252
146 177
147 2719
147 150
147 179
148 309
148 149
149 2760
149 150
149 312
150 315
150 314
151 294
151 1704
151 299
152 2219
152 369
152 1704
153 429
153 1702
153 2844
154 288
155 279
155 156
156 157
157 276
157 323
158 276
158 159
158 281
159 3127
160 305
160 304
161 302
161 300
161 306
162 361
162 1401
162 1701
163 865
163 899
163 898
164 165
164 2482
164 814
165 1406
165 1405
166 1006
166 171
167 833
167 169
168 2100
168 837
168 169
169 826
170 1012
170 1168
170 2794
171 1532
172 1004
172 996
172 999
173 174
173 1015
174 2764
175 1529
175 841
176 1575
176 3210
177 178
177 332
178 334
178 1719
178 332
179 863
180 2825
180 3012
180 356
181 2748
181 447
182 2999
182 2899
182 3001
183 2132
183 2646
184 1464
184 1665
184 2033
184 1463
185 186
185 2722
186 187
186 1641
187 1644
188 2928
188 2067
189 2323
189 2974
190 191
190 1562
190 1868
190 995
191 218
191 268
192 216
192 218
192 1543
193 226
193 1535
193 224
194 2996
194 2502
195 1135
195 1138
195 1122
196 1130
196 1135
196 1128
197 198
197 203
197 200
198 199
198 213
199 200
199 201
200 202
201 1570
201 2480
202 211
202 1509
203 1507
203 2616
204 205
204 1590
204 206
205 206
205 1589
207 328
207 1553
207 1565
208 2620
208 2618
208 2629
209 1508
209 2620
210 1553
210 1510
210 1511
211 2256
211 1511
212 1421
212 2618
212 1014
213 215
213 214
214 2580
215 2206
216 217
216 1539
217 218
217 267
219 1258
219 1516
219 1257
219 1421
220 1219
220 1969
220 1221
220 1255
220 1218
221 1547
221 1548
221 3041
222 223
222 1547
222 2257
223 2480
223 3204
224 2479
224 328
225 1582
225 226
225 3039
226 991
227 228
227 990
227 987
227 991
228 1186
228 1203
229 1018
229 1185
229 1204
230 2082
230 2081
230 231
230 2080
231 2075
231 2080
231 232
232 240
232 233
232 2061
233 234
233 2295
234 2313
234 243
235 236
235 2313
235 2316
236 2309
236 239
237 242
237 238
237 239
238 2308
239 242
240 2295
240 241
241 242
241 2077
243 2096
243 2312
243 2304
244 2299
244 2086
244 2091
245 3042
246 249
247 2862
247 1340
247 3160
248 2201
249 2168
249 2166
250 1383
250 1400
250 2052
251 2097
251 2053
251 3167
252 253
252 1222
252 1227
253 1223
253 1227
254 823
254 827
254 255
255 1247
255 256
256 2053
256 818
257 2944
258 2009
258 2953
258 2706
259 699
259 693
259 623
260 261
260 274
260 2676
260 2211
261 681
261 2683
261 271
262 293
263 432
263 295
263 321
264 318
264 295
265 1444
265 2955
265 2929
265 1443
265 2228
266 2070
266 2990
266 2071
266 2072
269 2260
269 2259
270 272
270 2262
270 2261
271 274
271 2208
271 1769
272 2262
272 2389
273 1953
273 1419
274 3136
274 1768
275 2566
275 340
275 1722
276 277
277 281
278 291
279 280
281 370
282 370
283 370
284 291
285 2686
285 303
285 307
286 287
287 288
288 289
289 293
290 3099
291 292
293 298
293 294
294 1702
294 298
295 309
296 297
298 2747
299 300
299 301
300 1754
301 302
301 303
302 303
303 307
304 305
304 2686
305 306
306 307
308 2944
308 343
308 344
309 310
310 432
311 312
311 313
311 315
313 318
313 346
314 2761
315 2837
316 1698
316 359
316 317
317 2830
319 320
319 322
320 321
320 360
321 431
322 1698
322 360
323 2686
324 1750
324 3164
324 1754
324 1749
325 326
325 327
325 1550
326 326
327 1544
327 1973
328 1566
329 417
329 1974
329 1975
331 3196
331 342
333 2973
334 371
334 2252
335 336
338 893
338 882
338 339
338 883
339 2217
339 341
339 854
340 1436
340 1435
340 1502
340 1505
341 2218
341 2655
342 3196
343 3196
343 344
344 1977
345 1409
346 2836
346 2837
347 2831
347 2833
347 348
348 350
348 2830
349 2838
349 2835
349 2837
350 2830
350 351
351 353
351 2696
352 354
352 353
352 2717
353 2841
354 355
354 2718
355 1745
355 2832
356 2718
356 357
357 2717
357 1407
358 1407
358 2054
359 2829
360 1701
361 1701
361 1700
362 3169
362 1700
362 363
363 1749
363 366
364 431
364 366
364 365
365 429
365 430
366 369
367 3206
367 1744
367 368
367 863
367 2840
368 2633
368 2832
369 2219
371 372
371 3183
371 374
372 3025
372 373
373 3184
373 3025
374 3183
374 3186
375 413
375 3185
376 3185
376 3078
376 3184
377 3077
377 383
377 3078
377 3079
378 2948
378 2463
378 2945
379 401
379 2464
379 399
380 381
381 384
381 386
382 385
382 393
382 1985
382 617
383 393
383 1985
384 385
384 386
385 387
386 388
386 387
387 389
388 390
388 389
389 584
390 391
390 587
392 392
392 619
393 621
394 395
395 397
395 728
396 729
396 399
396 726
397 729
397 398
399 400
400 402
400 404
401 402
401 2737
402 403
403 405
403 404
404 716
406 2738
406 2739
406 1997
407 2950
407 2738
407 2699
408 594
408 409
408 2779
409 411
409 410
410 3131
410 597
411 3132
411 3131
412 599
412 604
413 588
413 414
413 587
414 584
414 2779
415 1977
415 1975
416 2971
416 418
416 2972
417 458
417 459
418 450
418 419
419 421
419 420
421 422
421 433
422 423
424 2845
424 428
424 425
424 2222
426 427
427 474
427 461
427 488
429 2219
430 432
431 2475
433 2972
433 1975
434 444
434 435
434 3125
435 445
436 437
437 860
437 439
438 850
438 860
438 862
439 2840
439 850
440 2655
440 2658
441 442
442 1971
442 3125
443 1971
444 2697
445 446
445 3005
448 449
450 456
450 2971
450 451
451 460
451 2446
452 453
452 460
452 464
452 2446
453 471
453 466
453 454
454 467
454 484
455 456
455 2969
455 458
456 459
456 457
457 464
457 465
458 2970
459 465
459 3089
460 472
460 489
462 513
462 482
462 487
462 495
463 495
463 476
463 514
464 466
465 3091
465 3089
466 467
467 468
467 3091
468 484
468 469
469 1978
469 470
470 493
470 475
471 472
471 484
472 473
472 485
473 474
473 488
473 486
474 487
475 494
475 3092
476 477
476 494
476 506
477 478
477 505
478 560
478 1925
479 583
479 480
479 1925
480 1922
480 481
481 582
481 499
482 486
482 483
483 484
483 485
485 486
486 487
488 489
489 490
490 491
490 492
494 495
496 562
496 534
496 544
497 560
497 2963
497 528
498 580
498 3065
498 579
499 2980
499 2979
499 500
500 2981
500 501
501 2982
501 1922
501 2983
502 503
502 577
502 2983
503 1921
503 504
504 578
504 1932
505 506
505 1932
506 2828
507 513
507 508
507 515
508 509
508 520
509 510
509 515
510 511
510 519
511 512
511 517
512 518
512 517
513 3027
514 3027
514 2963
515 516
516 517
516 532
518 524
518 519
519 521
519 520
520 521
521 1979
522 535
522 523
522 543
523 524
523 543
524 525
524 536
524 535
526 541
526 531
526 530
527 529
527 530
527 528
528 564
530 531
531 532
532 533
534 538
534 537
535 538
536 537
536 539
537 538
539 540
539 541
541 542
544 545
544 1944
545 546
545 558
546 547
546 559
547 548
547 549
549 554
549 550
550 551
550 558
551 552
551 553
552 555
552 556
556 1944
556 558
557 1944
560 561
562 565
562 563
564 565
566 3081
566 578
566 1928
566 567
567 3080
567 1931
568 1929
568 3080
568 570
568 1934
569 1934
569 1931
569 1938
570 575
570 1917
570 571
571 575
571 1927
572 1927
572 3082
572 573
573 577
573 1928
574 1928
574 3081
574 575
576 577
576 3084
576 1919
577 578
580 2979
580 581
582 3067
584 585
585 586
585 587
588 589
588 592
589 594
589 593
590 591
591 595
591 592
592 593
593 595
594 597
595 596
596 597
596 598
598 3131
598 600
599 600
600 601
601 602
601 2283
602 603
604 605
604 3132
605 606
605 607
607 608
607 609
609 610
609 611
611 612
611 3211
613 3211
613 614
614 615
614 616
617 618
617 3046
619 728
619 620
619 627
620 712
620 621
621 622
623 624
623 702
623 762
624 686
624 2664
624 687
625 628
625 718
625 2663
626 717
626 627
626 2694
627 726
627 715
628 629
628 723
629 722
629 643
630 631
630 2668
630 638
631 2878
631 2881
632 633
632 2881
633 685
633 634
634 688
634 685
634 670
635 688
635 762
635 764
635 691
636 693
636 1996
636 716
636 731
637 2669
637 1996
637 1995
638 685
638 2670
639 2878
639 640
639 723
641 642
641 644
641 722
641 2883
642 661
642 662
644 2769
644 2768
645 652
645 657
645 646
646 647
646 656
647 651
647 648
648 656
648 649
649 664
649 650
650 655
650 660
653 654
653 656
653 2771
654 655
655 661
656 657
657 2770
658 659
658 666
659 2284
659 683
660 2284
660 3026
661 663
665 2772
665 667
665 2284
666 668
666 673
668 669
668 671
669 670
669 672
670 2460
670 683
674 675
674 684
674 3034
674 683
675 2773
675 677
676 3035
676 2209
676 681
676 3123
677 2775
677 678
678 2287
678 682
679 2783
679 2211
679 3123
679 2207
679 3035
680 681
684 773
684 3215
687 688
687 762
689 2031
689 690
690 768
690 691
691 692
692 702
692 2656
693 694
694 699
694 695
695 696
695 708
696 703
696 2656
697 763
697 698
697 2656
698 733
698 2031
699 700
699 701
702 703
703 2461
704 705
704 739
704 738
705 706
705 707
706 763
706 709
708 709
708 742
709 2000
710 2001
710 711
710 740
711 740
711 739
712 713
712 714
716 1988
717 1988
717 1989
718 719
718 2694
720 3115
720 3116
720 2781
721 3115
722 723
724 725
725 727
725 726
728 1986
729 730
731 741
731 2739
732 1997
732 1999
732 741
733 734
733 763
734 735
734 761
735 736
735 737
736 737
736 759
737 738
738 746
739 745
740 2740
741 742
741 2740
742 743
744 745
745 748
746 749
746 747
747 748
747 750
748 750
750 751
752 2031
752 758
752 755
753 757
753 754
753 766
754 773
754 2743
755 756
755 779
756 780
756 782
757 2784
757 758
757 772
758 766
759 760
759 2742
764 765
764 2460
766 767
769 770
769 780
769 775
770 771
770 2286
771 1773
771 782
771 772
772 2660
773 2460
774 1787
774 1800
774 775
775 777
776 777
777 778
779 781
779 780
781 1811
781 1791
782 783
784 796
784 3044
784 2025
784 2018
785 3182
785 787
785 2481
786 3182
787 3044
787 788
788 794
788 789
789 808
789 2807
790 791
791 792
791 795
792 793
792 795
793 805
795 3055
797 799
798 844
798 3044
798 799
799 800
801 2018
801 845
801 2023
802 2025
802 926
802 944
803 2028
803 2960
803 944
804 2960
804 2030
804 1454
806 807
808 812
809 905
809 932
810 2173
810 2185
810 2187
811 813
811 812
811 2171
811 2181
812 1015
812 2175
814 818
814 816
815 2056
815 2058
815 3012
816 817
816 2056
818 2988
819 821
819 820
820 821
821 832
822 823
823 1223
823 842
824 825
824 842
824 1222
825 826
825 1221
825 831
826 2032
827 828
827 829
828 831
828 830
829 2988
831 832
832 833
833 834
834 835
834 836
837 1215
837 841
838 1015
838 839
839 840
839 2930
841 2195
842 843
844 2487
844 2488
845 962
845 2038
846 847
846 3171
846 3206
847 871
848 852
848 863
848 849
849 858
849 850
851 862
851 861
851 854
852 895
852 1744
853 854
853 857
853 895
854 882
855 2007
855 856
855 2634
856 2635
856 857
857 877
858 859
858 862
860 861
863 1744
864 866
864 868
864 3170
865 3175
865 3174
866 2563
867 2566
867 2562
867 2007
867 2563
868 870
868 869
869 3207
869 904
870 3170
870 871
870 3179
871 3171
872 873
872 874
872 3179
873 3206
874 3177
874 3175
875 3179
875 876
876 3176
876 3173
877 2280
878 880
878 2280
878 879
879 880
879 2007
881 2561
881 892
881 2634
881 1715
882 2634
883 1714
883 892
883 884
884 1721
884 887
884 888
885 886
886 889
886 3155
887 890
887 1720
888 890
888 2217
889 891
889 1721
890 2218
891 1720
891 1719
892 1713
893 2634
893 894
895 896
897 898
897 2474
897 2731
898 3173
899 1747
899 2731
900 901
900 902
900 935
901 937
901 940
902 934
903 904
903 910
903 3219
904 933
905 906
906 909
906 917
907 2957
907 919
907 908
908 1043
908 909
909 918
910 917
910 911
910 3219
911 916
911 919
911 3130
912 913
912 2013
912 926
913 914
913 924
914 923
914 915
915 920
915 916
916 3219
917 3130
918 3130
918 919
920 921
920 922
925 2013
926 2227
927 1045
927 1453
927 2226
928 931
928 2181
928 2180
929 2180
929 932
929 930
930 2608
930 1035
931 2177
931 2182
932 2187
933 936
933 1046
934 1034
934 935
935 1046
936 938
936 1041
937 1041
937 941
938 1042
938 972
939 2927
939 1601
939 1431
940 970
940 941
941 1040
942 2204
942 946
942 2028
942 1442
943 947
943 2023
943 945
944 945
945 2204
945 946
946 3178
946 951
947 951
947 950
948 2016
948 3178
948 949
949 2630
949 2895
951 3178
952 1441
952 3194
952 2955
953 954
953 2895
953 2826
954 2826
954 955
955 959
955 958
955 2763
956 1440
956 1457
956 3194
957 958
957 1440
957 1501
958 1501
959 3128
959 1439
960 1438
960 2012
960 1448
960 1457
961 2826
961 963
961 2011
962 2016
962 2011
963 2010
963 964
964 965
964 2765
965 1742
965 2636
966 967
967 968
967 2929
968 1465
968 1463
969 2940
969 1032
969 977
969 978
970 2940
970 2524
971 983
971 972
971 2531
972 3208
973 975
973 974
973 2524
974 975
974 984
974 982
975 2268
976 977
976 3208
976 979
977 983
977 2532
978 979
978 980
979 982
979 984
980 984
980 1061
981 2531
981 2532
981 2229
982 983
986 987
986 1560
988 989
988 1559
988 1557
989 1560
989 1559
990 991
990 1583
991 1536
992 1537
992 993
992 1536
993 1541
993 994
994 995
994 1555
995 1555
996 1580
996 1000
997 1532
997 1003
997 998
998 1002
998 2821
999 1000
999 1003
999 1004
1001 1009
1001 1011
1001 1005
1001 1007
1001 1010
1002 1003
1002 1004
1002 2821
1003 1013
1004 2821
1005 1007
1005 1011
1005 1036
1006 1009
1006 1011
1007 1008
1007 2794
1008 2794
1008 2822
1008 1010
1009 1010
1009 2821
1012 2609
1012 1040
1012 1168
1013 3209
1013 2202
1014 1970
1014 1257
1014 1421
1015 1016
1017 1019
1017 1560
1017 1018
1018 1019
1019 1590
1020 1021
1020 1029
1020 2507
1021 1026
1021 1024
1022 1173
1022 1023
1023 1177
1024 1029
1024 1177
1025 1026
1025 1195
1026 1195
1027 2505
1027 1028
1027 1183
1028 1183
1028 1029
1030 2507
1030 2508
1030 2506
1031 1102
1031 1159
1031 1153
1032 2518
1033 2523
1033 1104
1033 2518
1034 1035
1034 1036
1035 1036
1037 1038
1037 1039
1037 1052
1038 2610
1038 2607
1039 1051
1039 2609
1040 2610
1041 1042
1042 1043
1042 3195
1043 1046
1043 1044
1044 3195
1044 1045
1044 1430
1045 2227
1045 1445
1047 2925
1047 2924
1047 2926
1048 2925
1048 1049
1048 1050
1049 2922
1049 2804
1049 2924
1050 1051
1050 1167
1051 1165
1052 2640
1052 2641
1053 1054
1053 2527
1053 1087
1054 1055
1054 1085
1055 1056
1055 1087
1056 1057
1056 1060
1057 1061
1057 2613
1058 1170
1058 2267
1058 2926
1059 2614
1059 1082
1059 1061
1060 1079
1060 2526
1060 2612
1061 1088
1061 2268
1062 1159
1062 2587
1062 1075
1063 1064
1063 2587
1063 2586
1064 2489
1064 1068
1065 2491
1065 2494
1065 2493
1066 1067
1066 2804
1066 2494
1068 1069
1068 1072
1069 1070
1069 2575
1070 2578
1070 2576
1071 2577
1072 1073
1072 1074
1074 1074
1075 1077
1075 1076
1076 2603
1076 1078
1079 1080
1079 1081
1082 1083
1082 2919
1082 2918
1084 1085
1085 1086
1087 2579
1088 1089
1088 2267
1089 1090
1089 1095
1090 1091
1090 1094
1091 1092
1091 1093
1096 1098
1097 1098
1098 1099
1099 1100
1099 1104
1100 1101
1100 1103
1101 1102
1101 1106
1102 1152
1104 2522
1105 2519
1105 1149
1105 1106
1106 1107
1108 2521
1108 1109
1108 2468
1109 1595
1109 1110
1110 2659
1110 1111
1111 1595
1111 1130
1111 1113
1112 1592
1112 1119
1112 1596
1112 1594
1113 1114
1113 1119
1114 1115
1114 1126
1115 1117
1115 1116
1117 1118
1118 1119
1120 1121
1121 1124
1121 1122
1122 1123
1124 2906
1124 2905
1125 1127
1125 1126
1125 1128
1125 2906
1126 2500
1128 1129
1130 1131
1131 1132
1131 1133
1132 1132
1133 1135
1133 1134
1134 1137
1134 1138
1136 1137
1136 1143
1136 1147
1137 1139
1137 1140
1138 2996
1141 1142
1141 1144
1141 1143
1143 1145
1144 1144
1145 1148
1145 1147
1146 1148
1147 1148
1149 1152
1149 1150
1150 2469
1150 1151
1152 2915
1153 1154
1153 1155
1155 1156
1155 2526
1157 1158
1157 2585
1157 1159
1160 2489
1160 2491
1160 1161
1161 1162
1162 1163
1163 1164
1163 1597
1164 1166
1164 2494
1165 1166
1165 1167
1166 1167
1168 1871
1169 1870
1170 1171
1170 1172
1171 2611
1171 1172
1172 2641
1173 1174
1174 2584
1174 1175
1176 1178
1176 2472
1176 1177
1178 1199
1178 1179
1179 1199
1179 1188
1180 1181
1180 1187
1180 1199
1181 1187
1181 2470
1182 1204
1182 1183
1182 2504
1184 1186
1184 3133
1184 1185
1185 1186
1187 1190
1188 1189
1188 1190
1189 1191
1189 1190
1191 1192
1191 1193
1192 1194
1192 1193
1193 1200
1194 1202
1195 1196
1196 1200
1196 1197
1197 1200
1197 1201
1198 1205
1201 1588
1201 2471
1202 2471
1204 1205
1205 2503
1206 2196
1206 1207
1206 1516
1207 1208
1207 1218
1208 1209
1208 1217
1209 1210
1209 1217
1210 1214
1210 1211
1211 2032
1211 1212
1212 1213
1212 2197
1213 1214
1213 2194
1213 1215
1214 1216
1215 1216
1216 1515
1218 1255
1218 1258
1219 2032
1219 1220
1221 2846
1221 1964
1222 2849
1223 1228
1224 1391
1224 1227
1224 1231
1225 2515
1225 1391
1225 2512
1226 1964
1226 2673
1226 1287
1228 1231
1228 1239
1229 1230
1229 1245
1229 1234
1230 1233
1230 1352
1231 1238
1232 1241
1232 1233
1232 1235
1233 1234
1233 1252
1234 1251
1235 1240
1235 1236
1236 2101
1236 1238
1236 1252
1237 1238
1238 1239
1239 2101
1242 1263
1242 1244
1243 1243
1243 1244
1245 1248
1245 1312
1246 1247
1246 1250
1247 1312
1248 1250
1248 1249
1249 1253
1249 1250
1251 1252
1251 1253
1251 2101
1253 1254
1255 1256
1256 1258
1256 1257
1256 1260
1257 1970
1259 1260
1260 1261
1262 2122
1262 1263
1263 1356
1264 1297
1264 1393
1264 1265
1265 1266
1265 1296
1266 1392
1266 1268
1266 1274
1267 1271
1268 1269
1268 1271
1269 1270
1269 1272
1270 1271
1270 1273
1274 2672
1274 1278
1275 1276
1275 2516
1275 1277
1276 2106
1276 2513
1278 2516
1278 1279
1279 1280
1279 1281
1282 2105
1282 1290
1282 3181
1283 1284
1283 2112
1284 1288
1284 1285
1285 1286
1285 1291
1286 1293
1286 2114
1286 1288
1287 2666
1287 2265
1288 1294
1289 2119
1289 1294
1289 2114
1290 1291
1291 1292
1294 1295
1297 1299
1297 1298
1299 1300
1300 1302
1300 1301
1301 1303
1301 1302
1302 1304
1304 2158
1304 1307
1305 1306
1305 1307
1305 1308
1306 1309
1306 1307
1310 2147
1310 1336
1310 2159
1311 2160
1311 1343
1311 1345
1312 1313
1314 1318
1314 1400
1314 1315
1316 1319
1316 1317
1316 2917
1317 1318
1317 1319
1318 1350
1319 1321
1319 1320
1321 2802
1321 1333
1322 3009
1322 2916
1322 1330
1323 1326
1323 1324
1323 1325
1325 1327
1325 1328
1326 1327
1328 1330
1328 1329
1330 1331
1331 2917
1331 3011
1332 2200
1332 2652
1332 1333
1333 1339
1334 1335
1334 2865
1334 1339
1335 2165
1335 1341
1336 2693
1336 1340
1337 1338
1337 1383
1337 2151
1338 2200
1338 1400
1339 2856
1340 2165
1341 1342
1341 2159
1343 2865
1343 2853
1344 2160
1345 1347
1345 2150
1346 2654
1346 1368
1346 2150
1347 2156
1347 2653
1348 2917
1348 1351
1348 3221
1349 3220
1349 3221
1349 1350
1350 1353
1351 1354
1351 3220
1352 1354
1352 2986
1353 2847
1353 1354
1354 3220
1355 2986
1355 1356
1356 1358
1357 1365
1357 1360
1357 1367
1358 2943
1358 2942
1359 1366
1359 1364
1359 2680
1360 1366
1360 1364
1361 2942
1361 2679
1361 2681
1362 1363
1363 2852
1363 2679
1366 1367
1367 2157
1368 2157
1368 1369
1369 2916
1369 1370
1370 1370
1371 1372
1371 1400
1371 1374
1373 1374
1374 1375
1375 1376
1375 1377
1377 1378
1377 2051
1378 1379
1378 1382
1379 1380
1379 1381
1383 1384
1384 2166
1384 3167
1385 2848
1385 2849
1385 2846
1386 1387
1386 2848
1386 1390
1387 1388
1387 1389
1391 2805
1392 1392
1393 2105
1393 2851
1394 2851
1394 2121
1394 2158
1395 1397
1395 1398
1395 1399
1396 1398
1398 1399
1399 2851
1401 1405
1401 1404
1402 2054
1402 1405
1402 1406
1403 1404
1403 2843
1404 1405
1406 2054
1407 2696
1408 1869
1408 1415
1408 1914
1409 1413
1410 1416
1410 1413
1410 1415
1411 3088
1411 1412
1411 1913
1411 3085
1412 1414
1413 1418
1413 1417
1414 2978
1415 1416
1416 3088
1417 1418
1418 1869
1419 1420
1419 1952
1421 3124
1422 1423
1423 1427
1424 2628
1424 1426
1424 1425
1425 1427
1425 1426
1426 1427
1428 2626
1428 2625
1428 1506
1429 2617
1430 2226
1430 1431
1430 3195
1431 2226
1431 3195
1432 1499
1432 1453
1432 1605
1432 2927
1433 1739
1433 1737
1433 1492
1434 2756
1434 1731
1434 1739
1435 1436
1435 1727
1436 1504
1436 1503
1437 2012
1437 1438
1437 2763
1437 2956
1438 3129
1438 1439
1439 3191
1440 3192
1440 3121
1441 2631
1441 1442
1441 3193
1442 1443
1443 1444
1444 2030
1444 2823
1444 2228
1445 1453
1445 1454
1445 2823
1446 1447
1446 1469
1446 1462
1447 2123
1447 1460
1448 1469
1448 1470
1449 1474
1449 1472
1449 1475
1449 2012
1450 1485
1450 1474
1450 1493
1451 1452
1451 1488
1451 2759
1452 2107
1453 2228
1454 2823
1455 2190
1455 2037
1455 2649
1456 1460
1456 1458
1456 2645
1457 3121
1457 1458
1457 3191
1458 1459
1460 1462
1461 1462
1463 1465
1464 2189
1464 1465
1464 2035
1466 1467
1466 2124
1466 2127
1467 1468
1467 1471
1467 1472
1468 1469
1468 1470
1470 1471
1471 1472
1473 1493
1473 1474
1473 3189
1475 1476
1475 1477
1476 1480
1476 1495
1478 1479
1478 1486
1478 1483
1479 1481
1479 1484
1480 2126
1480 1482
1483 1484
1483 2128
1484 2958
1485 1491
1485 1486
1486 1487
1488 1489
1488 2751
1489 2125
1490 3002
1490 2756
1490 2759
1491 1492
1491 2751
1492 1737
1492 1493
1494 1498
1495 1498
1495 1496
1496 1498
1496 1497
1499 1638
1499 1500
1500 1662
1500 1665
1501 2631
1502 2462
1502 1505
1503 1504
1503 2108
1503 2899
1504 1505
1504 1764
1505 1764
1506 2623
1506 2619
1507 2629
1507 2616
1508 2627
1508 2620
1509 1510
1509 2690
1510 1512
1511 1552
1512 2478
1512 2689
1513 1526
1513 1525
1513 1519
1514 1525
1514 1515
1514 3152
1515 3152
1516 1517
1517 1518
1517 1521
1518 1519
1518 1520
1519 2688
1522 1531
1522 1523
1522 1529
1523 1524
1523 1527
1524 1527
1524 1525
1526 1527
1526 1528
1529 1530
1530 1531
1530 1532
1531 2202
1533 1757
1533 1582
1533 1584
1534 1577
1534 1757
1534 2604
1535 1538
1535 1536
1538 1539
1538 1542
1539 1540
1541 1542
1543 3040
1543 1544
1544 2270
1545 1546
1545 2270
1546 3041
1546 1551
1547 1549
1548 1564
1548 3204
1549 2257
1549 1552
1549 1550
1550 1551
1551 2271
1552 2256
1552 1553
1553 1567
1554 1556
1554 1558
1554 1562
1555 1558
1556 1557
1556 1558
1557 2599
1558 1559
1561 1859
1561 3140
1561 1563
1562 1859
1563 3040
1563 1564
1564 3041
1566 2479
1566 1567
1567 1569
1568 2477
1568 1569
1571 2690
1571 3210
1571 2689
1572 2690
1573 2687
1574 1578
1574 1575
1574 1576
1575 1579
1576 1577
1576 2657
1577 2605
1578 1579
1578 2605
1579 1580
1580 1581
1581 1583
1581 1758
1582 1583
1585 1586
1585 2574
1585 2996
1585 1587
1587 2508
1587 1588
1588 2471
1589 1590
1589 1591
1592 1593
1593 1594
1594 1595
1598 3161
1598 1599
1598 3162
1599 1609
1599 2544
1600 1601
1600 2229
1600 1602
1601 2229
1601 2531
1602 1603
1602 2533
1603 2533
1603 2532
1604 2545
1604 2539
1604 1607
1605 1659
1605 3120
1606 2548
1606 2547
1606 1609
1607 2545
1607 1608
1608 1610
1608 2553
1609 2544
1610 2554
1610 2548
1611 2542
1612 3137
1612 1613
1612 3199
1613 1620
1613 3138
1614 2552
1614 2707
1614 2709
1614 2549
1615 2550
1616 1617
1616 3137
1616 1650
1617 2709
1617 2552
1617 3201
1618 1663
1618 1637
1618 1619
1619 2931
1619 1658
1619 2691
1620 3139
1620 1621
1621 2230
1621 1623
1621 2231
1622 2894
1622 2959
1622 2890
1623 1627
1623 1624
1624 2934
1624 1633
1625 3224
1625 1633
1625 1626
1626 1626
1627 1628
1627 2357
1628 2920
1628 1629
1629 1647
1629 1630
1630 1631
1630 1632
1631 1631
1632 1633
1632 1634
1635 2931
1635 1661
1635 2933
1636 2936
1636 2935
1637 1655
1637 1658
1638 1657
1638 1640
1639 1653
1639 1660
1639 1657
1640 1655
1640 1660
1640 1664
1641 3224
1641 3223
1642 3223
1642 1642
1643 1645
1644 1645
1644 2131
1645 1646
1647 1649
1647 1648
1650 1652
1650 1651
1651 3138
1651 1658
1652 1653
1652 1656
1653 1654
1654 1655
1654 1658
1654 1660
1655 1662
1657 1659
1657 1660
1659 2538
1661 1663
1661 1667
1662 1663
1665 1666
1666 1667
1666 2034
1667 2935
1668 1674
1668 1682
1668 2887
1669 1676
1669 1678
1669 1670
1670 2661
1670 2959
1670 2713
1671 1672
1671 1679
1671 1673
1672 1678
1672 1679
1673 2921
1673 2711
1674 1675
1674 2356
1676 1677
1676 2714
1678 1679
1680 1685
1680 2884
1680 2559
1681 1694
1681 1684
1681 1690
1682 1683
1682 1684
1683 2062
1683 1684
1685 1690
1685 1687
1686 1689
1686 2893
1686 1692
1687 1689
1687 1688
1689 1691
1690 1693
1691 1693
1691 1692
1692 1694
1693 1694
1695 2892
1696 2894
1696 2230
1696 1697
1699 1700
1702 1703
1704 2223
1705 1710
1705 2191
1706 1707
1706 1710
1707 1708
1707 2417
1708 2411
1708 1711
1709 2192
1709 2191
1709 1711
1712 3155
1712 2008
1713 1714
1714 1721
1715 2561
1716 2462
1716 2565
1716 2560
1717 3188
1717 1759
1717 1718
1717 3157
1718 3157
1718 2565
1719 1720
1720 1721
1722 2038
1722 1725
1723 1724
1723 1725
1723 2359
1725 1726
1727 2999
1727 1729
1727 1728
1729 1730
1729 1731
1730 1732
1730 1731
1732 2749
1732 3222
1733 1734
1734 1735
1734 1738
1735 1739
1735 1736
1736 2637
1736 1737
1737 2639
1740 1741
1741 2637
1741 2638
1742 2765
1742 2956
1743 3207
1744 3207
1745 1746
1745 2825
1746 1747
1746 1748
1746 2732
1747 2825
1749 1750
1749 3169
1750 3164
1751 3165
1752 1755
1753 3126
1753 1754
1753 1755
1755 1756
1757 1758
1758 2604
1760 1763
1761 1763
1761 2736
1761 1762
1762 1765
1763 1764
1765 1766
1765 2736
1767 2369
1767 1814
1767 1769
1768 1769
1768 3151
1770 1773
1770 1775
1770 1771
1772 1774
1773 2282
1774 2282
1774 2286
1775 1779
1775 2791
1776 1779
1776 1777
1776 1781
1777 1786
1777 2791
1778 1779
1778 1780
1778 1785
1780 1781
1780 1786
1781 1782
1783 1800
1784 1804
1785 1786
1785 1803
1787 1798
1787 1801
1788 1790
1789 1790
1790 1795
1791 1812
1791 1792
1792 1795
1792 1793
1794 1795
1796 1810
1796 1797
1796 1799
1797 1808
1797 1813
1798 1799
1798 1808
1799 1808
1800 1804
1801 1802
1801 1810
1803 1805
1803 1804
1805 1806
1805 1818
1806 1807
1806 1809
1807 1808
1807 1809
1807 1813
1809 1813
1810 1812
1810 1813
1811 1824
1811 1812
1814 2361
1814 2378
1814 2393
1815 1816
1815 2816
1816 2816
1817 1820
1817 2816
1817 1818
1818 2730
1819 2384
1819 2396
1820 1821
1820 1822
1823 1827
1824 1825
1824 1828
1825 2458
1825 1829
1826 1828
1827 2250
1827 2249
1827 1828
1829 2398
1830 2497
1830 2685
1831 1833
1831 2810
1831 1865
1832 1845
1832 1833
1834 2810
1835 1836
1836 1874
1836 3146
1837 1857
1838 1838
1838 1861
1839 1840
1840 1862
1840 1843
1841 1857
1841 1843
1841 1842
1842 1875
1842 1843
1844 1873
1845 3062
1845 1846
1846 2318
1846 3063
1847 3063
1847 1848
1847 1853
1848 1857
1848 1853
1849 1855
1849 1852
1849 1850
1850 1851
1850 1852
1851 2318
1852 2590
1853 1856
1854 1855
1854 2597
1854 1856
1855 1856
1858 2912
1858 2911
1858 1875
1859 1868
1859 1860
1860 3140
1860 3141
1861 1882
1861 1862
1862 2911
1863 1884
1863 1885
1863 1864
1865 1872
1865 2810
1866 2914
1866 2337
1866 1867
1867 2339
1869 1962
1870 1871
1872 3205
1872 1873
1873 2910
1874 2910
1874 2974
1876 3141
1876 1877
1877 3142
1878 1884
1879 1881
1879 1880
1879 1882
1881 1886
1881 1884
1882 1883
1887 2442
1887 1950
1887 1948
1888 1889
1889 2975
1889 1951
1890 1891
1890 2978
1891 1893
1891 1910
1892 1893
1893 1894
1894 1899
1894 1901
1895 1899
1896 1898
1896 1897
1896 1899
1900 1903
1901 3065
1901 1902
1901 1913
1902 1905
1902 1916
1903 1905
1903 1906
1904 1908
1905 1906
1906 1908
1907 1908
1907 1909
1907 1910
1910 1980
1911 2293
1911 2291
1911 1914
1912 1914
1912 3086
1912 3088
1913 3085
1915 1917
1917 3087
1918 3085
1919 2981
1919 2980
1920 1929
1921 1922
1921 1924
1921 1923
1925 1926
1929 2294
1930 2290
1930 1940
1931 1935
1932 1933
1934 1942
1934 3080
1935 1936
1935 1937
1938 1939
1938 1941
1940 1943
1941 1942
1941 3092
1942 1943
1945 1949
1945 1946
1945 2812
1946 2812
1946 1950
1947 1948
1947 1957
1947 1949
1948 1949
1950 2442
1951 2442
1951 1956
1952 1954
1952 1957
1953 1955
1953 1956
1954 1957
1954 1955
1955 1956
1958 1960
1959 2199
1959 1960
1961 1962
1961 2199
1961 1963
1962 1963
1963 2199
1964 1965
1965 1966
1965 1968
1966 1967
1967 1969
1967 1968
1968 2745
1971 1972
1973 1973
1974 1977
1974 1975
1976 1977
1980 1981
1981 1982
1982 1983
1984 1985
1987 1988
1989 1991
1989 1990
1991 1995
1991 1993
1992 1995
1994 1996
1997 1998
2000 2001
2000 2740
2000 2002
2001 2002
2002 2741
2003 2004
2004 2006
2004 2005
2007 2561
2008 3155
2008 2565
2009 3156
2010 2011
2010 2762
2012 3190
2013 2014
2015 2016
2017 2018
2019 2021
2020 2021
2020 2023
2020 2022
2021 2024
2025 2026
2026 2027
2026 2735
2028 2960
2029 2030
2033 2692
2034 2721
2034 2720
2035 2647
2036 2648
2036 2645
2036 2646
2037 2643
2037 2649
2038 2058
2039 2045
2039 2817
2040 3144
2040 2043
2040 2048
2041 2047
2041 2042
2041 2044
2042 2044
2042 2401
2043 2401
2043 2048
2044 2431
2045 2045
2046 2048
2046 2437
2046 2049
2047 2049
2047 2246
2049 2246
2050 2819
2050 3143
2051 2052
2051 2734
2052 2055
2053 3168
2055 3168
2055 3167
2056 2057
2059 2062
2059 2060
2061 2095
2061 2302
2063 2989
2063 2064
2064 2298
2065 2068
2065 2066
2065 2989
2066 2989
2066 2067
2068 2069
2069 2300
2069 2315
2070 2071
2071 2991
2071 2072
2073 2992
2073 2074
2074 2991
2075 2992
2075 3101
2075 2076
2077 2078
2077 3031
2078 2083
2078 2079
2080 2085
2080 3031
2081 2084
2081 2082
2086 2087
2086 2547
2087 2089
2087 2088
2088 3218
2089 2089
2090 2278
2090 2091
2091 2278
2091 2092
2092 2275
2093 2274
2093 2276
2093 2094
2093 2277
2094 2096
2094 2095
2095 2096
2097 3165
2097 3166
2098 2099
2099 3115
2100 2764
2102 2121
2103 2105
2103 2121
2103 2104
2106 2673
2106 2671
2107 2824
2108 2269
2109 3103
2110 2467
2110 3103
2112 2119
2113 2115
2113 2116
2113 2117
2114 2120
2115 3093
2115 2117
2116 2118
2116 2119
2117 2232
2118 2232
2118 2265
2120 2666
2120 2667
2122 2145
2122 2158
2123 2132
2123 2129
2124 2632
2125 2128
2126 2130
2126 2128
2127 2632
2127 2129
2131 2725
2133 2928
2133 2729
2134 2291
2135 2292
2135 2291
2136 2651
2136 2653
2136 2137
2137 2850
2137 2651
2138 2139
2138 2140
2139 2140
2139 2143
2140 2142
2141 2145
2141 2143
2141 2144
2142 2153
2142 2145
2143 2144
2146 2148
2147 2160
2147 2148
2148 2149
2150 2156
2151 2873
2151 2871
2152 2871
2153 2154
2153 2651
2154 2653
2154 2155
2156 2157
2159 2162
2161 2162
2162 2163
2164 2165
2166 2167
2168 2993
2168 2857
2169 2172
2169 2809
2170 2173
2170 2170
2171 2173
2171 2172
2174 2178
2174 2185
2174 2186
2175 2177
2175 2181
2176 2185
2177 2182
2179 2187
2180 2183
2182 2184
2188 2189
2188 3194
2188 2190
2189 2190
2191 2192
2192 2193
2193 2410
2196 3152
2196 2198
2200 2802
2201 2876
2201 2867
2202 2203
2205 2239
2205 3043
2206 2624
2207 3035
2208 2368
2208 2360
2209 2210
2209 3029
2211 3123
2212 2215
2213 2216
2213 2215
2213 2214
2215 2216
2216 2371
2217 2218
2220 3021
2220 3187
2220 3185
2221 2222
2222 3021
2224 2340
2224 2317
2224 2330
2225 2326
2225 2349
2225 2343
2227 2954
2230 2231
2231 2358
2233 2236
2233 2240
2234 2235
2234 2243
2234 2238
2235 2238
2235 2244
2236 2237
2236 2241
2237 3042
2237 2244
2238 2244
2239 2241
2239 2243
2240 2241
2242 2243
2245 2255
2245 2433
2245 2408
2246 2405
2247 2250
2247 2248
2247 3038
2248 3038
2248 2255
2249 3037
2249 2800
2249 2451
2249 3038
2251 2254
2251 3037
2251 2684
2252 2279
2253 2405
2253 2421
2253 2428
2254 2255
2254 3037
2256 2567
2257 2567
2258 2263
2258 2272
2258 2363
2259 2263
2260 2261
2260 2793
2261 2793
2262 2375
2263 2272
2264 2676
2264 2776
2264 2677
2266 2267
2266 2268
2266 2524
2269 2467
2271 2271
2273 3030
2274 2276
2274 2275
2274 2277
2275 2278
2281 2287
2281 2285
2281 3212
2282 2286
2285 3212
2285 3215
2287 3034
2288 3067
2289 3069
2289 3068
2290 2294
2295 2313
2296 2311
2297 2307
2301 2312
2303 2309
2303 2305
2303 2310
2305 2311
2305 2314
2306 2311
2307 2520
2307 2316
2308 3172
2308 2314
2309 2316
2312 2316
2317 2334
2317 2331
2319 2322
2319 2336
2319 2321
2320 2334
2320 2331
2320 2350
2321 2325
2321 2329
2322 2345
2322 2346
2323 2339
2324 2346
2324 2329
2324 2353
2325 2328
2325 2337
2326 2353
2326 2333
2327 2329
2327 2332
2327 2347
2328 2332
2328 2352
2329 2347
2330 2341
2330 2348
2331 2344
2332 2342
2333 2338
2333 2342
2334 2348
2335 2343
2335 2340
2335 2354
2336 2348
2336 2601
2337 2914
2338 2355
2338 2342
2340 2341
2341 2354
2343 2349
2345 2909
2345 2346
2347 2353
2349 2354
2351 2913
2351 2598
2352 2352
2353 2909
2356 2711
2356 2891
2357 2357
2360 3203
2360 2379
2361 3057
2361 2370
2362 3217
2362 2377
2362 2378
2363 2375
2363 2391
2364 2382
2364 2366
2364 2373
2365 2389
2365 2368
2365 2379
2366 2386
2366 2374
2367 2390
2367 2388
2367 2374
2368 2371
2370 3203
2370 3060
2371 2683
2372 2391
2373 2382
2373 2383
2374 2388
2374 2395
2375 2391
2376 2385
2377 2388
2377 2395
2378 2380
2378 2388
2379 2385
2380 2390
2380 2393
2381 3058
2381 2393
2381 2394
2382 2387
2383 2396
2383 2386
2384 2396
2385 3203
2386 2395
2387 2801
2387 2390
2389 3058
2392 2394
2394 3057
2397 2403
2397 2426
2397 2438
2399 2416
2400 2414
2401 2440
2402 2439
2403 2439
2403 2412
2404 2443
2405 2425
2406 2425
2406 2432
2406 2441
2407 3004
2408 2416
2408 2421
2409 2437
2410 3020
2411 2497
2411 2420
2411 2417
2412 2428
2412 2439
2413 2424
2414 2429
2414 2434
2415 2422
2416 2430
2418 2422
2418 3145
2421 2433
2422 2438
2423 2426
2424 2437
2424 2428
2425 2430
2426 2429
2427 2432
2428 2435
2429 2435
2430 2432
2431 2440
2431 2817
2433 2435
2434 2436
2434 2498
2440 2801
2443 3144
2444 2842
2445 3092
2445 3090
2447 2452
2447 2454
2447 2530
2448 2453
2448 2495
2448 2529
2449 2450
2449 2528
2450 2685
2450 2496
2451 2454
2451 2684
2453 2684
2454 2529
2455 2459
2455 2457
2456 2458
2456 2457
2456 2459
2457 2458
2462 2565
2463 3079
2463 2945
2464 2946
2464 2947
2465 2836
2466 2467
2468 2468
2469 2469
2470 3133
2473 2839
2473 2838
2476 2477
2476 2479
2476 3039
2479 3039
2481 2485
2481 2483
2482 2484
2482 2486
2483 2485
2483 2484
2484 2486
2485 2488
2486 2487
2487 2488
2489 2490
2491 2492
2495 2496
2496 2528
2497 2498
2499 2801
2501 2523
2501 2517
2503 2767
2504 3154
2504 3153
2505 2506
2507 2508
2509 2510
2509 2511
2511 3023
2513 2515
2513 2514
2514 2516
2514 2515
2518 2523
2519 2521
2519 2522
2521 2522
2525 2526
2528 2530
2529 2530
2533 2534
2534 2535
2534 2573
2535 2572
2535 2571
2536 2537
2537 2539
2537 2538
2538 2539
2540 3105
2540 2541
2540 3094
2541 2542
2541 3163
2542 2543
2544 2545
2546 2707
2547 2548
2549 2551
2549 2550
2550 2551
2551 2552
2553 2554
2553 2555
2554 2558
2555 2556
2555 3198
2556 3197
2556 2557
2557 2558
2557 2559
2558 2559
2560 2806
2560 2564
2561 2564
2561 2562
2562 2564
2563 2566
2567 2570
2568 2570
2569 2570
2571 2573
2571 2572
2572 3162
2573 3161
2575 2575
2577 2578
2580 2583
2581 2583
2582 2583
2585 2586
2585 2997
2586 2587
2588 2593
2588 2590
2589 2590
2589 2591
2589 2592
2591 2592
2592 2593
2594 2601
2594 2600
2595 2599
2596 2602
2596 2597
2597 2602
2598 2600
2603 2603
2604 2605
2606 2607
2606 2609
2606 2608
2607 2608
2607 2610
2611 2611
2612 2613
2612 2614
2613 2614
2615 2617
2615 2625
2615 2622
2616 2621
2617 2622
2618 2629
2619 2625
2619 2622
2621 2624
2621 2627
2623 2628
2623 2626
2624 2627
2626 2628
2630 2631
2637 2638
2638 2639
2639 2956
2640 2641
2640 2925
2642 2644
2642 2643
2644 2647
2645 2648
2648 2649
2650 2653
2655 2658
2660 2660
2662 2667
2662 3181
2662 2671
2663 2669
2663 2668
2664 2670
2664 2669
2665 2671
2665 2673
2665 2666
2668 2670
2674 2677
2674 3212
2674 2676
2675 2681
2675 2678
2675 2680
2677 3212
2678 2680
2678 2943
2679 2681
2682 2683
2685 3004
2687 2690
2688 3124
2688 3209
2689 2690
2691 2702
2691 2703
2692 2720
2694 2695
2696 2843
2697 2698
2697 3005
2699 2700
2699 2701
2701 2966
2701 2968
2702 2703
2702 3139
2703 2932
2704 3099
2704 2705
2704 3100
2706 3157
2706 3156
2707 2708
2709 3200
2710 2887
2710 2888
2710 2893
2711 2712
2713 2715
2713 2714
2714 2716
2720 2721
2721 2722
2723 2726
2723 2959
2723 2724
2724 2726
2724 2727
2725 2727
2726 2728
2728 2729
2733 3213
2733 3136
2733 3214
2737 2738
2737 2739
2743 2744
2743 3215
2744 3214
2744 3215
2746 2747
2747 2844
2750 2754
2751 2753
2752 2754
2754 2759
2755 2756
2757 2758
2758 2999
2758 3001
2763 2765
2766 2767
2769 2771
2769 2770
2770 2771
2773 3026
2773 2775
2774 2775
2776 2777
2776 2778
2779 3008
2780 3073
2780 3047
2780 2796
2781 2782
2781 3047
2783 3122
2783 3026
2784 2788
2784 2787
2785 2786
2786 2790
2786 2789
2787 3149
2787 2789
2789 2790
2790 2791
2792 2793
2795 3008
2795 2797
2795 2941
2796 2797
2796 3072
2796 2799
2797 2798
2799 2941
2799 3114
2802 2803
2804 2922
2805 2805
2807 3036
2808 3036
2811 2813
2811 2814
2812 2813
2813 2815
2817 3104
2818 3143
2818 3180
2819 3180
2820 3030
2824 3003
2824 3002
2831 2835
2831 2833
2832 2834
2833 2834
2834 2838
2835 2836
2839 2840
2846 2848
2848 2849
2854 2994
2855 2994
2855 2984
2855 2985
2858 2859
2859 2862
2860 3159
2861 3159
2861 2874
2861 2863
2863 3158
2863 2864
2863 3017
2864 3160
2864 3019
2865 2916
2866 3014
2866 3007
2866 2867
2867 2873
2868 2872
2868 3016
2868 2869
2870 2984
2870 2872
2870 2871
2872 2873
2875 2876
2876 3160
2877 3071
2878 2879
2879 2882
2880 2883
2882 2883
2884 2885
2884 2892
2885 2893
2885 2886
2886 2892
2886 2888
2887 2891
2888 2889
2889 2890
2889 2894
2890 2891
2894 2959
2895 2962
2896 2898
2897 2898
2898 2899
2900 3172
2900 2901
2904 3020
2906 2907
2908 2909
2911 2912
2922 2923
2923 2926
2923 2924
2924 2926
2929 2955
2931 2932
2932 2934
2933 2938
2933 2934
2937 2939
2938 2939
2940 3208
2941 3008
2942 2943
2945 2946
2946 2947
2947 2950
2948 2949
2948 2951
2949 2950
2949 2951
2951 2952
2952 2965
2952 2966
2953 2968
2953 2967
2956 3189
2956 3190
2961 2962
2962 3112
2963 2964
2965 2967
2965 2966
2967 2968
2969 2970
2969 2971
2970 2972
2975 2977
2975 2976
2976 2977
2977 2978
2979 2980
2980 2981
2981 2982
2982 2983
2984 3158
2987 2988
2991 2992
2994 2995
2998 3000
3000 3003
3000 3001
3002 3003
3006 3007
3007 3019
3009 3010
3009 3011
3010 3011
3013 3014
3014 3016
3015 3016
3018 3019
3021 3022
3021 3187
3022 3023
3022 3024
3023 3186
3024 3186
3024 3183
3024 3187
3025 3187
3025 3183
3027 3028
3030 3180
3031 3032
3033 3034
3035 3123
3037 3038
3040 3041
3042 3043
3045 3072
3045 3075
3045 3132
3046 3053
3046 3114
3047 3114
3048 3052
3049 3053
3049 3052
3049 3051
3050 3051
3050 3050
3051 3052
3053 3216
3054 3117
3054 3113
3054 3070
3056 3057
3058 3059
3061 3062
3062 3063
3064 3073
3064 3070
3064 3076
3065 3066
3067 3069
3070 3071
3071 3119
3072 3074
3073 3074
3074 3075
3075 3076
3076 3117
3077 3079
3077 3078
3080 3081
3082 3084
3082 3083
3083 3084
3085 3086
3086 3087
3086 3088
3089 3090
3090 3091
3091 3092
3094 3110
3094 3163
3095 3096
3095 3098
3095 3097
3096 3097
3096 3105
3096 3109
3097 3108
3099 3100
3101 3102
3105 3106
3106 3107
3107 3111
3108 3109
3108 3110
3109 3111
3110 3111
3116 3116
3117 3118
3121 3191
3124 3209
3134 3149
3134 3148
3134 3147
3135 3136
3135 3147
3135 3150
3137 3202
3137 3138
3138 3139
3140 3142
3147 3149
3148 3150
3148 3151
3150 3151
3156 3157
3158 3159
3161 3162
3162 3163
3164 3166
3165 3166
3167 3168
3170 3171
3173 3174
3174 3176
3174 3177
3175 3177
3176 3177
3176 3179
3184 3185
3189 3190
3192 3194
3192 3193
3193 3194
3197 3199
3197 3198
3198 3200
3199 3202
3200 3201
3201 3202
3204 3205
3209 3210
3213 3215
3213 3214
3220 3221
3223 3224
