0 580
0 584
0 836
1 309
1 480
2 160
2 428
2 44
3 3009
3 6
3 7
3 883
3 88
3 3010
4 1460
4 1089
4 1058
5 7
5 406
5 6
6 734
7 89
7 102
8 2736
8 2899
8 9
8 2587
8 2590
9 2589
9 1001
9 2588
9 999
10 1057
10 2286
10 508
10 2438
11 2294
11 1174
11 2850
12 137
12 170
12 1239
12 1240
13 2986
13 418
13 1566
13 2987
14 2154
15 2525
16 134
16 18
17 133
17 2299
17 2356
18 128
18 2298
19 21
19 216
19 22
20 28
20 25
21 24
21 751
22 26
22 24
23 760
23 2725
23 763
24 152
25 27
25 761
26 2317
26 870
27 338
27 765
28 50
29 2885
29 318
29 2179
30 284
30 289
30 2826
30 157
31 3150
31 3147
31 3148
32 2177
32 424
32 2418
33 2665
33 2657
33 447
33 988
34 165
35 1234
35 1228
35 1038
36 361
36 54
36 327
36 229
37 39
37 2760
37 227
38 768
38 770
38 767
39 226
39 796
40 768
40 427
40 773
41 775
41 288
41 332
42 3064
42 2833
42 2277
43 333
43 762
43 748
44 229
44 3090
44 2326
45 2440
45 2481
45 526
46 266
46 264
46 3129
46 265
47 514
48 943
48 2577
48 2576
49 932
49 667
49 466
49 514
50 337
51 2893
51 1120
51 680
52 2884
52 680
52 682
53 344
53 2479
53 326
53 2883
53 2906
54 797
54 230
54 322
55 164
55 961
55 2601
55 2597
55 2793
56 952
56 961
56 990
57 3157
57 2612
57 3159
58 102
58 59
58 556
59 556
59 218
60 728
60 1043
60 550
60 725
61 3078
61 1043
61 1040
62 545
62 421
62 510
63 545
63 2371
63 540
64 535
64 2371
64 510
64 538
65 222
65 534
65 223
66 888
66 231
66 889
67 886
67 2168
67 889
68 272
68 228
68 274
69 81
69 228
69 3089
70 989
70 991
70 588
70 2601
71 383
71 283
71 2997
72 1229
72 1228
72 73
73 74
73 1229
74 75
74 1066
75 1072
75 564
76 2148
76 78
76 2152
77 2150
77 105
77 2763
78 1420
78 2152
79 2939
79 2938
79 2931
79 2936
80 304
80 95
80 302
81 271
81 86
82 2168
82 87
82 271
83 568
83 93
83 84
84 2312
84 85
85 568
85 422
86 270
86 91
87 93
87 270
88 89
88 883
88 98
89 101
89 99
90 269
90 91
90 871
91 92
92 160
92 2773
93 269
94 96
94 225
94 301
95 97
95 225
98 99
98 303
99 100
100 101
100 2740
101 102
102 406
103 2431
103 1155
103 2432
104 2431
104 1156
104 2347
105 1076
105 106
105 1073
106 426
106 2345
107 112
107 1401
107 108
108 1408
108 1351
108 1403
109 110
109 2292
109 1351
110 1962
110 2305
110 2919
111 2306
111 628
111 2988
112 2988
112 626
113 114
113 638
113 396
114 397
114 2951
115 2337
115 399
115 640
116 1211
116 920
116 486
117 1007
117 927
117 2831
117 118
118 148
118 119
118 928
119 927
119 120
120 121
120 2941
120 946
121 928
121 125
122 1014
122 183
122 125
123 717
123 1016
123 715
123 124
124 1015
124 2839
124 148
124 2838
125 948
126 127
127 1319
127 135
128 1885
128 1320
129 2538
129 834
129 2461
130 849
130 847
130 848
131 515
131 293
131 298
132 521
132 515
132 517
133 2325
133 1316
134 2356
134 1884
135 3023
135 2876
136 3135
136 2802
136 3131
137 2367
137 2295
138 1405
138 1407
138 2351
139 1249
139 1568
139 1255
140 2319
140 2387
140 1258
141 142
141 1572
141 1256
142 1574
142 1251
143 310
143 308
143 313
144 400
144 2159
144 315
145 2456
145 1022
145 739
146 836
146 2451
146 585
146 2925
147 2926
147 2817
147 2397
149 150
150 2970
150 2267
150 3030
151 875
151 2317
151 152
152 157
153 2363
154 3036
154 155
154 3037
155 2440
155 156
156 2858
156 3034
156 2374
156 157
157 161
158 2770
158 2773
158 3090
159 321
159 2770
159 160
160 321
161 2826
161 875
162 1060
162 163
162 1088
162 2163
163 512
163 1035
164 2959
164 940
164 2793
165 957
165 2077
166 167
166 1074
166 1072
166 563
167 1076
167 2494
167 2763
168 658
168 662
168 2412
169 2175
169 170
169 2368
170 2212
171 1418
171 2292
171 1417
172 1270
172 1411
172 173
172 2402
173 2619
173 1178
173 1414
174 604
174 175
174 353
175 604
175 2078
176 2423
176 2998
176 2997
176 2996
177 178
177 2571
177 2815
178 179
178 853
179 860
179 2158
180 2535
180 2837
180 859
180 2918
181 182
181 1016
181 1014
182 1017
182 1013
183 1013
183 1019
184 2941
184 1387
184 2940
184 573
185 2207
185 186
185 2962
186 187
186 1860
187 1859
187 316
188 1858
188 224
188 1859
189 316
189 320
189 2788
190 192
190 1880
190 1881
191 2058
191 2200
191 197
192 1321
192 1870
193 1881
193 467
193 1883
194 2882
194 1883
194 1882
195 1468
195 2604
195 2606
196 3094
196 2201
196 2200
197 490
197 2285
198 1843
198 199
198 202
199 592
199 200
200 1954
200 616
201 1842
201 202
201 1954
202 1842
203 1850
203 1849
203 204
204 2357
204 2917
205 2218
205 1382
205 2216
206 2357
206 208
206 2218
207 2863
207 2865
208 2217
208 2375
209 355
209 526
209 525
210 749
210 758
210 364
211 278
211 279
211 665
212 639
212 213
212 396
213 280
213 636
214 217
214 2326
214 215
215 428
215 216
216 2771
217 2771
217 748
218 440
218 535
219 1047
219 543
219 603
220 221
220 542
220 439
221 438
221 539
222 223
223 539
224 3095
224 1860
226 227
226 343
227 784
228 2774
229 230
229 3086
230 2326
231 232
231 237
232 232
233 234
233 241
233 236
234 238
234 237
235 3043
235 2744
235 237
238 243
238 3040
239 244
239 248
239 3040
239 3041
240 2883
240 798
240 2884
241 243
241 247
242 243
244 887
244 273
245 246
246 887
246 888
247 258
247 259
248 253
248 263
249 251
249 250
249 252
252 253
252 258
253 254
255 257
255 256
255 258
259 3083
259 260
260 261
260 2893
261 2270
261 2273
262 2857
262 2272
262 2261
263 265
263 264
264 3003
265 798
266 362
266 2762
267 2479
267 327
267 2762
268 878
268 269
268 568
268 2441
269 270
270 271
271 272
272 886
272 275
273 359
273 3004
274 275
274 885
274 362
275 359
276 2267
276 277
276 304
277 303
277 302
277 304
278 657
278 396
279 665
279 2290
280 634
280 635
281 2631
281 2319
281 2414
282 2424
282 2355
282 2423
283 2423
283 380
283 384
283 1188
284 2374
284 285
285 286
285 2481
286 287
286 291
287 525
287 3067
288 336
288 3061
289 290
289 296
291 3067
291 296
292 532
292 2611
292 2473
293 2809
293 515
294 524
294 2805
294 2806
295 524
295 2805
296 2474
297 395
297 2902
298 519
298 395
298 2474
299 2971
299 2886
299 519
300 301
300 3033
300 2475
301 2598
302 2408
303 2268
304 2311
305 1574
305 2281
305 2284
306 311
306 2219
307 2975
307 2224
307 2974
308 3022
308 604
309 2246
309 2877
310 2359
310 2679
311 312
311 3022
312 2224
312 2219
313 3022
313 2877
314 315
314 2159
314 2361
315 2079
316 2521
317 3002
317 2420
317 3001
318 3137
318 1086
319 2466
319 2989
319 2606
319 2233
320 1461
320 2237
321 2770
322 323
322 343
322 328
323 325
323 668
323 391
324 325
325 326
326 328
327 328
329 330
330 782
330 333
331 776
331 333
331 778
332 776
332 773
332 774
334 774
334 336
334 335
336 771
337 3060
337 3061
338 341
338 3038
339 341
340 341
342 3037
342 2439
343 392
343 2776
344 3130
344 3129
344 2883
344 2906
345 2274
345 2884
345 798
346 2271
346 434
346 2184
346 2276
347 349
347 2258
347 2276
348 1248
348 2871
349 1480
349 2923
350 351
350 2531
350 2530
351 2531
352 388
352 379
352 2758
353 2249
353 2422
354 2529
354 374
354 2878
355 2873
356 2443
356 2353
356 2500
357 2441
357 2476
357 878
358 873
358 2317
358 874
359 360
360 885
360 3004
361 3088
361 362
363 2439
364 750
364 757
365 391
365 429
365 392
366 1977
366 1976
366 482
367 1970
367 2130
367 1976
368 2280
368 491
368 2213
369 369
369 2213
370 2153
370 2328
370 2099
371 372
371 2528
372 2243
372 2528
373 374
373 2529
373 2243
375 2644
375 2647
375 376
376 3016
376 2296
377 379
377 386
377 378
378 2249
378 2422
379 2422
380 381
380 387
381 382
381 1188
382 2247
382 936
383 384
383 2078
383 2526
384 385
384 388
385 386
385 388
386 387
387 1186
389 441
389 405
389 406
390 736
390 409
390 735
391 392
393 524
394 524
394 395
397 399
397 643
398 641
398 399
398 643
400 2530
400 2532
401 402
401 403
401 3085
402 403
402 1004
403 998
404 546
404 548
404 552
405 549
405 737
407 408
407 2983
407 733
407 734
407 2982
408 2981
408 600
408 2640
408 3011
409 724
409 2981
410 1043
410 1041
410 724
410 411
411 1044
411 896
412 412
412 413
413 416
413 414
414 415
414 1555
415 415
416 1556
417 417
417 1557
418 1565
418 2359
419 3154
420 542
420 523
420 1042
421 523
421 3078
422 890
422 2600
423 497
423 507
423 935
423 1057
424 558
424 2310
425 1082
425 1156
425 2920
425 564
426 1156
426 2920
426 2349
427 785
427 784
428 870
429 787
429 793
429 678
429 2786
430 1154
430 1109
430 1153
430 1152
431 1151
431 2722
431 2724
432 2254
432 436
432 2259
433 2253
433 1148
433 2271
434 2276
434 2261
434 2264
435 1964
435 2870
435 2256
436 1115
436 2641
436 1134
437 2870
438 602
438 439
439 603
440 1343
440 548
441 547
441 1344
442 445
442 499
442 995
442 511
442 1050
443 996
443 1051
443 2572
444 1036
444 445
444 1054
445 1048
445 1035
446 1084
446 2077
446 2076
447 984
447 1450
447 985
448 1312
448 1450
448 2501
449 2810
449 1426
449 1435
449 1433
450 2666
450 1305
450 1437
451 1524
451 1497
451 1449
452 1520
452 453
452 1524
453 1540
453 1551
454 1632
454 1639
454 1620
455 1492
455 2900
455 1619
456 1709
456 1725
456 457
457 1706
457 1705
457 1708
458 1681
458 1677
458 1621
459 462
459 1672
459 460
459 1671
460 461
460 1778
461 1739
461 462
462 1680
463 1739
463 1728
463 1778
464 2365
464 480
464 465
465 495
466 646
466 667
467 1467
467 494
467 1868
468 1909
468 2546
468 2545
469 1782
469 570
469 2445
470 571
470 2157
470 1894
470 2485
471 966
471 696
471 3048
472 968
472 1481
472 475
473 561
473 474
473 2443
474 2444
474 2990
475 577
475 991
476 479
476 2795
476 1244
477 1561
477 2984
477 2985
477 1565
477 2993
478 3097
478 800
478 2452
479 492
479 2496
480 2453
481 2719
481 2341
481 1555
481 656
481 3136
482 485
482 2452
483 1421
483 484
483 1299
483 2148
484 562
484 3079
484 492
485 489
485 2269
486 1422
486 1421
487 488
487 1777
487 1159
487 1339
488 1616
488 3093
488 1159
489 803
489 2452
490 1801
490 1867
490 1869
491 1985
491 2135
492 1298
493 815
493 2710
493 740
493 741
494 1867
494 2011
495 2224
495 2974
496 3134
496 2874
496 2377
496 3133
497 507
497 508
497 2584
498 504
498 998
498 2582
498 499
499 505
500 1005
500 567
500 2588
500 3024
501 508
501 511
501 994
502 506
502 893
502 891
502 601
503 1045
503 3011
503 600
504 511
504 2583
505 997
505 1034
506 935
506 2301
506 507
507 1058
508 3084
509 895
509 892
509 2436
510 545
512 2163
512 1034
512 2727
513 514
513 3156
513 664
515 516
515 518
515 2808
516 2268
516 517
517 2267
519 2476
519 522
520 521
521 522
522 884
523 541
525 528
526 528
527 528
529 531
530 531
530 532
531 3120
532 533
532 2473
534 538
535 537
536 537
537 538
539 540
540 541
541 542
542 543
543 544
544 1042
544 901
546 551
546 547
547 548
549 551
549 554
550 554
550 552
551 553
552 553
553 554
555 556
557 1083
557 1082
557 2581
558 2581
558 2294
558 2310
559 1231
559 1223
559 563
560 561
560 1169
560 1223
561 2495
561 563
562 2496
562 2892
563 2494
564 1081
564 2920
564 1069
564 1079
565 1051
565 2573
565 2417
565 566
565 1053
566 1083
566 2419
567 1006
567 972
567 2727
568 878
568 2475
569 2994
569 2161
569 1425
570 1787
570 1184
571 1943
571 951
571 2490
572 1890
572 1891
572 1807
573 1889
573 2941
574 575
574 2728
574 1943
575 2067
575 2070
576 1813
576 1815
576 1816
577 1327
577 2871
577 1480
578 1513
578 2553
578 1512
579 1527
579 1490
579 2549
580 2329
580 581
581 2155
581 866
582 2204
582 583
582 2155
583 584
583 2204
584 1592
585 2397
585 837
585 951
586 2416
586 837
586 1592
587 1962
587 1414
587 2292
588 990
588 963
589 912
589 915
589 2147
590 1291
590 2934
590 2935
591 856
591 613
591 854
592 1851
592 1852
593 594
593 614
593 1854
594 595
594 1853
595 1798
595 596
596 2487
596 2486
597 1938
597 2482
597 1940
597 606
598 2156
598 2157
598 2927
599 1353
599 1391
599 1390
600 3074
600 3073
601 935
601 934
602 3159
602 603
605 2603
606 1949
606 2201
607 2093
608 2195
608 1992
608 2196
609 2663
609 2435
609 1392
609 2568
610 1345
610 1392
610 1454
611 1453
611 1346
611 1477
612 937
612 2520
613 937
614 1852
614 1851
615 2003
615 619
615 2006
615 2005
616 618
616 1852
617 2692
617 618
617 2004
618 2003
618 2006
619 620
619 2004
621 732
621 731
621 2586
622 1216
622 624
622 1217
623 1182
623 916
623 923
623 1212
624 1281
624 1285
625 2988
625 630
625 629
626 627
626 2636
626 1406
628 629
628 1177
629 2608
630 631
630 655
630 633
631 632
631 2289
633 635
633 634
634 2342
635 2632
636 637
636 2390
637 2335
637 2421
638 639
642 643
644 2336
644 645
644 2293
646 647
646 649
647 648
647 649
648 650
649 651
649 655
650 899
650 2366
651 654
651 653
652 2290
652 2342
652 654
654 655
656 2720
656 2719
656 2984
657 658
658 660
659 661
659 660
662 663
662 2835
663 2413
663 3152
664 665
664 666
665 2412
665 666
665 2413
666 667
668 669
668 671
669 673
669 672
670 689
670 691
670 675
670 678
673 675
673 674
675 677
675 676
678 2786
678 1152
679 1116
679 2722
679 1153
680 685
681 689
681 682
681 688
681 685
682 683
684 2258
684 2270
684 2857
685 686
686 687
686 694
689 691
690 692
691 692
692 693
695 1119
695 1110
695 1109
696 3083
696 2787
697 2710
698 700
699 705
700 705
700 766
700 706
701 703
701 702
701 706
703 704
704 705
704 706
707 708
707 799
707 2764
708 709
708 711
709 711
709 2448
710 2448
710 852
710 2536
710 2450
711 2449
712 719
712 723
712 713
712 2538
713 2449
713 714
713 2450
714 1018
714 715
715 716
716 717
716 718
717 718
718 799
719 721
719 2733
719 2313
720 1026
720 2313
720 722
721 723
721 2455
722 1022
722 2455
723 2457
723 2456
724 728
724 1044
725 727
725 735
726 727
727 728
729 730
730 3005
730 2477
731 732
731 2587
731 733
731 2409
732 3127
732 3005
733 3010
734 2640
735 737
736 737
736 2769
738 2477
738 2597
738 879
739 2458
739 1012
741 742
741 2713
742 747
742 743
743 832
743 745
744 832
745 828
745 746
746 747
746 820
747 2713
748 749
749 2771
750 752
750 751
751 752
753 755
754 755
755 756
755 2725
757 2858
757 758
758 2726
759 3035
760 765
760 761
761 3060
762 775
762 763
763 764
765 3038
766 767
766 3104
767 2277
767 771
768 769
771 772
772 773
772 774
773 777
775 776
776 779
777 778
777 781
778 779
779 780
781 782
781 2760
782 783
784 786
784 785
785 786
786 787
787 2480
788 2480
789 795
789 790
790 791
791 2480
791 792
792 793
792 1972
793 794
796 797
796 2783
797 2782
798 3130
799 838
800 801
800 814
801 802
801 807
802 804
802 803
803 2127
804 805
804 806
807 808
807 809
810 812
810 2109
810 2127
811 812
812 813
814 815
814 816
815 3097
816 818
816 817
819 825
819 828
819 822
820 822
820 821
822 824
822 823
825 826
826 827
826 830
827 829
827 830
828 832
830 831
833 2682
833 852
833 3126
834 2841
834 2842
834 2840
835 2824
835 2825
835 846
835 2842
836 837
836 846
837 2416
838 2918
838 2536
839 2682
839 3125
839 2537
840 841
840 2682
840 858
841 844
841 2888
842 850
842 849
842 851
842 2681
843 844
844 851
845 2824
846 2824
847 848
847 849
848 2841
851 2889
852 2681
853 2815
853 863
854 855
854 2739
855 2649
855 2307
856 2517
856 2516
857 862
858 2534
859 2856
860 862
860 861
861 862
861 863
863 2307
864 865
864 945
864 2816
865 2836
865 1008
866 867
866 869
867 869
867 868
868 868
869 2525
870 872
871 872
871 2442
872 873
873 2442
875 876
876 877
876 2827
879 3019
879 2593
880 881
881 2594
881 3044
882 3044
882 2593
882 2585
883 2408
883 2409
883 2407
883 3009
885 3003
886 887
888 889
890 2600
890 3118
891 2765
891 3073
892 894
892 903
893 895
893 2765
894 2765
894 895
894 897
896 901
896 1041
896 903
898 934
898 944
898 943
899 900
899 930
901 929
902 903
902 2244
902 929
903 929
904 905
904 2845
904 914
905 915
905 906
906 2832
906 907
907 924
907 908
908 911
908 909
909 919
909 910
910 911
910 918
911 917
912 2146
912 915
913 914
913 2785
913 2930
914 915
916 917
916 922
917 921
918 921
918 920
919 926
919 924
920 922
921 922
922 923
923 1211
924 925
925 926
925 927
926 927
928 1015
930 931
930 932
932 933
934 2245
936 1185
936 2680
938 939
938 941
938 2959
939 941
939 940
940 2727
941 2162
942 2745
942 2365
942 2746
943 944
943 3138
944 3138
944 3139
945 2816
945 2394
946 947
946 948
947 950
947 949
948 2675
949 2675
949 3075
951 2397
952 2225
952 961
953 1028
953 954
953 2162
954 955
954 956
955 2172
955 976
956 958
956 959
957 958
957 3026
958 1027
959 976
959 2828
960 2227
960 2756
960 3057
961 2599
961 2227
962 963
962 2756
962 990
963 967
964 991
964 967
964 2174
965 967
965 2757
965 2174
966 968
966 2174
966 1481
968 2332
969 970
969 985
969 979
969 983
970 980
970 978
971 978
972 2677
973 2677
974 975
974 2958
974 2172
976 977
977 2173
977 978
979 980
979 2160
980 2333
981 3042
982 983
983 984
984 2501
985 2657
986 2810
986 988
987 2650
987 2369
987 2810
988 2665
989 2657
989 2665
992 993
992 3056
992 3050
993 2226
993 3056
994 995
994 2572
995 996
996 1050
997 998
997 1000
998 999
999 1005
999 1000
1000 1006
1001 1002
1001 1004
1003 1004
1005 1006
1007 1008
1007 2831
1008 2785
1009 1024
1009 1023
1009 3075
1010 1021
1010 1011
1010 1023
1011 1012
1011 1025
1012 2462
1013 1014
1013 2732
1015 2354
1016 1017
1016 2354
1017 1018
1018 2313
1019 1026
1019 2675
1020 1021
1020 1024
1020 1026
1021 1022
1023 2735
1024 2734
1025 2817
1025 3075
1027 1028
1027 2076
1028 2076
1029 3008
1029 1030
1029 2899
1031 1033
1031 1032
1031 3008
1032 1033
1032 2695
1033 1089
1034 1035
1036 1055
1036 1037
1037 1038
1037 1055
1038 1039
1038 1067
1040 1041
1040 3078
1041 1042
1044 3074
1045 2301
1045 1046
1046 2983
1046 1460
1047 2612
1047 3155
1048 1049
1048 1050
1049 1051
1049 1053
1052 1061
1052 2417
1052 1053
1054 1062
1054 1061
1054 1056
1055 1056
1056 1067
1057 2696
1058 1059
1061 1062
1062 1070
1063 1068
1063 2879
1063 1067
1064 1065
1064 2879
1064 1228
1065 1066
1065 2879
1066 1069
1068 1069
1068 1070
1070 1071
1072 1230
1073 1080
1073 1077
1074 1075
1074 1079
1075 1076
1075 1077
1077 1078
1078 1080
1078 1079
1080 2920
1081 2419
1081 1082
1083 2418
1084 2179
1084 2077
1085 1614
1085 1341
1085 1087
1085 2373
1086 1087
1086 1613
1086 2161
1087 2885
1087 1614
1089 1460
1090 1097
1090 2373
1090 1091
1091 1092
1091 1096
1092 1095
1092 1094
1093 2503
1094 2503
1094 2502
1095 2973
1095 1161
1096 1097
1098 1161
1098 1100
1098 1164
1099 1100
1099 2166
1099 1170
1100 1101
1101 1102
1103 1104
1103 2973
1104 1105
1104 3080
1106 2742
1106 2432
1106 1156
1107 1178
1107 2629
1107 2338
1107 2628
1108 1274
1108 1192
1108 2410
1108 1209
1109 1153
1109 1152
1110 1122
1110 1121
1110 1111
1111 1125
1111 1128
1111 3006
1112 1126
1112 1137
1112 1113
1112 1125
1113 1139
1113 1133
1113 1143
1114 1140
1114 1115
1114 1133
1115 2834
1116 1118
1117 1118
1119 1121
1119 1120
1120 1121
1122 1122
1123 1149
1123 1129
1123 2253
1124 1129
1124 1145
1124 1141
1125 1126
1126 1141
1127 1128
1127 1137
1129 1130
1130 1149
1130 1132
1131 1136
1131 1144
1131 1132
1132 1150
1132 2265
1132 2266
1133 1136
1134 1135
1135 1136
1137 1139
1138 1140
1139 1140
1141 1142
1142 1145
1142 1143
1143 1144
1144 1145
1146 1150
1147 2266
1147 2257
1147 2262
1148 2264
1148 2722
1149 2260
1150 1964
1150 1981
1151 1154
1151 2724
1154 1981
1154 2786
1155 2343
1155 2350
1157 2330
1157 2492
1157 2321
1158 1728
1158 1617
1158 1159
1158 2330
1160 1164
1160 1165
1160 1162
1161 1163
1162 1163
1162 1166
1163 1164
1165 1171
1165 1222
1165 3160
1166 1167
1166 1168
1167 1233
1167 3160
1168 1173
1168 1232
1168 1233
1169 1171
1169 1170
1169 2443
1170 2353
1171 1172
1173 1225
1173 1234
1174 1175
1174 2344
1176 1191
1176 3002
1177 2610
1177 2386
1178 2919
1179 1276
1179 2625
1179 1208
1179 1200
1180 1286
1180 1289
1180 1284
1180 1181
1181 1290
1181 1213
1181 1291
1182 1213
1182 1287
1183 3012
1183 3113
1183 1787
1184 3012
1184 2339
1184 2513
1185 2924
1185 2680
1186 2680
1186 1187
1188 2519
1189 2678
1189 1190
1189 2679
1190 2634
1190 1250
1191 3091
1191 3092
1192 1408
1192 1193
1192 1209
1193 1218
1193 3068
1194 1216
1194 3068
1194 1195
1195 1196
1195 1217
1196 2897
1196 1203
1196 1215
1197 1208
1197 2897
1197 1206
1198 1221
1198 2938
1198 1293
1199 1277
1199 1200
1199 1272
1200 1201
1201 1270
1201 2620
1201 1271
1202 1269
1202 1411
1202 1413
1203 1204
1203 1410
1204 1207
1204 1419
1205 1419
1205 1206
1206 2624
1208 1273
1209 1210
1209 1218
1210 1211
1210 2697
1212 1213
1212 2379
1213 1286
1214 1281
1214 1286
1214 1285
1214 1284
1215 1281
1215 1217
1215 1273
1216 1218
1219 3068
1220 1295
1220 1283
1220 1289
1220 1288
1221 2933
1221 1292
1222 1235
1222 1223
1224 3160
1224 1232
1224 1233
1225 1226
1225 1232
1226 1230
1226 1227
1227 1228
1227 1234
1229 1230
1230 1231
1231 1235
1232 1235
1236 2850
1236 2963
1236 2578
1237 2310
1237 2178
1237 2578
1238 2343
1238 1239
1238 1240
1239 2344
1240 2176
1241 2991
1241 2990
1241 1242
1242 1301
1242 1243
1242 2444
1243 1244
1243 1300
1244 1298
1244 1301
1245 1246
1245 1300
1245 2892
1246 2167
1246 2494
1247 2185
1247 1248
1247 2923
1248 2923
1249 1569
1249 1253
1250 1252
1250 2314
1251 1262
1251 1252
1252 1253
1253 1264
1254 1265
1254 1262
1254 1570
1255 1267
1255 1570
1256 1257
1256 2319
1257 1259
1257 1261
1258 1267
1258 1259
1259 1260
1261 1262
1261 1263
1262 1266
1264 1265
1266 1266
1267 1268
1269 2623
1269 1270
1270 2403
1271 1272
1271 2401
1272 2616
1272 2613
1273 1275
1275 1276
1275 1280
1276 1279
1276 1277
1277 1278
1278 1282
1278 1279
1278 2399
1279 1283
1279 1280
1280 2779
1280 1284
1281 2779
1282 1288
1282 1283
1282 2406
1283 1284
1285 1287
1286 1287
1288 1296
1288 2753
1289 1290
1290 1295
1291 1292
1292 1295
1292 1293
1293 1296
1293 1294
1294 1297
1294 2939
1295 1296
1296 1297
1297 2309
1298 1299
1298 2507
1299 3013
1300 2991
1300 2795
1301 1302
1302 2504
1302 2339
1303 2940
1303 3014
1303 3013
1304 2492
1304 2322
1304 1750
1305 1431
1305 1437
1305 1426
1306 1307
1306 1459
1306 1437
1307 1308
1307 1395
1308 2685
1308 1440
1309 1442
1309 1452
1309 1441
1310 1350
1310 1438
1310 1311
1310 1439
1311 1350
1311 2642
1312 1428
1312 1433
1313 2844
1314 1384
1314 2802
1314 1580
1315 2211
1315 1319
1315 1316
1316 1317
1317 1318
1317 2299
1318 2298
1318 1320
1319 1320
1321 1871
1321 1882
1322 2055
1322 2042
1322 1871
1323 2767
1323 1324
1323 2054
1324 2054
1324 1325
1325 2288
1325 2054
1326 1330
1326 2096
1327 2688
1327 1452
1328 2228
1328 1755
1328 1726
1329 1743
1329 1773
1329 1774
1330 1726
1330 1945
1331 1462
1331 1865
1331 2234
1332 1333
1332 1865
1332 1864
1333 1866
1333 1334
1334 2425
1334 2426
1335 2428
1335 2700
1336 2012
1336 1875
1336 1874
1337 1872
1337 1338
1338 2694
1339 2502
1339 1340
1340 1342
1340 1341
1341 2164
1342 1665
1342 1777
1342 2602
1343 1344
1345 1346
1347 1394
1347 1348
1347 1500
1348 1349
1349 1440
1349 1350
1351 1408
1352 1353
1353 2508
1354 1357
1354 1355
1354 1896
1354 1359
1355 1927
1355 1356
1356 1920
1356 1357
1357 1900
1357 1358
1358 1898
1358 1359
1359 1597
1360 1363
1360 1897
1360 1362
1361 1362
1361 1602
1361 1363
1362 1827
1363 1908
1364 1365
1364 1610
1364 1794
1365 1789
1365 1609
1365 3115
1366 1790
1366 1792
1366 2083
1367 1369
1367 1368
1367 2210
1368 1375
1368 2209
1369 1370
1369 1377
1370 1371
1370 1377
1371 1372
1371 2875
1372 1373
1372 1374
1373 1380
1374 1376
1374 1579
1375 2209
1375 1378
1376 1376
1377 1378
1378 2731
1379 1581
1379 2730
1379 2731
1380 1381
1381 2378
1381 3135
1382 2803
1382 2218
1383 1384
1383 2803
1383 3131
1384 1887
1385 1387
1385 2509
1385 1388
1386 1388
1386 2515
1386 1389
1387 1389
1388 1389
1390 2505
1390 2515
1391 2504
1391 2511
1392 2180
1393 2180
1394 1503
1394 1455
1394 1499
1395 1458
1395 1440
1395 1455
1396 1397
1397 1398
1398 2610
1399 1400
1399 2305
1399 2609
1401 2306
1401 1402
1403 1406
1403 1405
1404 1405
1405 1406
1406 1407
1407 2636
1408 1409
1410 1418
1410 1413
1411 1412
1413 1415
1414 1415
1415 1416
1418 2717
1420 1422
1420 1424
1421 1424
1422 1423
1425 2501
1425 2994
1426 1432
1426 1434
1427 1428
1427 1472
1427 1429
1427 1432
1428 2661
1429 1430
1429 2662
1430 2673
1430 2652
1430 1640
1430 2674
1431 2662
1431 2674
1432 1433
1432 2662
1434 1435
1434 1436
1434 2686
1435 2683
1438 1439
1438 1441
1439 2887
1439 2642
1441 2819
1442 1443
1442 2819
1443 1444
1443 2170
1445 1503
1445 1501
1445 1446
1446 1456
1446 1447
1446 1509
1447 1497
1447 1457
1447 1448
1448 1459
1448 1657
1449 1657
1449 1656
1450 1451
1452 2570
1453 2568
1453 2569
1453 2567
1454 2846
1454 2848
1455 1456
1456 1457
1457 1458
1458 1459
1461 2234
1461 2232
1462 1863
1462 1862
1463 1871
1463 1870
1463 1873
1464 1880
1464 1870
1464 1465
1465 1466
1465 1874
1466 1467
1466 2429
1467 1468
1468 1868
1468 1869
1469 1551
1469 1656
1469 2669
1470 1537
1470 1519
1470 1520
1471 1518
1471 1530
1471 1543
1471 1526
1472 2661
1472 1646
1472 1640
1473 1475
1474 1475
1474 1478
1474 1477
1475 1476
1475 2688
1477 2570
1478 2094
1478 1479
1480 2923
1481 1482
1483 2237
1483 2207
1483 1861
1484 2434
1484 1508
1484 2566
1485 1486
1485 2849
1485 2434
1485 1498
1486 1513
1486 1487
1487 1507
1487 1498
1487 2859
1488 2859
1488 1527
1488 1489
1489 2302
1489 1514
1489 1507
1490 2303
1490 1528
1491 1632
1491 1547
1491 1550
1491 1636
1492 1635
1492 1638
1493 1651
1493 1642
1493 2900
1494 1642
1494 1701
1494 1702
1495 1699
1495 1694
1495 1496
1496 1688
1496 1692
1497 1525
1497 1509
1498 1506
1499 1502
1499 1500
1500 2820
1501 1506
1501 1502
1502 1503
1504 1512
1504 1513
1504 1505
1504 1508
1506 1507
1507 1515
1508 2563
1509 1516
1509 1518
1510 1527
1510 2550
1510 1511
1511 2551
1511 2553
1512 2556
1514 1517
1514 1515
1515 1516
1516 1517
1517 1518
1519 1543
1519 1525
1520 1522
1521 1522
1522 1523
1523 1525
1523 1524
1526 2090
1526 2304
1529 1533
1529 2089
1529 1530
1530 1544
1530 1531
1531 1650
1531 1647
1532 1533
1532 1650
1532 1536
1533 1534
1535 3099
1536 1653
1536 1655
1537 1539
1537 1542
1537 1549
1538 1542
1538 1546
1538 1647
1539 1540
1539 1541
1540 1541
1541 1548
1542 1544
1543 1544
1545 1546
1545 1547
1545 1549
1546 1634
1547 1548
1548 1549
1550 1551
1550 1639
1550 1625
1552 2557
1552 2561
1552 2566
1553 2192
1553 2197
1553 2191
1554 2199
1554 2193
1554 1992
1556 1557
1557 1558
1557 1559
1559 2341
1559 1560
1560 1561
1560 2993
1561 1563
1561 1564
1562 1563
1563 1564
1564 1566
1565 1566
1566 2746
1567 1568
1568 2985
1570 1571
1572 2630
1572 2631
1573 2621
1573 1575
1573 2630
1574 1577
1575 1577
1575 1576
1577 1578
1579 2875
1579 1580
1580 1581
1581 2875
1582 1585
1582 1583
1582 2730
1583 1584
1583 1586
1584 1586
1584 1585
1585 2204
1586 1589
1587 1590
1587 1588
1587 1589
1588 1589
1588 1590
1590 1591
1591 2729
1591 1592
1593 1594
1593 2928
1593 1807
1595 1942
1595 1596
1595 1925
1596 1895
1596 1814
1597 1598
1597 1897
1597 1895
1598 1599
1598 1601
1599 1827
1599 1826
1600 1817
1600 1601
1600 1826
1601 1814
1602 1603
1602 1791
1602 2324
1603 1604
1603 1823
1603 1827
1604 1605
1604 1791
1605 1818
1605 1606
1605 1820
1606 1795
1606 1793
1606 1607
1607 1819
1607 2083
1608 1611
1608 1609
1608 3115
1609 1610
1610 1611
1611 2322
1612 1613
1612 2498
1612 2161
1613 1614
1614 2497
1615 1616
1615 2353
1615 3093
1616 1617
1616 2922
1617 1618
1618 2321
1618 2320
1619 1620
1619 1644
1620 1637
1621 1644
1621 1669
1622 1631
1622 1669
1622 1645
1623 1627
1623 1658
1623 1646
1623 1663
1624 1646
1624 1625
1624 1640
1624 1626
1625 2652
1626 1628
1626 1630
1627 1631
1627 1628
1627 1666
1628 1629
1628 1646
1629 1630
1629 1645
1629 1631
1630 1639
1631 1670
1632 1636
1633 1634
1634 1635
1635 2843
1636 2843
1636 1638
1637 1644
1637 1645
1638 2843
1639 1645
1641 1642
1642 1643
1643 1682
1643 2900
1643 1644
1647 1648
1648 1649
1648 2656
1649 1652
1649 1651
1650 1652
1651 1725
1652 1653
1653 1654
1654 1655
1654 1725
1655 3102
1656 2668
1656 3082
1656 2670
1657 3081
1657 2668
1658 1664
1658 1661
1658 2661
1659 1660
1659 1661
1659 2661
1660 2994
1660 1661
1662 1663
1663 1664
1664 2499
1665 2164
1665 2497
1665 1666
1666 1727
1666 2165
1667 1678
1667 1677
1667 1674
1668 1676
1668 1674
1668 1673
1668 1727
1669 1670
1670 1676
1671 1678
1671 1673
1672 2602
1672 1673
1673 1674
1674 1675
1675 1676
1675 1677
1678 1679
1679 1680
1679 1681
1680 3018
1681 1682
1682 1701
1683 1685
1683 2228
1683 1771
1684 1685
1684 1686
1684 2228
1685 1781
1686 1687
1687 2086
1687 1744
1688 2086
1689 2086
1689 1690
1689 1691
1690 1720
1690 1694
1691 1743
1691 1747
1691 1741
1692 2087
1692 1693
1693 1694
1693 1698
1695 1696
1696 2088
1697 2087
1697 2088
1698 1716
1698 2088
1700 3018
1700 1733
1700 1701
1702 1705
1702 1703
1703 1733
1703 1704
1703 1732
1704 1705
1704 1706
1706 1737
1707 1710
1707 1708
1707 1737
1708 1709
1708 1711
1709 1712
1710 1711
1710 1713
1711 1714
1711 1719
1712 1723
1712 1719
1713 1749
1713 1714
1713 1747
1714 1720
1714 1718
1715 1721
1715 1723
1715 1718
1716 1721
1716 1717
1717 1720
1717 1718
1718 1719
1721 1722
1723 1724
1726 1945
1727 2602
1728 2190
1729 2190
1729 1730
1729 2492
1730 1738
1730 1732
1731 1738
1731 1749
1731 1736
1732 1734
1732 2188
1733 2186
1734 1735
1734 1736
1735 1735
1736 1737
1736 1738
1739 2777
1740 1742
1740 1774
1740 1745
1741 1742
1741 1744
1742 1743
1744 1745
1745 1779
1745 1780
1746 1747
1746 1748
1746 1773
1748 1757
1748 2491
1748 1749
1750 1757
1750 1751
1751 1752
1751 1754
1752 1775
1752 1757
1753 1754
1753 1776
1753 1775
1754 2430
1754 3027
1755 1946
1755 1771
1756 1944
1756 1772
1756 2547
1756 1946
1756 1947
1757 2491
1758 1763
1759 1769
1759 1763
1759 1762
1760 1769
1760 1772
1760 1761
1761 1762
1761 2547
1762 3027
1763 1765
1764 1781
1764 1765
1764 1780
1764 1779
1765 1767
1765 2316
1766 1767
1767 1768
1769 1770
1771 1772
1773 1775
1774 1776
1776 1779
1777 1778
1780 1781
1782 1786
1782 1783
1783 2447
1783 1785
1784 1785
1784 1786
1784 3114
1785 1786
1785 2320
1786 1787
1788 2921
1788 3012
1788 2514
1788 3115
1789 1792
1789 1790
1790 3115
1791 1795
1791 2323
1792 1793
1793 1794
1794 1795
1796 2239
1796 1797
1796 3098
1797 3098
1797 3107
1798 1799
1798 2014
1799 1800
1799 1851
1800 1843
1800 1844
1801 1844
1801 1846
1801 2285
1802 2055
1802 2056
1802 2287
1802 2034
1803 2085
1803 2658
1804 2490
1805 1891
1805 1812
1805 1809
1806 1809
1807 1808
1808 2927
1808 1892
1809 1890
1809 2655
1810 2084
1810 1811
1810 1828
1811 1832
1811 1812
1812 1889
1813 1892
1813 1814
1814 1893
1815 1825
1815 1817
1815 1816
1816 1831
1817 1824
1818 1824
1818 1819
1819 1829
1820 1821
1820 1823
1821 1824
1821 1822
1822 1826
1822 1823
1824 1825
1825 1829
1828 1831
1828 1829
1828 1830
1830 2654
1830 1831
1832 1833
1832 2653
1834 1835
1834 1836
1834 2912
1835 1846
1835 2470
1835 1845
1836 1857
1836 1855
1837 2914
1837 1839
1837 1857
1838 1845
1838 1839
1838 1843
1839 1840
1840 1842
1840 1847
1841 2910
1841 2913
1841 2851
1844 1845
1846 2605
1847 1993
1847 1850
1848 1993
1848 1849
1848 1994
1849 2216
1850 1856
1855 1856
1855 2916
1856 2915
1857 2437
1858 1861
1858 2524
1859 1860
1861 2524
1863 1864
1865 1866
1866 2698
1866 2469
1867 1868
1867 2009
1869 2604
1872 2013
1872 1873
1874 1879
1875 2427
1875 1876
1876 1877
1877 1878
1879 1879
1880 1881
1882 1883
1884 2356
1886 2874
1886 2699
1887 2376
1887 2699
1888 1889
1890 1891
1892 1893
1893 1894
1894 1942
1895 1896
1896 1925
1897 1898
1898 1899
1899 1900
1899 1902
1900 1912
1900 2543
1901 1907
1901 1903
1901 1905
1901 1902
1902 1903
1902 1908
1903 2544
1904 1905
1904 2082
1904 2540
1905 1906
1905 2081
1906 1907
1906 2080
1907 1908
1909 1910
1909 1915
1910 2545
1910 1912
1911 1951
1911 2220
1911 1928
1911 2222
1912 1913
1912 1920
1913 1915
1913 1933
1913 1914
1914 1921
1914 2905
1914 1939
1915 2411
1916 1933
1916 1917
1916 1918
1917 1920
1917 2768
1918 1921
1918 2768
1919 1931
1919 1928
1919 2768
1920 1928
1921 1939
1921 1929
1922 1939
1922 1930
1922 2992
1923 1940
1923 1937
1923 1930
1924 2484
1924 1927
1924 2223
1924 2220
1925 1926
1926 1927
1926 2483
1927 1928
1929 1935
1929 1930
1929 1931
1931 1932
1933 1934
1935 1936
1935 1937
1936 2222
1936 1950
1936 1938
1937 1938
1938 2489
1940 1941
1942 2485
1943 2485
1943 2416
1944 2035
1944 1945
1944 1946
1944 1947
1947 2542
1948 2488
1948 1952
1948 2070
1949 2014
1949 2482
1950 2489
1950 2221
1951 2221
1951 2017
1951 2072
1952 2484
1952 2223
1953 2701
1953 2700
1953 2524
1954 1998
1955 1996
1955 1995
1955 2471
1956 2978
1957 2032
1957 1958
1957 2035
1958 2542
1958 3094
1959 2045
1959 3094
1959 2907
1960 2048
1960 2031
1960 2907
1961 2287
1961 2031
1961 2200
1962 1963
1964 1965
1966 1967
1966 2870
1966 1989
1967 1968
1967 3007
1968 1969
1968 1986
1969 1970
1969 1971
1970 2784
1972 3096
1972 1973
1973 1974
1973 1975
1974 1978
1974 1979
1976 1977
1977 3069
1978 2278
1978 3069
1979 1983
1979 1980
1979 1982
1980 1981
1980 2786
1984 2278
1985 2279
1985 1986
1985 1991
1986 1987
1988 1989
1988 1990
1991 2279
1991 2130
1993 1994
1994 1995
1995 2217
1996 1997
1996 1998
1998 2006
1998 1999
1999 2000
1999 2001
2000 2002
2000 2001
2003 2006
2003 2693
2004 2691
2007 2058
2007 2008
2007 2881
2008 2009
2008 2010
2009 2011
2011 2880
2012 2013
2014 2285
2015 2891
2016 2017
2016 2471
2016 2067
2017 2891
2018 2019
2018 2478
2019 2020
2020 2021
2020 2029
2021 2034
2021 2062
2022 2023
2022 2024
2022 2032
2024 2026
2024 2907
2025 2026
2026 2028
2027 2028
2028 2060
2030 2031
2032 2033
2034 2037
2035 2036
2037 2040
2037 2038
2039 2291
2039 2040
2039 2047
2040 2053
2041 2042
2042 2044
2043 2044
2044 2767
2046 2061
2047 2050
2047 2051
2048 2061
2048 2062
2049 2053
2051 2053
2051 2052
2055 2056
2056 2288
2057 2058
2057 2059
2057 2287
2061 2062
2063 2072
2063 2064
2063 2220
2063 2223
2064 2071
2064 2065
2065 2066
2065 2074
2066 2068
2066 2067
2068 2069
2068 2071
2069 2071
2069 2070
2072 2073
2073 2074
2075 2096
2078 2518
2079 2646
2079 2643
2080 2081
2080 3027
2080 2324
2081 2082
2082 2539
2083 2084
2084 2235
2085 2694
2091 2196
2091 2844
2091 2198
2092 2198
2092 2315
2093 2554
2093 2555
2094 2203
2094 2183
2095 2328
2097 2100
2098 2105
2098 2115
2098 2102
2099 2118
2099 2102
2100 2115
2100 2101
2102 2103
2104 2115
2105 2106
2105 2116
2107 2202
2108 2202
2109 2275
2109 2110
2110 2111
2110 2116
2111 2128
2111 2125
2112 2125
2113 2127
2113 2114
2113 2128
2116 2121
2117 2202
2117 2118
2117 2120
2118 2454
2119 2202
2120 2121
2120 2775
2121 2122
2123 2126
2124 2126
2125 2126
2128 2129
2130 2131
2131 2134
2131 2132
2132 2133
2132 2137
2135 2279
2135 2136
2136 2137
2136 2141
2137 2138
2138 2139
2138 2140
2141 2142
2141 2143
2144 3144
2144 2145
2144 3147
2145 3148
2145 3145
2146 2379
2146 2935
2147 2933
2147 2934
2148 2149
2149 3079
2149 2205
2150 2345
2150 2151
2151 2152
2151 2410
2153 2327
2153 2328
2154 2155
2154 2525
2156 2929
2156 2928
2157 2927
2158 2571
2159 2878
2160 3025
2160 3042
2162 2163
2164 2497
2165 2497
2165 2499
2167 2205
2167 3079
2168 3029
2169 3029
2169 3028
2171 2172
2175 2212
2175 2801
2176 2212
2176 2797
2177 2575
2177 2573
2178 2438
2178 2580
2180 2181
2182 2183
2182 2871
2184 2271
2184 2185
2185 2331
2186 2187
2186 2188
2187 2189
2187 3018
2188 2189
2189 2190
2191 2194
2191 2552
2192 2194
2192 2196
2193 2199
2193 2548
2194 2195
2195 2199
2197 2558
2197 2198
2201 2992
2203 2569
2205 2763
2206 3000
2206 3001
2206 3128
2208 2377
2208 2211
2208 2876
2209 2415
2212 2801
2213 2214
2215 2910
2216 2217
2219 2360
2221 2222
2225 2756
2225 2227
2226 3046
2226 2754
2229 2231
2229 2233
2229 2232
2230 2231
2231 2234
2232 2233
2235 2236
2235 2512
2237 2660
2238 2976
2238 2465
2238 2241
2239 2626
2239 2791
2240 2242
2240 2465
2240 3109
2241 3111
2241 3112
2242 2792
2242 3109
2243 2370
2244 2244
2246 2361
2246 2975
2247 2248
2247 2520
2248 2519
2248 2520
2250 2723
2250 2255
2250 2260
2251 2256
2251 2262
2251 2254
2252 2259
2252 2257
2252 2263
2253 2255
2254 2259
2255 2723
2256 2262
2257 2263
2258 2276
2261 2264
2263 2265
2265 2266
2267 2268
2270 2857
2272 2884
2272 2857
2273 2274
2273 2857
2274 2857
2275 2714
2275 2454
2277 3062
2278 3069
2281 2314
2281 2283
2282 2392
2282 2284
2282 2283
2283 2314
2284 2392
2286 2579
2286 2580
2286 2576
2286 2438
2288 2291
2289 2633
2289 2385
2290 2342
2291 2658
2293 2384
2293 2389
2294 2742
2295 2358
2295 2334
2296 3016
2297 3017
2297 3016
2297 2381
2298 2299
2300 2301
2302 2304
2302 2303
2303 2304
2305 2306
2308 3126
2308 2536
2308 2537
2308 3125
2309 2753
2309 2400
2318 2627
2318 2414
2318 2629
2320 2447
2321 2330
2322 2323
2323 2430
2324 2430
2329 2329
2333 2651
2333 3025
2334 2358
2334 2850
2335 2337
2335 2336
2336 2337
2338 2609
2338 2919
2339 2340
2339 2445
2340 2508
2340 2513
2341 2993
2343 2344
2345 2349
2346 2350
2346 2348
2346 2800
2347 2350
2347 2352
2348 2797
2348 2855
2349 2352
2349 2410
2351 2854
2351 2800
2351 2796
2352 2410
2355 2400
2355 2398
2357 2917
2359 2678
2359 2360
2359 2737
2360 2737
2361 2878
2362 2363
2363 2364
2364 2365
2364 2690
2366 2368
2366 2367
2367 2368
2371 2772
2372 2585
2372 2592
2372 2736
2372 2589
2373 2885
2374 2481
2375 2862
2377 3132
2378 2876
2378 3135
2379 2935
2380 3015
2382 2391
2382 2388
2382 2384
2383 2414
2383 2818
2383 2386
2383 2388
2383 2627
2384 2389
2385 2633
2385 2608
2386 2627
2387 2414
2387 2391
2388 2818
2389 2390
2390 2632
2391 2414
2392 2393
2393 2615
2393 2621
2394 2395
2394 2852
2395 2852
2395 2836
2396 2925
2396 2462
2396 2926
2398 3021
2398 2400
2398 2617
2399 2979
2399 2406
2401 2403
2401 2404
2402 2614
2402 2403
2404 2616
2404 2618
2405 2812
2406 2753
2407 2408
2407 3127
2409 3009
2411 2905
2411 2546
2412 2413
2417 2419
2418 2581
2425 2428
2425 2426
2426 2429
2427 2429
2427 2738
2428 2738
2431 2432
2433 2718
2433 2741
2434 2741
2435 2718
2435 2566
2436 3145
2436 3146
2437 2914
2437 2916
2438 2580
2438 2574
2439 2780
2440 2780
2441 2827
2441 2442
2444 2445
2446 2922
2446 2500
2446 2447
2448 2449
2450 2681
2450 2538
2451 2463
2451 2825
2452 3096
2453 3015
2454 2712
2455 2456
2457 3076
2457 2458
2458 2459
2459 2460
2459 2463
2460 3077
2460 3076
2461 3077
2461 2825
2462 2463
2464 2626
2464 2465
2464 2792
2466 2468
2466 2788
2466 2467
2466 2908
2467 2468
2467 2607
2468 2909
2469 2989
2470 2607
2470 2605
2471 2472
2474 2476
2474 2826
2475 2886
2476 2827
2477 2594
2477 2598
2479 2906
2482 2487
2483 2488
2483 2484
2485 2488
2486 2487
2486 2489
2490 2929
2491 2492
2493 2908
2493 2911
2493 2912
2495 2991
2495 2990
2496 2794
2497 2498
2498 2499
2500 2922
2502 3093
2503 3093
2504 2507
2504 2511
2505 2515
2505 2510
2506 2514
2506 2921
2506 2512
2507 2510
2507 2511
2508 2509
2509 2512
2510 2511
2510 3014
2513 2514
2516 2829
2516 2517
2517 2812
2518 2637
2518 2638
2519 2904
2521 2890
2521 2788
2522 2962
2522 3070
2523 2851
2523 2960
2523 2890
2526 2531
2526 2532
2526 2527
2527 2758
2527 2528
2527 2999
2528 2531
2529 2999
2530 2532
2533 2537
2533 2534
2533 2856
2534 2856
2535 2852
2535 2571
2536 2918
2537 2918
2539 2546
2539 2540
2539 2547
2540 2544
2541 2545
2541 2543
2541 2544
2542 2547
2542 2546
2543 2545
2548 2551
2548 2552
2549 2550
2549 2551
2550 2551
2551 2552
2551 2553
2554 2561
2554 2555
2555 2558
2555 2561
2555 2562
2556 2560
2556 2564
2557 2565
2557 2559
2558 2562
2559 2560
2559 2565
2559 2561
2559 2562
2560 2562
2560 2564
2563 2564
2563 2565
2567 2568
2567 2569
2567 2663
2570 2688
2571 2852
2572 2574
2572 2573
2572 2575
2574 2575
2576 2577
2577 2578
2578 2579
2579 2580
2582 3085
2582 2583
2583 3084
2584 3084
2584 3085
2585 2592
2586 2591
2586 2595
2587 2853
2588 2589
2590 2736
2590 2853
2591 2595
2591 3044
2592 2595
2592 2596
2593 2594
2594 3044
2595 2853
2596 2736
2596 2853
2597 2599
2597 2598
2598 2600
2599 3119
2599 2600
2601 2657
2603 3019
2603 3024
2604 2605
2604 2606
2605 2607
2606 2607
2608 2818
2609 2610
2611 2804
2612 3159
2613 2618
2613 2979
2613 3020
2613 3021
2614 2622
2614 2619
2614 2615
2615 2980
2615 2621
2616 2618
2617 2996
2617 2980
2617 3020
2617 3021
2618 3020
2619 2622
2620 2625
2620 2623
2621 2622
2622 2628
2623 2624
2624 2625
2626 3105
2628 2629
2628 2630
2629 2631
2630 2631
2632 2633
2635 2636
2638 2995
2638 2639
2640 2981
2642 2685
2645 2646
2646 2647
2647 2648
2649 2829
2649 2830
2651 2828
2651 3026
2652 2673
2653 2655
2653 2654
2654 2655
2659 2890
2659 2961
2659 2660
2664 2952
2666 2671
2666 2674
2666 3081
2667 2669
2667 2670
2667 2672
2668 3082
2669 2670
2670 2671
2671 3082
2671 2672
2672 2673
2673 2674
2676 3109
2676 2752
2676 3108
2678 2679
2681 2840
2683 2686
2683 2684
2683 2689
2684 2685
2684 2686
2684 2689
2685 2887
2687 3095
2689 2887
2691 2693
2695 2899
2695 3008
2701 2702
2702 2703
2702 2704
2703 2704
2703 2705
2704 2705
2705 2706
2707 2708
2708 2709
2708 2710
2711 2713
2714 2715
2714 2716
2719 2946
2719 2720
2719 2950
2719 3136
2720 2950
2721 2951
2721 2945
2721 2943
2723 2724
2725 2726
2726 3034
2730 2731
2734 2735
2737 2986
2739 2937
2739 2939
2743 3058
2743 3116
2743 2744
2744 3052
2745 2987
2745 2746
2747 2872
2747 2750
2747 3110
2748 2789
2748 2749
2748 2750
2749 3112
2749 2790
2750 3110
2751 3110
2751 2752
2751 3108
2752 3111
2754 3057
2754 2755
2755 2756
2755 2757
2756 2757
2756 3057
2758 2999
2759 2760
2761 2762
2766 2767
2773 3089
2774 3089
2774 3088
2778 2779
2780 2781
2785 2845
2785 2869
2789 3071
2789 2790
2790 3070
2791 3108
2791 2792
2793 2958
2794 2795
2794 2892
2796 2798
2796 2854
2797 2799
2798 2799
2798 2801
2799 2855
2799 2854
2800 2855
2802 2803
2804 2808
2804 2805
2806 2807
2807 2809
2808 2809
2811 2813
2812 2813
2813 2814
2815 2816
2815 2932
2816 2869
2817 2926
2820 2821
2820 2847
2821 2823
2821 2822
2826 2827
2828 3026
2829 2830
2831 2832
2832 2845
2833 3104
2833 3064
2834 2868
2836 2837
2836 2839
2837 2838
2838 2839
2840 2841
2841 2842
2846 2847
2846 2848
2847 2849
2848 2849
2851 2866
2851 2960
2854 2855
2858 3034
2859 2860
2861 2862
2861 2863
2861 2917
2862 2863
2863 2864
2864 2865
2864 2866
2865 2867
2865 2866
2867 3072
2867 3071
2869 2932
2871 2923
2872 2872
2873 2903
2874 3134
2874 3133
2877 2975
2880 2882
2880 2881
2881 2882
2886 2964
2891 3103
2892 3079
2893 3083
2894 2896
2895 2896
2896 2898
2896 2897
2901 3066
2901 3065
2902 3067
2902 3065
2902 3066
2903 3065
2903 3067
2904 2904
2905 2992
2905 3094
2908 2909
2909 2911
2911 2912
2914 2915
2915 2916
2921 3115
2925 2926
2928 2929
2930 2931
2930 2932
2931 2932
2933 2934
2936 2937
2938 2939
2940 2941
2942 2944
2942 2950
2942 2947
2943 2948
2943 2952
2943 2944
2944 2945
2945 2950
2946 3091
2946 3092
2946 2947
2947 2948
2948 2954
2948 2956
2949 2956
2951 2952
2953 3121
2954 3124
2954 3121
2955 2957
2956 2957
2957 3124
2958 2959
2960 2961
2962 3072
2964 2965
2964 3033
2966 2969
2966 2967
2966 3031
2967 2968
2967 3032
2968 2971
2968 2969
2969 2970
2970 3030
2971 2972
2976 2976
2977 2978
2978 3106
2979 3021
2980 3020
2982 2983
2982 3011
2984 2985
2986 2987
2995 2998
2995 2996
2997 2998
3000 3001
3001 3002
3003 3004
3005 3127
3009 3010
3013 3014
3019 3024
3025 3042
3030 3031
3031 3032
3032 3033
3035 3036
3035 3038
3036 3037
3039 3039
3039 3041
3040 3041
3043 3052
3043 3049
3045 3049
3045 3055
3045 3059
3046 3047
3046 3051
3047 3048
3047 3051
3048 3059
3049 3055
3050 3053
3050 3058
3051 3054
3051 3056
3052 3053
3052 3055
3053 3056
3053 3055
3054 3055
3054 3056
3054 3059
3058 3117
3060 3061
3062 3063
3063 3064
3065 3066
3070 3071
3070 3072
3071 3072
3073 3074
3076 3077
3081 3082
3084 3085
3086 3090
3086 3088
3087 3088
3087 3089
3087 3090
3091 3128
3092 3136
3095 3098
3096 3097
3099 3102
3099 3100
3100 3101
3100 3102
3105 3107
3105 3106
3106 3107
3111 3112
3113 3115
3113 3114
3114 3115
3116 3118
3116 3117
3117 3119
3118 3119
3121 3128
3121 3123
3122 3123
3123 3124
3125 3126
3129 3130
3131 3132
3132 3134
3138 3139
3139 3140
3140 3141
3141 3143
3142 3146
3142 3143
3142 3144
3143 3146
3144 3145
3145 3146
3147 3148
3149 3155
3149 3150
3149 3153
3149 3156
3149 3157
3150 3155
3151 3154
3151 3152
3152 3153
3152 3158
3153 3158
3153 3156
3154 3158
3155 3157
3157 3158
3158 3159
