0 567
1 928
1 2
1 691
2 3
2 692
2 839
3 51
3 692
4 693
4 831
4 832
5 818
5 85
5 205
6 695
6 25
6 839
6 791
7 8
7 695
7 796
8 29
8 9
9 29
9 691
10 248
10 105
10 139
10 52
11 673
11 148
11 52
12 44
12 282
12 325
12 411
13 926
13 326
13 420
14 15
14 125
15 124
15 151
15 122
16 182
16 17
16 124
16 133
17 118
17 181
18 243
18 318
18 906
18 292
19 26
19 272
19 27
20 27
20 748
21 629
21 619
21 190
21 633
22 37
22 632
22 938
23 24
23 81
23 78
24 931
24 73
25 78
25 73
26 28
26 585
27 28
28 345
29 329
30 793
30 31
30 203
31 203
31 933
32 202
32 104
32 205
33 938
33 622
33 38
34 363
34 161
34 176
35 202
35 933
35 700
36 700
36 791
36 793
37 256
37 240
38 41
38 240
39 421
39 152
40 618
40 620
40 935
41 42
41 620
42 935
42 936
43 260
43 416
43 45
43 410
44 286
44 413
45 260
45 403
45 803
46 275
46 47
47 330
48 274
48 275
48 826
49 688
49 828
49 827
50 832
50 788
50 51
51 832
52 56
52 55
53 93
54 375
54 93
55 338
55 344
56 142
56 143
57 669
57 657
57 58
58 657
58 294
59 659
59 132
59 651
60 362
60 370
60 354
61 370
61 62
61 362
62 359
62 365
63 359
63 364
63 610
64 66
64 423
64 752
65 365
65 752
65 610
66 610
66 422
67 486
67 68
68 494
68 69
69 476
69 70
69 297
70 490
70 238
70 71
71 543
71 514
72 236
72 543
72 539
73 796
74 166
74 242
74 156
75 83
75 76
75 170
76 83
76 241
77 187
77 168
77 835
77 155
78 79
79 80
79 203
79 698
80 81
80 698
80 699
81 697
82 568
82 571
82 167
83 116
83 197
84 159
84 363
84 940
85 205
85 831
86 584
87 281
87 942
87 88
89 99
89 97
89 91
90 92
90 97
91 98
91 149
92 342
92 344
93 330
94 136
94 96
94 761
94 146
95 130
95 96
95 583
97 670
98 99
98 100
99 671
100 101
100 671
101 672
101 102
102 150
102 338
103 672
103 680
103 670
104 129
105 245
105 693
105 206
106 684
106 788
106 685
106 787
107 111
107 110
107 108
108 318
108 109
109 280
109 110
110 324
111 243
111 727
111 318
112 777
112 906
112 113
113 114
113 321
114 117
114 115
114 178
115 116
115 121
116 196
117 181
117 118
118 777
119 757
119 120
119 243
120 374
120 758
121 123
121 181
122 123
122 183
123 183
124 182
125 794
125 127
126 128
126 151
126 863
127 151
127 128
128 129
129 204
130 315
131 198
131 132
131 133
132 374
133 374
134 664
134 135
134 652
135 136
135 419
136 676
137 293
137 652
137 138
138 317
138 758
139 143
139 656
140 141
140 665
140 144
141 673
141 142
142 914
143 669
144 148
144 145
145 676
145 146
146 149
147 150
147 795
147 148
149 150
152 732
152 153
153 154
153 157
155 180
155 195
156 647
156 764
156 170
157 158
157 733
158 732
158 731
159 356
159 176
160 257
160 615
160 161
161 712
161 624
162 163
162 165
162 637
162 869
163 641
163 855
164 855
164 619
164 257
165 630
165 193
165 191
166 170
166 890
167 637
167 630
167 169
168 185
168 194
169 568
169 170
169 572
171 647
171 649
171 643
172 800
172 634
173 174
173 950
173 895
174 175
174 732
175 895
175 615
176 356
177 801
177 178
177 321
178 180
179 197
179 196
179 835
180 196
182 183
184 194
184 724
184 185
184 186
185 186
186 187
187 764
187 763
188 628
188 640
188 642
189 242
189 645
189 643
190 192
190 242
191 192
191 635
191 890
192 193
193 629
193 869
194 195
194 277
195 802
197 763
198 863
198 862
199 823
199 822
200 701
200 698
200 794
201 794
201 202
201 698
204 862
204 206
205 206
207 457
207 473
207 233
207 905
208 233
208 472
208 457
209 211
209 217
209 210
210 902
210 894
211 212
211 768
213 219
214 233
214 215
214 232
215 217
215 894
216 219
216 227
216 225
217 218
218 219
218 220
220 232
220 225
221 927
221 765
221 766
222 223
223 227
223 224
224 766
224 768
225 235
226 235
226 228
226 837
227 836
228 558
228 550
229 472
229 474
229 501
229 476
230 778
230 780
230 501
230 779
231 780
231 551
231 491
231 503
232 778
234 491
234 781
234 355
235 781
235 779
236 567
236 497
237 239
237 498
237 484
238 498
238 504
239 551
239 498
240 256
244 249
245 684
245 249
246 252
246 251
246 247
247 250
247 249
253 577
253 259
253 273
254 622
254 939
254 712
254 257
255 290
255 577
255 579
255 915
256 640
258 259
258 710
258 614
260 803
261 807
261 382
261 268
261 270
262 390
262 384
262 807
263 264
264 399
264 382
265 749
265 750
265 748
266 414
266 373
266 267
267 418
267 416
268 380
268 382
269 388
269 384
269 398
269 812
270 815
270 391
270 803
271 812
271 815
271 403
271 810
272 286
272 415
273 603
273 578
274 824
275 341
276 388
276 393
276 730
277 278
277 379
277 386
278 319
278 279
279 322
279 292
280 316
280 811
281 282
281 286
282 284
283 301
283 305
283 287
284 417
284 285
285 325
285 326
287 308
288 420
288 762
288 580
289 291
290 829
290 291
291 915
292 316
293 294
293 653
294 840
295 849
295 848
295 483
296 298
296 299
296 464
297 868
297 465
298 465
298 454
299 849
299 892
300 931
300 328
300 930
301 312
301 310
302 308
303 305
304 307
305 308
306 312
306 313
306 311
307 311
307 312
309 314
309 313
309 311
313 580
316 318
317 756
317 727
319 730
319 320
320 386
320 393
321 322
322 906
323 327
323 326
323 325
323 324
324 411
328 819
328 329
329 819
330 333
331 339
331 337
331 344
332 680
332 336
332 344
333 343
333 341
334 339
335 376
336 338
336 679
337 339
337 789
340 341
341 825
342 375
342 376
346 506
346 526
346 507
347 609
347 354
347 357
347 784
348 602
348 593
348 377
349 887
349 752
349 350
350 612
350 751
350 353
351 352
351 607
351 587
352 605
352 588
353 596
354 358
355 552
355 550
356 895
357 782
357 361
358 368
358 361
358 370
359 365
360 366
360 708
361 713
362 911
363 941
364 367
364 368
366 865
367 718
367 368
369 718
369 708
369 857
371 805
371 372
371 373
372 391
372 728
373 749
375 376
377 607
377 598
378 388
378 398
379 395
379 724
380 725
380 381
380 392
383 390
384 398
385 391
386 395
387 728
387 405
387 737
389 394
390 397
393 394
394 395
396 399
396 406
396 401
399 400
402 407
402 403
404 838
404 408
405 729
405 406
406 729
407 410
408 745
408 838
409 729
410 413
411 413
412 838
412 412
414 415
416 418
418 804
419 760
419 420
422 441
422 424
423 433
423 436
425 444
425 433
425 426
425 436
426 447
426 435
426 439
427 437
428 437
429 442
429 430
429 450
430 446
430 442
431 943
431 439
432 445
433 438
434 445
434 435
434 450
435 436
437 445
438 443
438 441
439 440
440 446
440 447
441 734
442 446
443 443
445 864
447 449
447 448
450 451
452 754
452 463
452 459
453 462
453 461
453 455
454 468
454 464
454 465
455 473
455 460
456 471
456 477
456 475
457 471
458 477
458 462
458 893
459 905
459 900
460 892
460 462
463 892
463 754
464 893
464 474
466 893
466 475
466 477
467 473
468 478
468 476
469 471
469 472
469 475
470 474
470 478
476 503
479 480
479 482
479 483
480 481
480 483
484 502
485 488
486 492
486 507
487 492
488 493
488 515
489 495
490 493
490 494
491 553
492 495
493 494
495 500
496 504
496 885
496 543
496 881
497 886
497 850
499 502
499 551
499 504
500 515
500 506
501 503
505 511
505 509
505 532
506 507
508 527
508 515
508 512
509 834
509 542
510 512
510 511
510 516
511 536
512 514
513 535
513 539
513 834
514 516
516 536
517 528
518 770
519 867
519 521
519 533
520 533
522 530
522 531
522 529
523 875
523 525
523 867
524 540
524 859
524 858
526 909
526 650
527 870
527 531
528 531
528 530
530 774
530 875
532 540
532 537
533 907
534 548
534 535
535 538
536 547
537 549
537 542
538 542
538 549
539 544
540 545
541 549
541 546
541 548
544 544
550 555
552 852
552 886
553 844
553 843
554 852
554 843
554 842
555 567
555 557
556 558
556 557
556 564
557 566
558 563
559 561
559 566
559 562
560 564
560 816
560 561
561 566
563 927
563 564
565 567
568 574
569 570
570 879
570 573
571 574
571 697
572 821
572 574
573 799
573 848
575 577
576 578
578 785
580 583
581 582
582 583
582 759
584 926
584 942
585 924
585 942
586 587
587 612
589 604
590 607
590 598
590 599
590 605
591 783
591 593
591 595
592 601
592 602
592 604
593 603
594 910
594 611
594 600
595 602
595 609
595 606
596 605
596 599
597 604
598 599
600 910
600 606
604 608
606 609
611 913
611 612
613 940
613 865
613 735
613 941
614 618
614 616
615 775
616 624
616 735
617 618
617 625
617 936
618 624
619 626
620 627
621 632
621 633
621 937
622 939
623 937
623 626
623 633
624 627
625 936
627 939
628 645
628 631
629 869
630 637
631 634
631 639
631 642
632 640
634 649
636 641
638 641
639 643
639 645
642 644
644 800
644 648
646 647
648 649
651 840
651 659
652 662
653 662
653 663
653 657
654 658
654 659
654 656
655 656
657 914
660 677
661 668
661 914
661 665
662 664
663 664
663 914
665 666
666 677
667 669
670 675
671 675
672 675
673 674
678 679
679 680
681 683
681 686
682 685
682 686
682 684
685 789
686 687
688 934
688 690
689 787
689 788
689 934
691 694
692 830
693 831
694 695
694 839
696 699
696 879
696 820
697 699
699 701
700 790
701 820
702 703
702 879
702 930
704 879
705 712
706 716
706 713
707 710
707 709
707 716
708 715
709 719
709 715
710 786
711 714
713 888
714 716
714 717
715 723
717 889
717 723
718 889
719 720
720 865
721 888
722 723
725 728
725 726
730 811
734 947
734 946
735 941
736 737
736 741
736 747
737 741
738 744
738 743
738 746
739 740
739 744
740 742
740 744
741 743
742 747
742 745
743 746
745 747
746 750
748 749
749 750
753 754
755 757
755 756
755 758
756 757
757 878
759 918
759 919
760 917
760 923
761 920
761 921
762 916
762 922
763 764
765 766
765 928
765 929
767 798
767 768
767 903
769 773
769 771
769 770
770 908
771 773
771 774
772 773
774 859
776 777
778 779
780 781
782 786
782 784
784 785
785 786
787 934
789 792
791 793
797 819
797 900
797 898
801 802
805 805
806 808
806 809
806 807
810 813
810 812
811 813
812 815
813 814
816 817
817 877
818 839
818 830
820 821
821 822
824 826
824 828
825 827
825 826
827 828
830 839
833 834
835 861
836 837
840 841
843 845
844 881
844 845
845 846
847 849
847 848
850 885
850 884
851 884
851 853
851 882
852 853
853 854
855 856
859 860
862 863
866 867
871 874
872 874
873 874
873 875
873 876
880 881
883 885
884 886
887 913
887 912
888 889
890 891
894 904
896 899
896 898
896 903
897 899
897 898
897 901
899 902
900 901
901 904
902 903
904 905
907 909
907 908
908 909
910 911
911 912
912 913
916 923
916 922
917 921
917 923
918 922
918 919
919 920
920 921
925 926
927 929
928 929
930 931
932 933
935 936
937 938
940 941
943 948
943 945
944 946
944 949
944 950
945 948
945 947
946 947
948 949
949 950
