0 1480
0 36
0 2329
1 33
1 1480
1 2330
2 3
2 995
2 1469
3 4
3 1469
4 5
4 2315
5 1477
5 2432
6 7
6 1471
6 1474
7 8
7 1471
8 1470
8 2312
9 2923
9 2924
9 1460
9 2312
10 11
10 1604
10 2295
11 12
11 1602
12 13
12 1602
13 513
13 1711
14 15
14 2327
14 513
15 1464
15 2327
16 1604
16 1464
16 2281
17 1469
17 1472
17 1476
18 22
18 19
18 172
19 185
19 32
20 32
20 2945
20 21
21 24
21 2112
22 23
22 664
23 24
23 2529
24 2112
25 26
25 31
25 2527
26 27
26 2107
27 28
27 3096
28 45
28 29
29 30
29 50
30 3092
30 2968
31 666
31 2968
32 2946
33 37
33 57
34 35
34 2331
34 37
35 36
35 2331
36 2329
37 2584
38 51
38 1528
38 2354
39 2367
39 40
39 2366
40 2368
40 2371
41 2375
41 2374
41 2376
42 744
42 726
42 517
43 104
43 105
43 107
44 753
44 97
44 2404
45 46
45 50
46 2523
46 2522
47 48
47 665
47 2523
48 49
48 541
49 2526
49 2524
50 2526
51 2584
51 2353
52 2351
52 53
52 57
52 2350
53 54
53 57
54 55
54 2349
55 2352
55 2351
56 2354
56 2353
56 2352
58 2269
59 555
59 66
59 60
60 61
60 65
61 186
61 65
62 2518
62 540
62 63
63 64
63 169
64 65
64 169
66 114
66 2838
67 1461
67 2894
67 70
68 1834
68 1467
68 1461
69 1459
69 1001
69 1468
70 1459
70 1852
71 72
71 3051
71 149
72 112
72 191
73 359
73 2833
73 191
74 2914
74 2833
75 2836
75 347
75 76
75 79
76 77
76 230
76 2836
76 321
77 2150
77 214
78 373
78 2149
78 2150
79 348
79 2836
79 236
79 2149
80 213
80 373
80 381
80 382
81 3106
81 385
81 3104
81 374
82 83
82 374
82 372
83 163
83 385
84 85
84 86
84 97
85 92
85 367
86 97
86 87
87 93
87 100
88 93
88 92
88 2136
89 1802
89 2406
89 192
90 855
90 858
90 626
91 857
91 192
91 858
92 2136
93 100
94 627
94 98
94 99
95 98
95 96
95 2943
96 2939
96 2406
98 99
99 793
100 796
101 164
101 112
101 166
102 2139
102 2143
102 2261
103 105
103 106
103 753
104 2144
104 111
105 107
106 2404
106 2144
107 726
108 109
108 2953
108 197
109 110
109 2141
110 111
110 2145
111 2144
112 150
112 224
113 224
113 189
113 117
114 115
114 118
115 118
115 196
116 167
116 196
116 168
117 165
117 167
118 361
119 120
119 125
119 126
120 1763
120 1793
121 122
121 127
121 1763
122 123
122 127
123 124
123 208
124 125
124 208
125 126
126 545
128 130
128 593
128 961
129 132
129 130
129 144
130 143
131 3059
131 134
131 2463
132 136
132 411
133 594
133 3059
133 3092
134 2463
134 136
135 593
135 594
135 595
136 411
137 138
137 148
137 563
138 579
138 143
139 563
139 560
139 579
140 573
140 148
140 566
141 576
141 145
141 573
142 566
142 144
142 576
143 2462
144 588
145 146
145 417
146 418
147 419
147 417
147 2178
148 566
149 3051
149 212
150 220
150 355
151 355
151 154
151 3051
152 2397
152 1317
152 212
153 154
153 215
153 221
154 212
154 2390
155 2393
155 301
155 2392
156 2394
156 2396
156 2397
157 2396
157 2393
157 2395
158 942
158 888
158 2400
158 218
159 1316
159 2052
159 2385
160 161
160 1326
160 2384
161 162
161 243
162 1327
162 2383
163 216
163 387
164 2140
164 165
165 2140
166 2138
166 2139
167 168
168 189
169 1201
170 171
170 2111
170 185
171 2109
171 2111
172 185
172 2110
173 2917
173 3094
173 2123
174 455
174 2515
174 2115
175 176
175 183
175 184
176 2115
176 2563
177 178
177 2121
177 2566
178 179
178 2944
179 2120
179 2567
180 2119
180 450
180 2120
181 2121
181 1596
181 2119
182 2116
182 2516
182 2563
183 2946
184 2946
184 455
186 3096
186 2918
186 3095
187 2520
187 2521
187 188
187 2558
187 2559
188 2521
188 2560
189 1457
189 357
190 359
190 191
190 357
192 631
193 2519
193 2558
193 364
194 541
194 2559
194 539
194 2519
195 629
196 1457
197 2143
197 2261
198 2363
198 1234
198 1236
198 2360
198 2365
199 2929
199 2788
199 3062
200 2927
200 2926
200 3061
201 202
201 207
201 209
202 203
202 2102
203 204
203 2102
204 205
204 2259
205 206
205 2103
206 1776
206 2103
207 209
207 1776
208 209
210 681
210 515
210 641
211 365
211 676
211 2951
212 2391
213 372
213 214
214 375
214 373
215 2761
215 216
215 223
216 222
217 526
217 3050
217 277
218 2400
218 289
219 220
220 221
221 223
222 223
222 2138
224 225
226 3049
226 388
226 2471
227 229
227 888
227 356
228 377
228 3106
228 305
229 231
229 886
229 293
230 2146
230 320
230 377
231 274
231 313
232 326
232 292
232 329
232 274
233 2219
233 234
233 283
233 282
234 281
234 235
234 283
235 265
235 329
236 237
236 378
236 2148
237 349
238 331
238 270
238 275
239 1213
239 378
239 350
240 266
240 256
240 263
241 2151
241 244
241 1213
242 243
242 1251
242 339
243 338
243 294
244 251
244 350
245 345
245 247
245 249
246 248
246 350
246 247
247 349
248 249
248 340
249 341
250 2378
250 2152
250 1447
251 339
251 337
252 253
252 321
252 322
253 319
253 320
254 255
254 318
254 319
255 322
255 323
256 336
256 1249
257 258
257 301
257 309
258 310
258 285
259 275
259 260
259 265
260 284
260 332
261 332
261 284
261 333
262 295
262 268
262 267
262 271
263 264
263 333
264 267
264 331
265 330
265 284
266 295
266 267
268 2941
268 272
269 270
269 276
269 272
270 271
271 272
273 2942
273 294
273 2941
274 397
274 2475
275 276
276 330
277 327
277 279
278 327
278 3050
278 280
279 328
279 330
280 397
280 2386
281 282
281 291
282 290
283 284
285 356
285 311
286 290
286 315
286 287
287 2219
287 325
288 2834
288 2219
288 324
288 334
289 356
289 2398
290 291
290 314
291 292
292 313
293 312
293 313
294 297
295 2942
296 297
296 2051
296 2052
296 1333
297 298
298 2384
298 1316
299 2831
299 323
299 300
299 324
300 308
300 317
300 318
301 308
301 302
302 2478
302 303
302 307
303 2477
303 304
303 306
304 305
304 2471
304 2473
305 320
305 306
306 307
306 319
307 308
307 318
308 309
309 310
309 317
310 316
310 311
311 312
311 315
312 314
312 356
313 314
314 315
315 316
316 325
316 317
317 324
318 323
320 321
321 347
322 346
323 344
324 325
326 2386
326 328
327 328
327 3050
328 329
329 330
331 332
333 334
334 1249
334 342
335 336
335 342
335 341
336 1251
336 340
337 338
337 2152
338 2851
338 339
339 340
340 341
341 343
342 2830
342 343
343 344
343 345
344 2835
344 346
345 346
345 348
346 347
347 348
349 350
351 2379
351 2378
351 2851
352 353
352 1341
352 2379
353 354
353 1341
354 2381
354 2382
357 358
359 360
361 362
361 1201
362 1201
362 363
363 364
363 2914
363 540
364 932
364 2914
365 2142
365 2141
366 367
367 2967
368 371
368 2951
368 2954
369 2954
369 3101
369 2404
370 371
371 2967
372 375
373 2148
374 376
375 376
375 2146
376 2147
377 2147
378 2466
379 382
379 380
379 1208
379 2466
380 383
380 2773
381 384
381 3035
382 384
383 384
385 3103
386 387
386 2137
386 2387
387 388
388 389
389 2137
389 390
390 2473
390 2388
390 391
391 2389
391 2477
391 392
392 2391
392 2478
392 2392
393 2838
393 2839
393 2405
394 2402
394 2401
394 2403
395 902
395 396
395 943
396 542
396 931
397 398
398 2474
398 2472
399 400
399 2537
399 2536
400 401
400 2537
401 892
401 2538
402 2068
402 406
402 410
403 2994
403 420
403 2068
404 407
404 405
404 2993
405 406
405 407
406 410
407 408
408 409
408 1298
409 901
409 595
410 529
411 2228
412 2188
412 617
412 2231
413 2573
413 414
413 617
414 617
414 415
415 416
415 623
416 623
417 2271
418 419
418 2270
419 576
420 421
420 2068
421 2063
421 2064
422 520
422 519
422 2062
423 2692
423 2078
423 2691
423 2065
424 2495
424 2494
424 2696
425 2694
425 2695
425 426
426 2495
426 2697
427 2220
427 1834
427 2221
428 2224
428 429
428 2222
429 430
429 2222
430 2447
430 2452
431 2060
431 2385
431 522
432 2023
432 2060
432 1310
433 1306
433 1311
434 467
434 487
434 435
435 462
435 436
436 2776
436 487
437 2547
437 2546
437 2545
438 440
438 441
438 2557
439 449
439 440
439 2113
440 2113
441 2557
441 448
442 2112
442 2557
442 443
443 511
443 451
444 2250
445 446
446 1595
446 2743
447 2517
447 1596
447 2741
447 1595
448 449
448 2114
449 2114
450 2516
450 2120
451 2554
451 2553
451 2552
452 2554
452 511
452 661
453 2553
454 2118
454 456
454 2117
455 2515
456 2515
457 458
457 2544
457 486
458 493
458 459
459 463
459 2777
460 2541
460 467
460 466
461 499
461 2542
461 538
462 2542
462 465
463 464
463 2542
464 464
465 465
466 466
467 2966
468 469
468 473
468 472
469 471
469 470
472 500
472 2533
473 479
473 474
474 2758
474 475
475 481
475 476
476 481
476 477
476 509
477 483
477 510
477 478
478 485
480 484
481 484
482 483
483 484
485 486
486 2776
487 491
488 490
488 489
488 491
491 492
493 494
494 496
494 495
495 495
496 543
496 497
497 498
497 2840
498 498
499 499
500 507
500 508
501 2531
501 2540
501 2533
502 1599
502 542
502 1600
503 2530
503 1598
503 1597
504 1600
504 505
504 2539
505 2539
505 1598
506 507
507 2541
509 2758
511 2529
512 2122
512 2566
512 2571
513 1710
514 1326
514 1308
514 1327
515 745
515 676
516 692
516 517
516 709
517 682
517 737
518 679
518 711
518 745
518 737
519 1988
519 2065
519 2038
520 1935
520 2062
521 2083
521 2082
521 1968
522 2385
522 1316
523 2046
524 2048
525 2055
526 3052
526 2057
527 2056
528 2074
528 2069
528 2689
529 923
529 1268
530 974
530 890
530 1286
531 956
531 1297
531 1285
532 2990
532 976
532 1297
533 2990
534 1285
535 536
535 936
535 2067
536 2655
536 1918
537 2606
537 1850
537 2611
538 860
538 543
538 2539
539 541
539 544
540 2520
542 1600
543 927
543 544
544 2519
545 2943
545 2939
546 784
546 2744
546 547
547 549
547 553
548 554
548 550
548 552
549 551
549 553
550 554
550 2919
551 552
551 2132
552 2134
553 554
555 2838
555 556
555 786
556 786
556 557
557 791
557 771
558 2621
558 2619
558 3030
559 568
559 584
560 586
560 579
561 590
561 2650
561 567
562 592
562 568
562 582
563 2462
564 2181
564 584
564 583
565 575
565 2626
565 585
567 572
567 2182
568 582
569 581
569 2652
569 590
570 574
570 582
570 589
571 2460
571 2624
572 2182
572 574
573 588
574 589
575 2858
575 585
577 2624
577 591
577 578
578 2461
578 591
580 588
580 581
580 1481
581 587
583 2190
583 2858
584 2181
585 592
586 2459
586 2204
587 589
587 1481
590 2650
591 2625
592 2832
593 961
594 595
596 2186
596 2183
596 2187
597 2262
597 1897
597 1702
598 2699
598 1818
598 2698
599 1880
599 600
599 1886
600 1878
600 1829
601 1706
601 1709
601 2266
602 607
602 2458
602 2459
603 604
603 607
603 2457
604 605
604 2456
605 2458
605 2456
606 1692
606 2456
606 2460
607 2457
608 611
609 610
609 612
609 620
610 2583
610 2581
611 619
611 2576
612 620
612 614
613 2582
613 615
613 2583
614 616
614 621
616 619
616 621
618 623
618 2577
618 2575
619 2225
620 2230
621 2581
622 2575
622 2576
622 2578
624 1765
625 2133
625 627
625 2943
626 627
626 2106
628 629
628 2481
629 1779
630 2179
630 632
633 2748
634 857
635 638
635 645
635 640
636 649
636 2260
636 646
637 640
637 648
637 652
639 647
639 651
639 2368
639 2369
640 644
640 2855
641 684
641 649
642 650
642 651
642 1510
643 654
643 1513
643 1571
646 648
646 3036
647 2374
647 2376
647 651
647 2372
648 2948
649 767
650 654
650 1508
651 2218
652 654
652 1571
653 655
655 658
656 658
656 2364
656 1513
657 2855
657 1508
657 2856
659 767
659 2856
659 2855
660 661
660 2108
660 666
661 2108
661 666
662 663
663 1553
663 3094
664 2527
664 2528
665 2560
665 2522
667 793
667 749
668 741
668 680
668 742
669 708
669 699
670 683
670 744
670 688
671 704
671 722
671 1507
672 719
672 701
672 727
673 760
674 768
674 706
674 727
675 750
676 723
677 728
677 747
677 729
678 703
678 757
678 2735
679 692
679 713
679 1197
680 717
680 691
681 713
681 1199
682 2737
682 765
683 751
683 726
684 686
684 1196
685 702
685 2962
685 3009
686 767
686 712
687 698
688 704
688 746
689 705
689 729
689 732
690 746
690 762
690 694
691 749
691 796
692 737
692 733
693 755
693 714
693 724
694 702
694 735
695 697
696 715
697 2841
697 739
698 2511
698 762
699 752
700 765
701 3003
701 748
701 760
702 752
702 762
703 2735
703 761
704 1507
706 707
706 760
707 754
707 1630
709 733
709 764
710 2737
711 726
711 723
713 745
714 736
714 747
714 725
715 754
716 2736
716 764
716 761
717 740
717 732
718 724
719 2841
719 739
720 730
720 725
720 753
721 2737
723 745
724 747
725 2738
727 768
728 743
728 768
729 758
730 742
730 3058
731 752
732 741
733 1194
734 750
735 1630
735 746
736 743
736 1507
738 742
739 1506
741 755
743 766
744 765
748 750
748 756
753 2404
755 759
756 1506
757 763
757 2735
761 1244
763 1245
763 2376
764 1194
766 766
769 775
770 792
770 781
770 788
771 776
771 782
772 778
772 782
772 2176
773 787
773 2794
773 795
774 2792
774 780
774 779
775 777
775 799
776 784
777 793
777 792
778 800
778 797
779 790
779 780
780 789
781 2793
781 792
782 785
783 791
784 794
785 796
785 800
786 2839
787 795
787 1524
789 800
789 2790
791 798
795 1248
797 2792
797 1248
801 810
801 1552
801 852
802 844
802 817
802 830
803 806
803 843
803 2407
804 2795
804 818
804 2411
804 829
805 1550
805 834
805 2837
806 855
806 1548
807 825
807 1552
807 835
808 813
809 853
809 815
809 849
809 829
811 846
812 829
813 849
813 853
814 847
815 856
815 2407
816 2410
816 1545
816 825
817 850
817 834
818 853
818 1545
819 854
819 824
819 828
820 836
820 832
820 822
821 825
822 2746
822 2744
822 2748
823 849
824 842
824 851
825 2417
826 832
827 838
828 2749
828 837
830 833
830 3016
831 841
832 836
833 837
833 2837
834 2412
835 845
835 840
836 2875
837 846
837 2837
838 852
838 848
839 853
841 847
841 842
842 1549
843 852
843 2408
846 847
846 2795
847 1547
855 858
856 2957
856 857
859 922
860 885
860 868
861 1284
861 871
861 941
862 2989
862 922
862 878
863 924
863 928
863 899
864 1315
864 914
864 867
865 1312
865 2877
865 884
866 2878
866 1597
866 1599
867 3041
867 882
868 882
868 3041
869 2762
869 2763
869 2876
870 917
870 945
870 912
871 893
871 935
871 921
872 928
872 924
872 890
873 883
873 933
873 935
874 2757
874 2675
874 894
875 2403
875 897
875 940
875 942
876 904
877 1267
877 1284
877 1263
878 1284
878 906
879 942
880 886
880 913
880 1315
881 890
881 955
881 924
882 902
883 935
883 1267
884 908
884 896
886 916
887 2669
887 959
887 911
888 2480
889 899
889 937
889 920
891 1298
891 915
891 934
892 1312
892 931
893 1269
893 922
893 903
894 2532
894 2530
895 916
896 908
896 2472
897 914
897 910
898 1271
898 938
898 959
899 920
900 2673
900 1269
900 907
901 2212
902 2541
903 960
903 1264
904 2763
904 908
905 933
905 909
905 1265
906 938
906 2671
907 917
907 2675
909 921
909 1264
911 919
911 2156
912 930
912 2674
913 2538
913 943
914 3048
915 936
915 934
916 942
916 2480
917 2675
918 927
919 2211
919 2669
920 939
921 1264
923 3050
923 2762
925 2209
925 954
925 2655
926 2914
927 932
928 939
929 2671
929 2672
929 1271
930 2674
930 2673
931 2986
932 3041
933 1262
934 2209
936 2067
937 2665
937 1298
938 2670
939 1285
940 2833
940 1317
943 1315
944 952
944 974
944 2992
945 968
945 949
946 957
947 2988
947 1270
947 1272
948 958
948 970
948 967
950 962
950 2996
950 957
951 956
951 952
951 1296
952 964
953 979
953 969
953 975
954 2175
954 2655
955 980
955 970
956 1295
957 980
958 978
958 972
959 966
959 2670
961 969
963 2992
965 975
965 977
965 979
969 975
970 972
971 976
971 2987
972 973
974 1268
977 2175
977 979
980 1283
981 1087
981 983
981 1078
982 996
982 1099
982 985
983 1055
983 1083
984 1095
984 1083
984 1048
985 986
985 1054
986 1082
986 1091
987 2346
987 2345
987 2343
988 992
988 2339
988 2337
989 2329
989 993
989 992
989 995
990 2439
990 996
990 991
991 2346
991 992
993 994
993 996
994 1099
994 2331
995 2328
997 1018
997 1006
997 2151
998 1017
998 2490
998 1020
999 1014
999 1018
999 2380
1000 1001
1000 1396
1000 1009
1001 1468
1002 1012
1002 1011
1002 1356
1003 1019
1003 1395
1003 1396
1004 1451
1004 1394
1004 2429
1005 1007
1005 1356
1005 1010
1006 2151
1006 1008
1007 1015
1007 1013
1008 1014
1008 2377
1009 1396
1009 1391
1010 1016
1010 1224
1011 1254
1011 1012
1012 1016
1013 1356
1013 1017
1014 2377
1015 2482
1015 1020
1016 1224
1017 2490
1018 2380
1019 2429
1019 1395
1020 2482
1021 1391
1021 1451
1021 2429
1022 1056
1023 1092
1023 1070
1023 1043
1024 1071
1025 1040
1025 1032
1025 1042
1026 2784
1027 1072
1027 1053
1027 2357
1028 1028
1028 1049
1029 1076
1029 1060
1029 1043
1030 1542
1030 1047
1030 1085
1031 1089
1031 1100
1031 1074
1032 1042
1032 1082
1033 1048
1034 2950
1034 1060
1034 1092
1035 1101
1035 1051
1035 1093
1036 1073
1036 1063
1036 1052
1037 1061
1037 1052
1037 1073
1038 1087
1038 1052
1038 1078
1039 1055
1039 1068
1039 1083
1040 1057
1040 1090
1041 1048
1041 1489
1041 1594
1041 2788
1042 1086
1043 2759
1044 1059
1044 1073
1044 1063
1045 1080
1045 1528
1045 1064
1046 1065
1046 1088
1046 2950
1047 1089
1049 1100
1049 1089
1049 1530
1050 1062
1050 1087
1050 1056
1051 1170
1051 1054
1052 1526
1053 2357
1053 2356
1054 1082
1055 1097
1056 1084
1057 1079
1057 1544
1058 1084
1058 2725
1058 1102
1059 1069
1059 1063
1060 1065
1062 1062
1063 1102
1064 1072
1064 2355
1065 1098
1066 2728
1066 2726
1067 1075
1067 1074
1067 1093
1070 1590
1070 2362
1071 1096
1071 1534
1072 2355
1074 1531
1074 1085
1075 1100
1075 1077
1076 2728
1076 1095
1078 1601
1078 1097
1079 2780
1079 1543
1080 2356
1080 1565
1080 1528
1081 1522
1081 1081
1083 1527
1084 1094
1085 1543
1085 1542
1086 2920
1086 1533
1087 1094
1088 2784
1088 1098
1090 1531
1090 1534
1091 1544
1091 1095
1092 1522
1093 1115
1094 1102
1097 2730
1098 2727
1099 2440
1103 2285
1103 2296
1103 1148
1104 1157
1104 1169
1104 1183
1105 1462
1105 1730
1105 1135
1106 1179
1106 1124
1106 1149
1107 2426
1107 1108
1108 1122
1108 1182
1109 1149
1109 1124
1109 1155
1110 1136
1110 1175
1111 2275
1112 1170
1113 1151
1114 1157
1114 1176
1114 1190
1115 1166
1115 2721
1116 2985
1116 1179
1116 1128
1117 1146
1118 2430
1118 1134
1118 1149
1119 2425
1119 1151
1119 2313
1120 1142
1120 1180
1120 1537
1121 1161
1121 1155
1121 1141
1122 2425
1122 1129
1123 1536
1124 1136
1124 1171
1125 1139
1125 1152
1125 1166
1126 1184
1126 1185
1127 2288
1127 1177
1127 2713
1128 1179
1128 1188
1130 1153
1130 1313
1131 1151
1131 2290
1131 2293
1132 1606
1132 1158
1133 2274
1133 2275
1133 1186
1134 1162
1134 1172
1135 1173
1135 1731
1136 1161
1137 2314
1137 1181
1137 1479
1138 1162
1138 1176
1138 1182
1139 1174
1139 2921
1140 1161
1141 1183
1141 1175
1142 1178
1142 1152
1143 1163
1143 1313
1143 1183
1144 1189
1144 2313
1144 1181
1145 2434
1145 2438
1145 1191
1146 2426
1146 2985
1146 1162
1147 2778
1147 1156
1147 1168
1148 1603
1148 1606
1149 1169
1150 1185
1150 1150
1152 1160
1153 1314
1153 1180
1154 1478
1154 1165
1154 2310
1155 1191
1155 1169
1157 2427
1158 1462
1159 2425
1159 2985
1159 1184
1164 1537
1164 1536
1164 1167
1165 2310
1165 1189
1166 1178
1167 2439
1167 2344
1168 1180
1168 1178
1169 1172
1170 2439
1171 2340
1171 2342
1172 1176
1173 1731
1173 2285
1181 2314
1182 2714
1183 2434
1185 1188
1186 2284
1186 2280
1187 2311
1187 1731
1187 2303
1188 1473
1189 2313
1190 2715
1190 2718
1191 2434
1192 1193
1192 1197
1192 1194
1193 1195
1193 1196
1193 1198
1196 1199
1197 1199
1200 1626
1200 2451
1200 1869
1202 2546
1202 1204
1202 2861
1203 2543
1203 1204
1203 2525
1204 2561
1205 1208
1205 2772
1205 1209
1205 1214
1206 3057
1206 1214
1206 3056
1207 2772
1207 1233
1207 1210
1208 1212
1209 1210
1209 2773
1210 1573
1211 2380
1211 1445
1211 3057
1212 1213
1212 1214
1215 1229
1215 1221
1215 3057
1216 3055
1216 1225
1216 1232
1217 1231
1217 1222
1217 1230
1218 1221
1218 1230
1218 1229
1219 1455
1219 2492
1219 1222
1219 2348
1220 1230
1220 1224
1220 1231
1221 1357
1222 1226
1223 1233
1223 1225
1223 1229
1224 1448
1225 1228
1226 2216
1226 1228
1227 1448
1227 2348
1227 1231
1228 1229
1232 2216
1232 1573
1233 3056
1234 2362
1234 2367
1235 2360
1235 1237
1235 1236
1236 2362
1237 1239
1237 2357
1238 2364
1238 2363
1238 2361
1239 1521
1239 1517
1240 1247
1240 1244
1240 1246
1241 1243
1241 1242
1241 2153
1242 2856
1242 1243
1243 1246
1244 1246
1245 2153
1245 1247
1247 2153
1248 2176
1250 1251
1252 1253
1252 1255
1252 3043
1254 2753
1254 2752
1255 1261
1255 1256
1256 1444
1256 1259
1256 1260
1257 3042
1257 1352
1257 2752
1258 1352
1258 3043
1258 3042
1259 1445
1259 1357
1260 1337
1260 1447
1261 1337
1261 2997
1266 1267
1268 1281
1269 2673
1271 1272
1272 1274
1273 1275
1273 1274
1273 1700
1274 1290
1275 2464
1275 1280
1276 1278
1277 2676
1277 1280
1278 1279
1278 2464
1282 1283
1283 2845
1287 1288
1288 1290
1288 1291
1289 1292
1290 1323
1291 2255
1291 2256
1291 1325
1292 1293
1292 1321
1293 1294
1293 1319
1294 1323
1294 1320
1297 2990
1299 1300
1299 2469
1299 1301
1300 1301
1300 2066
1301 2470
1302 1303
1302 2066
1303 1304
1305 1310
1306 2021
1306 2023
1307 1311
1307 1309
1307 3081
1308 2135
1308 2697
1308 1310
1312 1583
1317 1318
1322 1323
1324 2255
1325 1329
1325 1330
1326 2384
1327 2383
1328 2044
1330 1331
1330 2547
1331 2550
1331 2556
1331 2129
1331 2555
1332 2549
1332 2129
1332 2551
1333 2468
1333 3052
1334 2998
1334 1336
1334 3002
1335 2135
1336 1339
1336 3002
1337 1341
1338 3002
1338 3000
1338 3001
1339 2135
1339 1340
1340 1340
1342 3001
1342 1354
1342 2999
1343 2486
1343 1346
1343 1345
1344 1388
1344 2484
1344 2483
1345 2486
1345 2487
1346 1361
1346 1355
1347 1355
1347 1351
1347 1348
1349 1354
1350 1360
1350 1359
1350 1354
1351 1352
1351 1353
1354 1358
1355 2490
1357 2753
1361 3047
1361 1367
1362 2486
1362 1377
1362 1365
1363 1369
1364 1375
1365 1369
1365 1377
1366 3047
1366 1375
1366 1372
1367 3046
1367 1371
1368 1370
1369 1373
1370 1375
1370 1374
1372 3045
1372 3046
1373 1376
1373 3044
1374 3047
1374 1412
1374 1382
1377 1381
1378 1386
1378 1382
1378 1415
1379 1384
1379 2782
1379 1383
1380 1383
1380 1387
1380 1384
1381 1389
1381 1388
1382 1423
1383 1389
1384 1425
1385 1387
1386 2782
1386 1393
1387 2755
1388 1389
1390 1432
1390 1425
1390 1397
1390 1429
1391 1451
1392 1399
1392 1394
1392 1432
1393 1409
1393 1410
1393 1418
1394 1414
1395 1432
1397 1410
1397 1426
1398 3045
1400 1410
1400 1400
1401 1420
1401 1413
1401 1417
1402 1409
1403 1405
1403 1414
1403 2482
1404 1411
1405 1453
1405 2712
1406 1423
1407 1409
1408 1427
1408 1415
1408 1420
1411 1413
1411 1427
1412 1412
1413 1419
1414 1427
1414 1454
1415 1420
1416 1452
1416 1456
1416 1453
1421 1423
1422 1437
1422 1424
1422 1433
1425 1426
1425 1433
1426 1428
1426 2969
1429 1435
1429 1430
1430 1434
1430 1435
1431 1434
1432 2971
1433 1442
1434 1438
1435 2971
1436 1437
1437 2755
1438 1440
1438 1443
1439 1441
1441 1442
1441 1443
1442 1443
1444 1446
1444 1445
1447 2377
1448 1449
1449 2712
1450 2493
1452 1454
1452 1453
1453 1456
1454 3053
1455 2493
1455 2214
1456 3054
1457 1458
1459 1852
1460 2922
1460 1465
1461 1467
1462 1730
1463 2304
1463 1466
1463 2922
1464 2281
1465 2304
1465 1604
1467 1468
1470 1476
1470 2924
1471 2314
1472 1475
1472 1476
1473 1474
1473 1477
1474 1477
1478 2311
1478 1479
1479 2311
1480 2330
1482 1706
1482 2271
1483 1701
1483 2270
1484 1486
1484 1491
1484 1493
1485 2373
1485 2371
1485 1488
1485 2375
1486 1490
1486 2504
1487 1491
1487 1490
1487 1492
1488 2371
1488 1497
1489 1494
1489 1588
1490 1492
1491 1493
1492 1494
1493 1499
1494 1774
1495 3005
1495 1496
1495 3009
1496 3009
1496 3007
1497 1502
1497 1504
1498 1501
1498 1500
1498 1505
1499 1504
1499 1501
1500 1503
1500 1505
1501 1504
1502 1505
1502 2375
1503 1503
1508 1509
1509 1510
1509 1511
1510 1511
1511 2854
1512 1554
1512 1574
1512 1581
1513 1558
1514 1556
1514 1563
1514 1558
1515 1578
1515 1521
1515 1518
1516 1522
1517 1582
1517 1519
1518 1520
1518 1521
1523 1525
1524 1525
1527 1527
1529 1531
1530 1532
1530 1535
1534 2722
1536 1537
1538 2335
1538 2343
1538 2341
1539 1544
1540 1542
1541 1542
1541 2779
1541 1543
1545 1546
1549 2180
1549 2957
1551 1552
1554 1556
1554 1561
1555 1574
1555 2359
1555 1575
1556 1567
1557 1566
1558 1561
1559 1579
1560 1562
1560 1568
1560 2949
1561 1581
1563 1578
1563 1572
1564 1582
1564 1578
1564 1570
1565 1576
1565 2356
1566 1568
1566 1571
1567 2359
1567 2358
1568 1581
1568 1579
1569 2948
1569 3034
1569 2949
1570 1582
1570 1576
1572 1576
1572 1577
1572 1575
1573 1580
1574 1577
1575 2358
1577 1579
1584 1774
1584 1587
1584 1697
1584 1777
1585 1587
1585 1586
1585 2732
1586 1780
1586 1587
1586 1792
1587 1784
1588 1594
1588 1593
1589 1591
1590 1592
1590 1594
1591 1593
1591 1592
1592 1593
1596 2119
1597 1599
1598 2531
1601 3064
1601 2729
1602 1603
1603 1605
1603 1711
1603 1606
1605 2300
1605 2295
1607 1618
1607 1617
1607 2084
1608 1677
1608 1621
1608 1623
1609 1612
1609 1618
1609 1620
1610 2683
1610 2684
1610 1620
1611 1622
1611 1624
1611 2677
1612 2677
1612 2678
1613 1659
1613 2072
1613 2075
1614 2846
1614 1623
1614 1615
1615 1619
1615 2685
1616 1883
1616 1856
1616 1863
1616 1853
1617 2084
1617 1622
1618 1620
1619 2685
1619 1621
1621 2850
1622 1624
1623 2689
1624 1883
1625 1627
1625 2701
1625 2455
1626 2454
1626 2453
1627 2453
1627 2452
1627 2455
1628 2455
1628 1853
1628 2454
1629 2513
1629 1630
1629 2512
1631 2912
1632 1671
1632 1652
1632 1685
1633 1656
1633 2688
1633 1683
1634 1688
1634 1680
1634 1648
1634 1661
1635 1682
1636 1668
1636 1642
1636 1679
1637 2769
1637 1652
1637 1651
1638 2857
1638 2693
1639 1665
1639 1650
1639 1672
1640 1660
1641 1675
1641 1660
1641 1667
1643 1678
1643 1673
1643 1665
1644 2936
1644 1670
1644 2711
1645 1679
1646 2076
1647 1656
1648 1659
1648 2693
1649 1661
1650 1672
1650 1662
1651 1662
1651 1658
1651 1683
1652 1677
1652 1679
1653 1663
1654 1661
1655 2686
1655 1671
1655 1666
1656 1667
1657 1688
1658 2687
1658 1684
1659 2072
1660 1681
1662 1683
1663 1678
1663 1666
1664 1676
1664 2696
1664 2764
1665 1681
1665 2708
1666 1678
1667 1672
1668 1685
1668 2984
1669 2073
1671 1687
1673 1682
1673 2769
1674 1688
1677 1684
1680 2073
1680 2076
1681 2708
1681 2707
1682 1689
1684 2687
1685 2679
1686 2704
1686 2703
1686 2710
1690 2085
1691 1692
1691 2615
1691 1848
1692 2620
1693 2595
1693 2599
1693 2596
1694 1839
1694 2170
1694 1695
1696 1698
1697 1698
1697 1699
1698 2734
1700 2464
1700 2463
1701 1702
1701 1703
1702 2262
1703 1705
1703 2263
1704 2270
1704 1705
1704 2262
1705 2263
1706 1707
1707 2265
1707 2264
1708 1709
1708 2265
1708 2271
1709 2266
1711 2269
1712 2272
1712 1719
1712 1720
1713 2277
1713 1729
1713 1728
1714 2277
1714 1730
1714 2279
1715 2272
1715 1723
1715 1726
1716 1718
1716 1717
1717 1718
1717 1719
1718 1720
1719 1720
1721 2269
1722 1725
1723 1724
1723 1726
1724 1725
1724 1727
1725 1727
1726 1729
1727 1728
1728 1729
1732 1754
1732 1760
1732 1752
1733 1787
1734 1781
1734 1741
1734 1788
1735 1783
1736 1804
1737 1784
1737 1787
1737 1771
1738 1761
1738 1740
1738 1756
1739 1757
1739 2586
1739 1794
1740 1769
1740 1773
1742 1769
1742 1795
1742 1794
1743 1764
1744 1751
1745 1752
1746 1773
1747 2102
1747 1767
1747 1781
1748 1753
1749 1751
1749 1761
1749 1783
1750 1766
1750 1787
1750 1792
1751 1765
1752 1770
1753 2509
1753 1768
1754 1775
1754 1788
1755 1796
1756 1768
1756 1796
1757 2503
1757 2751
1758 1785
1759 1766
1760 1791
1760 1775
1761 2750
1762 2586
1762 1793
1762 1773
1763 1793
1764 1779
1765 2179
1766 1780
1768 1773
1769 1795
1769 2586
1770 1788
1772 1798
1774 1798
1775 2503
1776 2731
1777 1786
1777 1797
1778 1786
1779 2179
1780 3063
1781 2503
1782 2724
1782 2780
1782 2723
1783 1796
1784 1792
1785 1790
1785 1794
1786 2733
1789 1798
1790 2912
1790 1795
1799 1803
1799 1809
1799 1808
1800 1809
1800 1801
1800 1810
1802 2406
1802 1807
1803 2105
1803 1809
1804 2104
1804 3006
1805 1810
1806 1810
1807 1808
1807 1811
1808 1811
1811 1812
1812 2104
1812 2105
1813 1851
1814 1894
1814 1816
1814 1821
1815 1818
1815 1857
1815 2700
1816 1838
1816 1890
1817 1862
1817 1876
1817 1860
1818 2266
1819 1859
1819 2321
1819 1896
1820 1829
1820 1851
1820 2173
1821 1838
1821 1836
1822 1885
1822 1854
1822 1889
1823 1878
1824 1844
1825 2609
1825 1902
1825 1897
1826 1872
1826 1882
1827 1860
1828 1888
1828 2444
1828 2441
1829 1894
1830 1873
1831 1902
1832 1835
1832 1894
1832 1895
1832 1880
1833 1876
1834 1882
1835 1871
1835 1858
1837 1853
1837 1841
1837 1866
1838 1892
1840 2446
1840 2442
1840 2444
1840 2448
1842 1870
1843 1847
1844 1865
1844 1868
1845 2700
1845 1869
1845 1871
1846 2609
1846 1902
1846 2589
1847 1880
1847 1861
1848 1879
1848 2620
1848 2619
1849 2258
1849 1901
1849 1873
1850 1855
1850 1857
1850 1897
1851 1864
1852 2281
1854 1865
1854 1868
1855 2589
1855 2609
1857 1900
1858 1893
1858 1895
1859 1896
1859 1899
1860 1896
1863 2700
1863 1869
1865 1884
1867 1884
1867 1891
1867 1882
1868 1885
1870 1881
1870 1887
1871 2442
1871 2699
1872 2940
1873 1876
1874 2258
1875 2894
1875 1885
1875 1884
1875 2610
1877 2612
1877 2613
1877 2614
1878 2174
1879 2616
1879 2613
1880 2268
1881 1887
1881 2589
1883 2502
1886 2267
1886 2698
1887 2598
1888 1893
1888 1898
1893 1895
1899 2320
1899 2319
1900 2616
1900 2617
1903 2662
1903 1904
1903 1905
1904 1907
1904 1906
1905 2664
1905 1906
1906 1908
1907 1909
1907 2644
1909 1910
1909 2007
1910 2008
1910 1911
1911 1912
1911 2191
1912 1913
1912 2659
1913 2863
1914 2191
1914 2195
1914 2193
1915 2189
1915 2852
1915 2009
1916 2198
1916 2008
1916 2154
1917 1918
1917 2154
1917 2198
1918 1919
1919 1920
1919 2849
1920 2175
1920 2660
1921 1923
1921 1922
1921 2638
1922 2640
1922 2637
1923 2639
1923 2640
1924 2977
1925 1931
1925 2977
1925 1928
1925 2002
1926 1927
1926 1932
1926 2006
1927 1929
1927 1928
1928 1930
1929 1930
1929 2975
1930 2974
1931 1939
1931 1933
1932 1934
1932 1935
1933 1941
1933 1934
1934 1940
1935 2064
1936 2820
1936 1942
1936 1938
1936 1948
1937 1941
1937 1937
1938 1945
1938 1939
1939 1945
1940 1940
1941 1944
1942 1943
1942 1947
1944 1946
1944 1954
1945 1946
1946 1955
1947 2647
1947 2648
1948 1950
1948 2648
1949 1951
1950 1953
1950 1951
1951 1955
1951 2934
1952 1953
1953 2649
1954 1956
1954 2980
1955 1956
1956 2980
1957 2080
1958 2810
1958 1960
1958 1964
1959 1963
1960 1971
1960 2065
1961 2081
1962 1977
1962 1962
1963 1964
1963 1978
1964 1971
1965 1972
1966 1973
1966 2011
1967 1970
1968 1976
1968 1977
1969 1974
1970 1980
1970 2813
1971 1988
1972 1974
1972 2012
1973 2642
1974 2814
1975 1979
1975 2013
1975 2814
1976 1983
1976 1981
1977 1982
1979 1985
1979 1980
1980 1983
1981 1987
1981 1991
1982 1984
1982 1993
1983 1986
1984 1997
1984 1988
1985 1990
1985 1992
1986 1989
1986 1992
1987 1995
1987 1993
1989 1991
1989 2002
1990 2014
1990 2001
1991 1995
1992 1996
1993 1998
1994 1994
1994 1999
1995 1998
1996 2001
1996 1999
1997 2817
1997 2983
1998 2004
1999 2002
2000 2003
2000 2979
2001 2933
2003 2004
2003 2005
2004 2006
2005 2817
2005 2006
2007 2642
2007 2008
2009 2010
2009 2852
2010 2637
2010 2015
2011 2012
2011 2189
2012 2014
2014 2642
2015 2016
2015 2656
2016 2656
2016 2623
2017 2018
2017 2017
2018 2021
2018 2020
2019 2025
2019 2020
2020 2026
2021 2022
2021 2027
2023 2024
2024 2032
2024 2031
2025 2028
2025 2038
2026 2030
2026 2027
2027 2029
2028 2034
2028 2035
2029 2032
2029 2030
2030 2035
2031 2033
2031 2039
2032 2043
2035 2061
2036 2040
2037 2039
2038 2040
2039 2043
2040 2061
2041 2043
2042 2050
2042 2045
2042 2058
2043 2385
2044 2046
2044 2061
2045 2048
2045 2046
2047 2056
2047 2061
2047 2051
2048 2050
2049 2052
2050 2054
2051 2053
2054 2059
2054 2055
2055 2056
2060 2465
2062 2063
2063 2064
2066 2067
2069 2689
2069 2070
2070 2071
2070 2690
2071 2690
2071 2072
2073 2077
2074 2691
2074 2075
2075 2691
2076 2078
2077 2764
2077 2078
2079 3099
2079 2692
2079 2093
2080 2081
2080 3099
2081 2082
2082 2098
2083 2100
2083 2852
2084 2085
2085 2087
2085 2826
2086 2955
2087 2822
2087 2860
2088 2822
2088 2860
2088 2089
2089 2090
2089 2955
2090 2091
2090 2823
2091 2095
2091 2096
2092 2093
2093 3070
2094 3066
2094 2096
2094 2097
2095 2098
2095 2823
2096 2100
2097 2099
2098 2100
2099 2101
2103 3061
2104 2105
2106 2939
2106 2132
2107 2134
2107 3093
2108 2529
2109 2110
2109 2514
2110 2514
2111 3037
2113 2556
2114 2741
2115 2564
2116 2565
2116 2117
2117 2118
2117 2565
2118 2564
2121 2566
2122 2947
2123 2124
2123 3094
2124 2126
2124 2125
2125 2126
2125 2128
2126 2127
2127 2130
2127 2128
2128 2130
2129 2550
2130 3040
2131 2847
2132 2134
2133 3095
2133 3092
2136 2405
2137 2388
2138 2139
2140 2261
2141 2142
2142 2143
2149 2150
2154 2647
2155 2175
2156 2211
2156 2212
2156 2667
2157 2159
2157 2161
2157 2160
2157 2869
2158 2159
2159 2160
2160 2162
2161 2931
2161 2901
2162 2163
2162 2164
2164 2166
2164 2165
2165 2166
2165 2167
2166 2168
2167 2930
2167 3066
2169 2601
2169 2596
2169 2170
2169 2603
2169 2605
2170 2605
2171 2605
2171 2604
2171 2172
2172 2607
2172 2602
2173 2608
2173 2607
2173 2174
2174 2608
2176 2177
2178 2938
2180 2957
2184 2185
2184 2205
2184 2204
2185 2186
2185 2241
2186 2187
2187 2188
2188 2228
2189 2811
2190 2858
2191 2192
2192 2193
2192 2646
2193 2203
2194 2194
2194 2196
2195 2196
2195 2200
2196 2197
2197 2199
2197 2198
2199 2200
2199 2201
2200 2201
2201 2202
2203 2204
2203 2656
2205 2241
2205 2234
2206 2240
2206 2207
2206 2235
2207 2239
2207 2208
2208 2739
2209 2210
2211 2667
2211 2665
2212 2668
2213 2217
2214 2349
2214 2215
2216 2756
2217 2354
2217 2352
2220 2222
2220 2221
2221 2223
2223 2224
2223 2501
2224 2501
2225 2574
2225 2226
2227 2233
2227 2231
2228 2253
2229 2231
2230 2580
2232 2233
2232 2253
2232 2236
2234 2240
2234 2238
2235 2242
2235 2238
2237 2239
2238 2240
2239 2242
2241 2739
2242 2650
2243 2249
2243 2740
2243 2244
2244 2247
2244 2250
2245 2809
2245 2247
2245 2255
2246 2251
2246 2248
2246 2853
2247 2251
2248 2251
2248 2250
2252 2255
2253 2256
2254 2256
2257 2258
2260 3036
2260 3035
2263 2264
2264 2265
2272 3090
2273 3090
2274 2276
2274 2275
2277 2279
2278 2279
2280 2282
2282 2283
2284 2287
2284 2286
2285 2297
2286 2287
2286 2288
2287 2289
2288 2290
2289 2292
2289 2294
2290 2293
2291 2300
2292 2293
2292 2294
2294 2305
2295 2312
2296 2298
2296 2297
2297 2303
2298 2302
2298 2301
2299 2305
2300 2301
2301 2302
2302 2303
2305 2309
2306 2307
2306 2308
2307 2309
2309 2310
2315 2432
2315 2436
2316 2317
2316 2318
2317 2319
2317 2318
2318 2320
2319 2320
2321 2324
2321 2322
2322 2324
2322 2323
2323 2325
2323 2326
2324 2325
2325 2326
2326 2327
2328 2330
2328 2347
2332 2336
2332 2436
2332 2333
2333 2336
2333 2334
2334 2335
2334 2338
2335 2338
2336 2337
2337 2339
2338 2339
2340 2341
2340 2342
2341 2343
2342 2344
2344 2345
2345 2346
2348 2492
2349 2493
2350 2351
2350 2584
2353 2354
2355 2787
2358 2359
2360 2361
2361 2363
2363 2366
2363 2365
2364 2366
2365 2367
2368 2369
2369 2372
2369 2370
2370 2371
2370 2373
2372 2374
2372 2373
2373 2374
2374 2375
2378 2379
2381 2851
2381 2382
2382 2383
2387 2761
2388 2389
2389 2390
2389 2391
2391 2394
2392 2394
2393 2395
2395 2399
2396 2397
2398 2399
2398 2402
2399 2402
2400 2401
2401 2403
2405 2839
2407 2408
2408 2409
2413 2414
2414 2416
2415 2416
2415 2417
2415 2995
2417 2418
2417 2797
2418 2424
2418 2874
2419 2422
2419 2423
2419 3014
2420 2874
2421 2422
2422 2423
2423 2800
2423 2424
2424 3018
2428 2430
2430 2433
2431 2435
2431 2432
2435 2437
2435 2436
2438 2438
2441 2447
2441 2496
2442 2443
2443 2449
2443 2446
2444 2445
2445 2448
2445 2450
2446 2448
2446 2449
2447 2496
2448 2450
2449 2451
2450 2451
2452 2453
2453 2454
2454 2455
2457 2658
2458 2459
2460 2622
2462 2832
2467 2468
2468 3052
2469 2993
2469 2994
2472 2474
2474 2476
2474 2475
2475 2479
2475 2476
2476 2534
2483 2484
2483 2485
2484 2488
2485 2486
2485 2487
2487 2489
2488 2491
2488 2489
2489 2491
2491 3000
2492 2493
2494 2696
2494 2695
2495 2697
2496 2497
2498 2500
2499 2500
2500 2501
2504 2506
2504 2505
2505 2506
2505 2507
2506 2508
2507 2892
2507 2508
2508 2915
2509 2892
2509 2909
2510 2909
2514 3039
2516 2569
2518 2520
2518 2521
2519 2558
2519 2559
2520 2558
2522 2523
2524 2525
2524 2526
2525 2562
2527 2528
2528 3038
2530 2532
2531 2532
2532 2533
2534 2535
2535 2536
2536 2538
2537 2538
2544 2545
2544 2546
2545 2546
2546 2548
2547 2549
2547 2548
2548 2549
2550 2552
2550 2551
2551 2552
2551 2553
2552 2555
2553 2554
2555 2556
2559 2560
2563 2565
2564 2565
2567 2569
2567 2945
2568 2569
2570 2571
2571 2572
2575 2577
2576 2578
2577 3078
2578 2579
2579 2580
2579 3078
2580 3078
2581 2582
2582 2583
2585 2899
2587 2588
2587 2612
2587 2606
2590 2591
2590 2592
2590 2625
2591 2626
2591 2593
2592 2625
2592 2627
2593 2628
2593 2626
2594 2595
2595 2598
2596 2597
2597 2600
2597 2601
2598 2602
2598 2600
2600 2602
2600 2601
2600 2603
2601 2603
2602 2604
2602 2603
2603 2605
2603 2604
2604 2605
2606 2611
2607 2608
2611 2612
2613 2616
2614 2615
2615 2622
2617 2619
2617 2618
2620 2621
2621 2623
2623 2656
2623 2657
2627 2628
2627 2629
2628 2630
2629 2630
2629 2631
2629 2632
2630 2633
2630 2631
2631 2632
2631 2633
2632 2634
2633 2634
2634 2635
2636 2637
2638 2639
2640 2641
2641 2643
2641 2982
2644 2644
2645 2646
2646 2646
2647 2649
2648 2649
2651 2652
2652 2653
2652 2654
2657 2658
2661 2662
2662 2663
2665 2666
2666 2667
2666 2668
2667 2668
2669 2670
2671 2672
2672 2674
2677 2678
2678 2680
2680 2767
2681 2682
2682 2684
2683 2685
2687 2709
2688 2690
2692 2810
2693 2857
2694 2695
2694 2936
2698 2699
2701 2702
2701 2703
2702 2705
2702 2704
2703 2704
2704 2706
2704 2705
2704 2710
2705 2706
2705 2707
2706 2711
2707 2708
2710 2711
2714 2716
2714 2715
2715 2716
2716 2717
2717 2719
2717 2718
2718 2719
2719 2720
2720 2720
2723 2723
2724 2724
2725 2725
2729 2730
2732 2732
2733 2733
2736 2736
2741 2742
2744 2745
2745 2747
2745 2746
2746 2747
2747 2748
2752 2753
2754 2755
2756 2756
2759 2759
2760 2761
2762 2763
2764 2765
2765 2766
2765 3081
2767 2768
2769 2770
2771 2772
2773 2774
2775 2776
2780 2781
2782 2783
2783 2783
2784 2786
2785 2787
2787 2950
2788 2789
2788 3062
2791 2792
2793 2794
2795 2796
2797 2798
2797 3015
2798 3013
2798 3015
2799 2801
2799 2802
2799 2800
2800 3019
2800 3022
2801 3019
2801 2802
2802 2804
2803 2843
2803 2844
2803 2804
2804 2807
2805 2844
2806 3060
2806 2808
2806 2807
2807 2808
2810 3097
2812 2813
2813 2932
2814 2973
2815 2973
2815 2816
2817 2818
2819 2819
2819 2820
2820 2821
2822 2823
2824 2826
2825 2826
2827 2828
2827 3065
2827 2931
2829 2934
2829 2935
2830 2835
2830 2834
2831 2834
2831 2835
2841 2842
2844 3100
2846 2847
2846 3089
2847 3088
2847 2848
2859 2860
2862 2863
2864 2872
2865 2866
2866 2869
2866 2867
2867 2897
2867 2868
2869 2870
2870 2872
2870 2871
2872 3068
2872 2873
2874 3018
2876 2878
2876 2877
2877 2878
2879 2970
2880 2890
2881 2885
2882 2886
2882 2908
2882 2885
2883 2884
2883 2907
2883 2889
2884 2890
2884 2891
2885 2888
2886 2891
2886 2910
2887 2888
2888 2889
2889 2890
2891 2892
2891 2905
2893 2894
2895 2897
2895 3069
2895 2896
2897 2898
2899 2900
2899 3069
2901 2902
2901 3069
2903 2907
2904 2905
2905 2907
2906 2907
2908 2910
2908 2911
2909 2910
2912 2913
2915 2965
2915 2916
2917 2919
2917 2918
2918 2919
2922 2923
2923 2924
2925 2926
2925 2929
2925 3063
2926 3061
2927 2928
2927 3064
2928 3062
2928 3064
2929 3063
2930 3067
2930 2931
2935 2935
2936 2937
2941 2942
2944 2945
2947 2947
2948 2949
2951 3084
2952 2953
2953 3079
2953 3084
2954 3079
2955 2956
2958 2959
2959 3073
2959 2961
2960 3073
2960 2964
2960 2965
2961 2962
2961 3076
2961 2964
2962 2965
2963 2964
2967 3101
2968 3093
2969 2970
2971 2972
2976 2977
2978 2979
2980 2981
2986 2986
2991 2992
2993 2994
2997 2999
2997 2998
2998 2999
3000 3001
3003 3004
3003 3005
3004 3008
3004 3005
3006 3007
3006 3008
3007 3008
3010 3011
3010 3013
3010 3014
3011 3012
3011 3016
3012 3015
3012 3016
3013 3014
3017 3018
3019 3020
3020 3029
3020 3021
3021 3024
3021 3022
3022 3023
3024 3025
3024 3027
3026 3027
3027 3029
3028 3029
3030 3069
3030 3033
3031 3087
3032 3033
3032 3085
3032 3087
3033 3067
3034 3035
3034 3036
3037 3071
3037 3072
3038 3039
3038 3040
3039 3040
3042 3043
3044 3046
3044 3045
3049 3103
3049 3105
3059 3093
3066 3067
3073 3074
3075 3076
3076 3077
3079 3083
3080 3083
3081 3082
3083 3084
3086 3087
3090 3091
3095 3096
3098 3099
3101 3102
3103 3105
3104 3106
3104 3105
