0 3002
0 27
0 3013
1 1894
1 1917
1 2
2 2058
2 3289
3 2999
3 1905
3 2025
4 27
4 98
4 16
4 3001
5 309
5 6
5 3822
5 26
6 3095
6 247
7 3840
7 3092
7 325
7 11
7 3878
8 1711
8 326
8 19
9 73
9 3187
9 143
9 3028
10 149
10 107
10 72
10 108
11 12
11 247
12 1816
12 13
13 3823
13 1816
14 3821
14 3822
14 3823
14 3824
15 16
15 338
15 26
15 2120
15 2121
16 336
16 29
17 3609
17 3028
17 1711
18 3318
18 19
18 3609
19 3701
20 623
20 708
21 534
21 1443
21 533
22 3186
22 3100
22 3517
23 269
23 3230
23 3030
24 3404
24 367
24 396
24 398
25 1451
25 2999
25 633
26 30
26 29
27 2025
27 3001
27 3102
28 3364
28 2828
28 2760
29 30
29 2026
30 31
31 3436
31 3285
31 439
32 285
32 3033
32 3122
33 3184
33 562
33 77
33 3031
33 3185
34 636
34 1448
34 3237
35 3319
35 36
35 3112
36 37
36 38
37 3306
37 43
38 39
38 1380
38 42
39 2953
39 3302
40 43
40 41
40 2953
40 3163
41 42
41 3305
42 3111
43 1409
44 3589
44 46
45 46
45 3592
45 3585
46 732
47 3641
47 2968
47 2967
48 785
48 771
48 798
49 50
49 733
49 798
50 778
50 782
51 704
51 2943
51 2949
52 630
52 3045
52 3046
53 3180
53 3165
53 3181
54 3169
54 3173
54 3168
54 584
55 1256
55 1225
55 1261
56 57
56 1261
56 1303
57 1302
57 3141
58 1322
58 3141
58 1301
59 3056
59 1322
59 1347
60 1345
60 1346
60 2952
60 3057
60 3296
61 1346
61 3082
61 3080
62 3080
62 63
63 3082
63 3080
64 66
64 1885
64 1887
64 3047
65 1883
65 66
65 3047
66 1886
66 3626
67 1938
67 1891
67 1939
68 1937
68 3447
68 1938
69 2005
69 1932
69 3085
70 3517
70 450
70 447
70 3123
71 75
71 76
71 74
72 126
72 107
73 245
73 3028
74 3628
74 229
74 450
75 76
75 126
75 3187
76 108
77 1448
77 562
78 722
78 3261
78 3255
79 3620
79 3473
79 734
80 3777
80 3315
80 3776
81 85
81 671
81 3777
82 84
82 83
82 671
83 665
83 86
84 1562
84 1535
85 673
85 669
85 86
86 671
86 670
87 1589
87 1591
87 662
88 1611
88 1598
88 3143
89 3735
89 1598
89 661
90 1621
90 1624
90 661
91 515
91 3158
91 604
92 2933
92 514
92 93
93 2958
93 586
94 474
94 3828
94 3827
95 518
95 96
95 464
96 456
96 517
97 3037
97 459
97 461
98 99
98 3102
98 336
99 328
99 3005
100 3009
100 3008
100 2131
101 102
101 2013
101 3089
102 2031
102 2062
103 2012
103 2218
103 104
104 1913
104 1912
105 1992
105 1993
105 1984
106 1968
106 1970
106 3768
106 3833
107 3703
108 149
109 150
109 3716
109 117
109 122
110 111
110 118
110 137
111 115
111 116
111 117
112 115
112 150
112 3597
113 3596
113 136
113 3703
114 3596
115 3600
117 118
118 131
119 130
119 149
120 130
120 121
120 163
121 122
121 130
122 123
122 150
123 299
123 298
124 128
124 240
124 125
125 238
125 146
126 143
126 142
127 142
127 143
127 3766
128 1729
128 3766
128 3159
129 146
129 147
129 142
131 140
131 132
132 1665
132 3725
133 3725
133 144
133 134
134 243
134 1667
135 1756
135 1678
135 1679
136 137
136 147
137 139
138 139
139 152
140 152
140 141
143 3609
144 145
144 239
145 147
145 146
148 1805
148 3318
148 1809
148 1712
151 152
153 154
153 297
153 307
154 1506
154 181
155 182
155 1681
155 1505
155 1506
156 1683
156 1687
156 3838
156 1685
157 3839
157 1697
157 3427
158 1526
158 1523
158 1521
159 1459
159 1467
159 1472
160 1565
160 693
160 690
161 2995
161 2993
161 2996
161 2997
162 1455
162 2997
162 1458
163 1653
163 1650
164 1648
164 1649
164 1514
164 1660
165 1463
165 1496
166 1493
166 167
166 1465
167 1487
167 1499
167 1524
168 1575
168 169
168 1540
169 1706
169 1572
170 1702
170 1572
170 1706
171 1699
171 188
171 1702
172 3555
172 1710
172 1699
173 190
173 174
173 3555
174 1626
174 1700
175 1626
175 1627
175 3644
176 3410
176 3728
176 194
177 1639
177 1635
177 1512
178 3412
178 1645
178 1637
179 180
180 1507
180 1662
181 201
181 301
182 1680
182 305
182 1667
183 1504
183 184
183 1503
184 185
184 1691
185 186
185 3411
186 1694
186 1693
187 1626
187 189
187 1628
188 1594
188 1601
189 193
189 190
190 3735
191 192
191 194
191 1617
191 1633
192 193
192 1628
193 1619
194 1628
195 3410
196 3869
196 845
197 198
197 472
197 3827
198 231
198 230
198 199
199 1655
199 1653
199 1660
200 301
200 1664
200 201
201 1507
202 1676
202 1789
202 1787
203 3433
203 3432
204 205
204 724
205 2988
206 3201
206 847
206 849
206 3204
207 3198
207 208
207 849
208 3415
208 3205
209 3197
209 210
209 3203
210 3196
210 3207
210 820
211 3452
211 3663
211 3206
212 3225
212 3218
212 3663
213 1013
213 214
213 3760
214 1012
214 3761
215 216
215 1016
215 3063
216 3763
216 1015
216 1030
217 1090
217 1096
217 3061
218 3764
218 1096
218 1101
219 1242
219 3764
219 1200
220 3834
220 3076
220 3629
221 2969
221 3647
221 3603
222 1804
222 1809
222 325
223 224
223 3450
223 1779
224 3655
224 1040
224 1041
225 226
225 3655
225 1056
226 3330
226 1054
227 3274
227 3046
228 720
228 3086
228 3274
229 3737
229 230
230 3736
231 491
231 1647
232 233
232 1647
232 484
233 234
233 485
234 235
234 488
235 489
235 3317
236 1747
236 1758
236 240
237 1733
239 1744
239 241
240 241
241 1747
242 1744
242 1754
242 1748
243 1754
243 1669
244 288
244 248
244 290
245 252
245 3030
246 436
246 249
246 438
246 437
247 3878
247 311
248 262
248 311
249 281
249 275
250 282
250 264
250 275
251 252
251 3030
251 255
251 269
252 254
253 269
253 256
253 3228
254 265
254 257
254 3227
255 268
255 258
255 265
256 368
256 268
257 3625
257 270
258 270
258 267
258 272
259 367
259 267
259 368
260 271
260 261
260 3625
261 290
261 263
262 288
262 264
263 273
263 289
264 278
265 270
266 3404
266 267
266 272
267 268
268 269
270 271
270 3625
271 273
271 272
272 274
273 278
273 274
274 279
274 280
275 283
276 3337
276 280
276 395
276 281
277 289
277 278
277 288
278 279
279 280
279 282
280 283
281 283
282 283
284 3098
284 3036
284 2956
285 286
286 3036
286 3066
287 3123
287 446
287 3702
289 290
291 292
291 1279
291 1282
292 1268
292 293
293 3155
293 1364
294 1319
294 1347
294 1345
294 3674
295 3301
295 957
295 3059
296 301
296 302
296 299
297 300
297 3716
298 300
298 303
299 303
300 302
302 303
304 305
305 307
306 307
308 341
308 3837
308 357
309 440
309 439
309 3598
310 437
310 3232
310 445
311 3598
312 315
312 436
312 3094
313 314
314 3094
314 315
315 3285
315 441
316 339
316 355
316 3821
317 3595
317 318
317 355
318 3787
318 332
319 350
319 348
319 320
320 351
320 343
321 322
321 3786
321 333
322 2124
322 323
323 327
323 350
324 342
324 2084
324 2079
325 326
325 1812
326 3092
327 335
327 330
327 334
328 331
328 335
329 351
329 350
329 330
330 331
331 2075
332 333
332 3786
333 337
333 334
334 336
335 336
339 2121
339 3821
340 2117
341 3824
341 2117
342 343
342 2123
343 349
344 352
344 2261
344 349
345 3787
345 346
345 348
346 352
346 347
347 348
347 349
351 2079
352 354
353 354
354 356
355 3595
355 2119
356 357
356 2119
357 2117
358 3479
358 3692
358 359
358 3691
359 3441
359 3483
360 3106
360 363
360 385
361 363
361 382
361 432
362 421
362 369
362 417
363 431
363 364
364 432
364 384
364 392
365 393
365 445
365 443
365 435
366 442
366 394
366 443
367 398
369 413
369 2957
369 412
370 403
371 373
371 372
371 375
372 374
374 375
374 376
375 377
376 377
376 3379
377 3042
378 425
378 421
378 407
379 423
379 430
379 419
380 406
380 381
380 410
381 387
381 3053
382 428
382 431
383 384
383 385
383 3108
384 385
386 403
386 410
386 387
387 388
388 432
388 3051
389 3053
390 3052
391 414
392 401
393 3018
393 433
393 2938
394 3020
394 433
394 395
395 396
396 3020
397 398
397 402
397 399
398 400
399 400
399 3017
400 3019
401 3109
401 2938
401 402
402 3018
403 3533
403 3693
404 407
404 3693
404 414
405 409
405 430
405 418
406 418
406 429
407 408
407 3029
408 430
408 3535
409 410
409 3533
411 3029
412 413
412 416
412 3228
413 3029
415 2956
415 3038
415 3231
416 3038
416 2957
417 2957
417 420
417 3098
418 419
419 422
420 422
420 421
422 424
423 425
423 424
424 425
426 3320
426 428
426 427
427 3319
427 3111
428 3050
431 3105
433 3120
434 3019
434 3119
434 3017
435 3041
435 2938
436 437
436 438
438 440
439 441
440 441
442 3337
442 444
443 444
444 445
445 3235
446 460
446 3035
446 3037
447 460
447 2937
448 455
448 451
448 2937
449 452
449 451
449 456
450 2937
451 462
452 453
452 463
453 454
453 470
454 3736
455 457
455 461
456 457
457 458
458 459
458 461
459 517
460 461
463 467
463 465
463 464
464 523
466 467
467 468
468 523
468 525
469 470
470 3731
471 485
471 482
471 488
472 476
472 473
473 475
473 474
473 478
474 528
476 3724
476 493
476 484
477 528
477 478
477 530
477 481
478 3724
478 479
479 481
479 480
479 494
481 486
482 495
482 509
483 495
483 593
483 539
484 485
485 494
486 539
486 494
487 489
488 489
490 491
491 493
492 493
494 495
495 508
496 504
496 508
496 499
497 499
497 510
497 498
498 506
498 3156
499 505
500 501
500 502
500 3339
501 511
501 3317
502 505
502 503
503 509
503 504
504 505
505 510
506 510
506 511
507 508
507 586
507 593
508 509
509 2970
511 513
512 513
513 515
514 604
514 3156
515 3129
516 517
518 2936
519 2936
519 520
519 531
520 521
521 524
521 522
523 524
524 525
525 526
526 527
526 3828
528 529
529 536
529 530
530 537
530 535
531 534
531 544
532 551
532 549
532 542
533 546
533 1451
533 3406
534 1443
534 545
535 538
535 596
536 550
536 537
537 540
537 538
538 602
539 596
540 551
540 552
541 552
541 602
541 543
542 546
542 553
543 553
543 547
544 545
544 548
545 546
545 549
546 547
547 2934
548 549
548 550
550 551
552 553
554 2954
554 561
554 582
555 556
555 2954
555 2991
556 568
556 557
557 558
557 568
558 581
558 559
559 560
559 581
560 1403
560 3083
561 582
561 3083
562 567
562 3185
563 2990
563 566
563 567
564 565
564 3118
564 2990
565 566
565 569
566 567
568 3118
569 3696
569 572
570 572
570 3873
570 579
571 3849
571 572
571 3696
573 3695
573 574
573 3849
574 575
574 3183
575 3172
575 3183
576 579
576 580
576 3872
576 1413
577 579
577 3175
577 3171
578 2991
578 3872
578 3873
581 1404
582 1412
583 3167
583 1412
583 3173
584 585
584 3169
585 3673
585 1209
586 599
587 589
587 594
588 605
588 603
588 589
589 601
590 592
590 616
590 613
591 655
591 616
591 3158
591 610
592 611
592 654
592 614
593 598
594 602
594 595
594 600
596 597
597 600
597 598
598 599
599 603
600 601
601 603
604 605
605 606
605 613
606 614
606 634
606 608
607 608
608 609
610 3103
610 3104
610 3158
612 614
613 615
613 614
615 616
615 3157
617 618
617 656
617 657
618 649
618 619
619 620
619 649
619 651
620 650
620 625
621 624
621 2972
621 3045
622 623
622 624
622 2971
623 633
624 2971
625 2972
625 626
627 646
627 628
627 638
628 629
628 792
630 3044
630 2945
631 779
632 2915
632 2916
633 634
634 1451
634 637
635 640
635 884
635 985
636 3046
636 3582
637 3582
637 640
637 3686
638 647
638 3675
639 3043
639 2944
639 2943
640 984
641 642
642 3425
642 984
643 3653
643 960
643 3614
644 647
645 647
646 647
646 3311
648 649
652 654
652 653
652 657
654 3704
654 655
655 656
656 657
658 3754
659 1598
659 660
660 661
663 664
663 1592
663 1599
665 675
665 670
666 672
666 667
666 668
668 673
668 669
669 3776
670 672
672 673
674 675
675 1579
676 679
677 1550
677 1562
677 3580
678 680
679 3593
679 680
680 683
681 3580
681 3593
681 683
682 683
684 691
685 686
685 691
685 711
685 687
686 717
686 716
687 1474
687 693
688 696
688 689
689 700
689 698
689 3315
690 692
690 3579
691 692
692 693
694 1474
694 717
694 2993
695 696
696 711
696 713
697 700
699 700
701 702
702 779
702 3044
703 704
704 792
705 706
705 708
705 3845
706 710
706 708
706 709
707 712
707 708
707 710
709 710
709 3275
711 713
712 3778
712 715
713 716
713 715
714 3778
714 3284
714 3282
715 3720
716 718
717 718
718 3282
719 3599
719 3255
719 3262
719 720
720 721
721 722
721 3599
722 3599
723 724
724 725
724 3248
726 2988
727 742
727 736
727 734
727 3121
728 729
728 3238
728 3264
729 754
729 730
730 3825
730 754
731 2965
731 771
731 3263
732 3641
732 761
735 3121
735 3420
735 3825
736 738
736 740
737 738
738 739
740 741
740 3433
742 3257
742 743
743 744
743 746
744 750
744 3253
745 746
746 747
748 750
748 752
748 2989
749 750
749 752
749 3260
750 751
752 753
753 3258
753 3247
754 755
756 3834
757 3629
758 3589
758 3590
758 3588
759 1349
759 3322
759 1352
760 765
760 763
760 766
761 766
761 765
762 764
763 764
763 3378
764 765
765 766
766 767
768 769
769 2966
769 770
771 773
772 789
772 3377
772 784
773 787
773 777
774 777
775 777
776 777
779 780
780 781
780 783
781 3316
781 783
782 783
782 3043
784 785
784 789
784 790
785 794
786 787
787 789
788 800
788 3722
788 793
790 800
790 794
790 791
792 3722
794 3606
795 797
796 798
796 797
799 800
801 915
801 814
801 802
801 813
802 916
802 803
803 804
803 815
804 916
804 805
805 806
805 812
806 812
806 840
807 837
807 3467
807 840
808 3468
808 809
808 3466
809 823
809 2963
810 821
810 843
810 2964
811 812
812 3468
813 926
813 900
814 842
814 815
815 839
816 841
816 817
816 839
817 835
817 818
818 834
818 833
819 820
819 831
819 833
819 3215
820 821
821 822
824 825
824 2963
824 826
826 2964
826 827
828 951
828 950
828 935
828 829
829 3816
829 3815
830 3216
830 3815
830 3816
832 833
836 837
836 841
836 3884
837 838
838 840
838 839
839 841
843 844
843 3375
845 846
845 3375
848 849
849 3200
850 3868
851 3206
851 3209
851 3212
851 3207
851 3208
851 3213
852 3415
853 1014
854 3189
854 3452
854 3190
855 3190
855 3192
855 856
855 3191
857 861
857 858
857 872
858 3220
858 3224
859 946
859 945
859 874
860 995
860 945
860 861
861 1027
862 997
862 1027
862 863
863 1002
863 864
864 1008
864 1070
865 1078
865 1060
865 866
866 3612
866 867
867 1130
867 1061
868 1146
868 869
868 1132
869 3214
870 1156
870 3025
870 1157
871 3671
871 885
871 3170
871 3174
872 873
872 1026
875 933
875 930
875 876
876 917
876 989
877 989
877 3221
877 3222
877 3223
878 999
878 998
878 879
879 1000
879 3752
880 970
880 968
880 979
881 979
881 1155
881 1154
882 1154
882 1140
882 1138
883 971
883 976
883 972
884 982
884 976
885 1135
885 1446
886 1207
886 1125
886 1123
886 1121
886 3673
887 894
887 1117
887 1118
887 888
888 889
888 1076
889 1074
889 1097
890 2232
890 891
890 3594
890 3662
891 3840
891 1797
892 1911
892 2005
892 3756
893 1118
893 3443
893 1125
894 3442
894 3443
895 961
895 963
895 896
896 897
896 993
897 3311
897 898
898 902
898 899
899 906
899 918
899 900
900 914
901 904
901 911
901 905
902 909
902 905
903 905
906 908
906 912
907 910
908 910
908 909
909 911
910 911
912 3583
912 914
913 914
916 3314
917 921
917 920
918 929
918 919
921 928
921 929
922 923
922 990
922 3329
923 924
923 991
924 993
924 925
926 928
926 930
927 928
928 929
930 931
931 3325
931 932
933 3326
933 934
935 936
935 3705
936 938
936 940
937 938
938 939
941 994
941 995
941 942
943 3222
944 945
946 3327
946 947
947 3328
947 948
948 951
948 949
951 952
953 954
954 3211
954 3216
955 1269
955 1255
955 3552
956 3082
957 3418
957 3296
958 3754
958 961
958 960
959 3653
960 961
960 962
963 3221
963 3616
964 982
964 3616
964 983
965 3752
966 967
967 3753
967 970
969 970
969 1007
969 1150
971 973
971 972
972 1138
973 974
973 981
974 978
974 975
976 977
978 3027
978 980
979 3026
982 3711
984 985
985 987
985 986
987 3615
987 3425
988 3329
989 3329
992 993
994 3221
994 995
996 999
997 3680
997 3639
998 999
998 3221
999 1000
1000 3639
1001 1002
1001 1008
1001 1007
1002 3752
1003 1059
1003 1150
1003 1152
1004 1005
1005 1006
1005 3753
1007 1010
1008 1010
1009 1010
1011 3063
1011 3062
1011 1014
1011 3763
1012 1013
1012 3062
1013 3060
1013 1014
1015 1082
1015 3763
1017 1018
1017 1030
1017 1031
1018 1019
1018 1114
1019 1020
1019 1021
1020 3665
1020 1071
1021 1023
1021 1024
1022 1023
1023 3077
1024 1026
1024 1031
1025 1026
1027 1028
1029 1030
1031 1032
1031 1033
1034 2931
1034 3547
1035 3789
1035 3797
1036 3638
1036 3794
1037 3632
1037 3610
1038 2868
1038 3611
1039 2930
1039 3788
1039 3880
1040 1049
1040 1048
1041 3448
1042 3765
1042 3623
1042 1045
1043 2241
1043 2245
1043 1878
1044 3841
1044 1796
1044 3677
1045 1055
1045 3622
1046 3765
1046 1051
1046 1047
1047 3557
1047 1794
1048 1794
1048 1760
1049 2978
1049 1051
1049 1050
1051 1052
1052 3431
1052 1053
1054 2978
1056 1057
1056 2975
1058 1139
1058 1147
1058 1145
1059 1062
1059 3023
1060 1062
1060 1070
1061 1063
1061 1127
1062 1067
1063 3684
1063 1064
1065 1067
1065 3684
1065 1066
1067 1068
1069 1078
1069 1075
1069 1072
1070 1071
1071 1078
1072 3665
1072 1073
1073 1075
1073 1116
1074 1079
1074 1116
1075 3851
1077 1078
1079 1112
1079 1100
1080 1081
1080 1094
1081 1086
1081 1085
1082 1084
1082 1083
1083 1084
1083 1088
1084 1085
1085 1086
1086 1087
1087 3061
1087 1088
1088 3061
1089 1103
1090 1103
1090 1109
1090 1091
1091 1092
1091 1099
1092 1110
1092 1111
1093 1111
1093 1094
1093 1112
1094 1095
1096 1103
1097 1098
1097 1105
1097 1101
1098 1099
1098 1107
1099 1100
1100 1111
1101 1201
1101 3643
1101 1104
1101 1102
1102 1107
1102 1108
1103 1108
1104 1105
1104 1203
1105 1106
1107 1109
1108 1109
1112 1113
1115 1116
1117 3853
1117 3852
1118 1119
1119 1120
1119 1211
1120 3855
1120 3853
1121 1207
1121 1205
1122 1212
1122 1211
1122 1205
1123 1124
1123 3750
1124 1126
1124 1128
1124 1125
1125 1206
1126 1129
1126 3446
1127 1128
1127 1146
1128 1129
1128 1132
1129 1130
1130 1131
1131 3612
1131 3445
1133 3049
1133 1134
1133 1142
1133 1137
1134 3214
1134 1135
1135 1137
1136 1144
1136 1142
1136 1140
1136 3023
1137 1450
1138 3745
1140 3049
1141 1144
1141 1147
1141 1142
1141 1145
1143 1144
1143 1149
1143 3023
1145 1149
1146 1147
1148 1149
1150 1151
1153 1154
1157 1158
1157 3174
1159 3024
1160 3882
1161 3882
1161 3548
1161 2912
1162 3548
1162 3546
1163 1492
1163 2881
1163 1491
1164 1489
1165 1166
1165 2856
1165 2855
1165 2862
1166 2856
1166 3800
1167 3804
1167 2852
1167 2846
1168 2846
1168 3805
1168 3801
1169 2860
1169 2853
1169 3801
1170 2853
1170 1171
1171 2827
1171 3811
1172 3810
1172 3807
1172 3811
1172 3814
1173 3812
1173 2749
1173 3810
1174 1175
1174 2751
1174 2826
1175 3817
1175 1442
1176 3817
1176 2356
1177 2998
1177 1978
1177 2044
1178 2030
1178 1976
1178 1980
1178 3149
1179 2276
1179 3782
1179 2346
1179 2130
1180 2299
1180 2088
1180 1197
1181 2309
1181 2310
1181 1197
1182 1188
1182 2227
1182 2245
1183 2125
1183 2255
1183 2257
1184 2283
1184 2279
1184 2247
1185 1186
1185 2303
1185 2294
1186 2303
1186 3679
1187 2306
1187 3679
1187 1195
1188 1795
1188 2129
1189 2281
1189 2227
1189 2283
1190 3448
1190 2960
1190 2924
1191 2922
1191 1192
1192 2962
1192 1193
1193 2961
1194 2961
1194 2987
1194 2986
1195 2984
1195 2304
1196 1197
1196 2308
1196 2300
1197 2092
1198 3742
1198 1208
1198 1236
1199 1215
1199 1236
1199 3850
1200 3366
1200 3850
1202 1203
1203 3226
1204 1206
1205 1206
1207 1212
1207 3022
1208 3856
1208 1210
1209 3022
1209 3743
1211 1214
1211 1213
1212 1213
1212 3021
1213 1214
1214 3856
1215 1216
1215 1222
1216 1219
1216 1220
1217 1247
1217 1244
1217 3137
1217 1249
1218 1227
1218 1220
1218 3549
1220 1221
1221 3065
1221 1222
1222 1240
1223 1224
1223 1230
1223 2992
1224 1233
1224 1252
1225 1249
1225 1248
1226 1258
1226 1253
1226 1227
1227 1254
1227 3065
1228 1245
1228 1230
1228 3740
1229 1248
1229 1243
1229 1231
1230 1251
1231 1251
1231 1232
1232 2992
1232 1234
1233 1238
1233 1239
1234 1256
1234 1252
1234 1258
1235 1253
1235 1240
1235 1237
1235 1252
1235 1238
1236 1237
1237 1239
1238 1239
1240 1241
1241 1253
1241 3065
1242 1307
1242 1255
1243 1245
1243 1251
1243 1247
1244 1246
1244 3744
1245 1246
1246 1247
1247 1250
1248 1250
1249 1250
1251 2992
1252 2992
1254 3550
1254 1260
1254 1257
1255 3551
1256 1257
1256 1295
1257 1258
1259 1290
1259 1294
1259 1324
1259 1299
1260 1263
1260 1264
1261 1262
1262 1295
1262 1303
1263 1295
1263 1296
1264 3552
1264 1265
1265 1272
1265 1269
1266 1276
1266 1274
1266 1275
1267 1280
1267 1287
1267 1268
1267 1278
1268 1286
1268 1314
1269 1271
1270 1274
1270 1272
1270 3608
1271 3608
1271 1277
1272 1273
1274 3608
1275 1277
1275 1276
1276 1278
1277 1279
1278 1281
1279 1283
1280 1282
1280 1281
1281 1283
1282 1283
1284 3601
1284 1296
1284 1299
1284 1291
1285 1286
1286 1289
1286 1287
1287 1288
1288 1291
1288 1289
1289 1290
1289 1321
1290 1291
1292 1320
1292 1318
1292 1293
1293 1325
1293 1330
1294 1323
1294 1301
1294 1298
1295 1297
1296 1297
1297 3601
1298 1299
1298 3601
1300 1301
1300 1327
1300 1322
1301 1304
1302 1303
1302 1304
1303 3605
1304 1305
1306 1307
1307 3549
1308 1312
1308 1313
1308 1309
1309 1355
1309 3155
1310 1312
1311 1312
1312 1321
1315 1341
1315 1359
1315 1372
1316 1317
1316 1334
1316 1338
1317 1318
1317 1321
1318 1324
1319 1336
1319 2920
1320 1336
1320 1338
1323 1324
1323 1330
1323 1327
1325 1329
1325 1326
1325 3602
1327 1329
1328 1329
1329 1330
1331 1332
1332 1333
1332 1337
1333 3607
1333 1334
1334 1339
1334 1335
1336 1337
1337 1338
1339 1341
1339 1340
1339 3323
1341 1342
1343 1344
1344 3323
1344 1372
1345 2952
1345 1346
1346 3674
1347 3057
1347 2952
1348 1351
1349 1351
1349 2932
1350 1352
1351 1353
1352 1353
1353 1354
1354 1363
1354 1361
1355 1366
1355 1359
1356 1361
1356 1368
1356 1358
1357 1358
1358 1371
1359 1365
1360 1361
1362 1363
1363 1366
1364 1366
1364 3155
1365 1366
1365 1368
1367 1368
1369 1371
1370 3321
1371 3321
1372 1374
1373 1374
1374 1375
1376 1377
1376 1379
1376 3300
1377 3688
1377 1385
1378 1398
1378 3140
1378 1399
1379 3164
1379 2953
1380 3299
1380 3059
1381 1382
1381 3687
1382 1402
1382 1400
1383 1384
1383 3117
1383 3164
1384 1387
1384 1385
1385 1392
1386 1394
1386 1391
1386 1387
1387 2955
1388 2955
1388 3115
1388 1389
1389 1390
1389 1395
1390 1395
1390 1391
1391 1394
1392 1393
1392 1402
1393 1394
1393 1402
1395 1396
1396 3114
1396 3131
1397 3113
1397 3738
1397 3453
1399 3141
1399 3134
1400 1401
1401 3140
1401 3301
1403 3746
1403 3083
1404 1406
1404 3068
1405 1407
1405 3068
1405 3306
1406 3185
1406 1407
1407 3068
1407 3227
1408 3067
1408 3747
1408 1411
1409 3163
1409 1411
1410 3303
1410 3324
1410 3746
1411 3303
1412 1413
1413 3166
1414 3162
1414 3016
1414 3160
1415 2102
1415 2095
1415 2099
1416 3472
1416 2045
1416 2110
1417 2836
1417 2867
1417 2835
1418 2762
1418 1419
1418 2835
1419 1420
1419 2703
1420 3372
1420 3373
1421 2714
1421 3369
1421 3370
1422 2737
1422 1423
1422 2714
1423 2715
1423 2767
1424 3403
1424 3669
1424 2654
1425 2648
1425 3668
1425 2792
1426 2473
1426 2002
1426 2446
1427 3858
1427 3561
1427 3562
1427 3857
1428 2442
1428 3858
1428 2473
1429 2442
1429 2415
1429 1430
1430 2465
1430 2436
1431 1432
1431 2365
1431 2366
1432 3727
1432 2365
1433 3542
1433 3727
1433 3544
1434 2540
1434 3543
1434 3541
1435 1436
1435 2540
1435 2052
1436 3515
1436 2565
1437 2578
1437 3477
1437 3475
1438 2578
1438 2580
1438 2611
1439 2611
1439 2550
1439 2612
1440 2550
1440 1441
1440 2613
1441 3506
1441 2002
1442 2813
1442 2097
1443 1444
1444 3182
1444 1445
1444 1448
1445 1446
1445 3182
1446 3405
1447 3695
1449 3406
1449 3686
1449 1450
1449 3685
1450 3405
1452 1456
1452 3276
1453 1456
1454 1457
1455 1461
1455 1457
1456 1457
1458 1460
1458 1462
1459 2942
1459 1460
1460 1461
1463 1464
1463 1466
1464 1465
1464 1497
1465 1494
1466 1487
1466 1467
1467 1468
1467 1470
1469 1472
1469 1478
1469 1470
1470 1471
1471 1484
1471 1479
1472 1473
1474 1475
1476 1478
1477 1478
1479 1555
1479 1556
1479 1482
1480 1481
1480 1544
1480 1565
1482 1483
1482 1544
1484 1485
1484 1531
1485 1486
1485 3847
1486 1487
1486 3732
1488 1489
1489 1491
1490 1491
1495 1496
1498 1499
1499 1521
1500 1503
1501 3411
1501 1502
1501 1503
1504 1687
1504 3839
1506 1507
1508 1509
1509 3839
1509 1510
1511 1520
1511 1513
1511 1640
1512 3410
1512 1513
1513 1516
1514 1645
1514 3461
1515 1516
1516 1517
1517 1518
1517 1519
1520 3429
1520 1684
1521 1522
1524 1532
1524 1525
1525 1525
1526 1697
1526 1527
1527 1528
1527 1530
1527 1532
1528 1529
1528 1530
1530 1709
1531 1533
1531 1541
1532 1533
1533 1534
1535 1567
1535 1561
1535 1568
1536 1554
1536 1584
1536 1582
1536 1585
1537 1538
1537 1554
1537 1551
1537 1570
1538 1547
1538 1571
1539 1547
1539 1541
1539 1540
1540 1709
1541 1542
1543 1544
1545 1584
1545 1567
1545 1557
1546 1557
1547 1548
1548 1549
1548 1551
1550 1564
1550 3579
1551 1552
1551 1556
1553 1573
1553 1581
1553 1554
1554 1556
1556 1585
1557 1585
1557 1558
1558 1559
1558 1560
1560 1561
1560 1564
1561 1563
1562 1563
1563 1564
1564 1565
1566 1567
1569 3579
1569 3580
1569 3593
1572 1573
1573 1576
1573 1575
1574 1575
1576 1577
1576 1588
1577 1578
1577 1587
1577 1581
1578 1586
1578 1579
1579 1589
1580 1581
1583 1584
1587 1594
1587 1603
1589 1590
1590 1606
1590 1591
1591 1592
1592 1609
1593 1602
1593 1606
1593 1605
1593 1609
1594 1597
1594 1602
1595 1597
1596 1597
1599 3143
1599 1612
1600 1602
1600 1601
1600 1605
1601 1604
1602 1603
1603 1606
1604 1605
1604 1616
1605 1608
1607 1614
1607 1608
1607 1611
1608 1612
1608 1609
1610 1611
1611 1612
1613 1614
1614 1616
1615 1616
1617 1632
1617 1634
1618 1620
1618 1623
1618 1632
1619 1624
1619 1620
1620 1625
1621 1622
1621 1625
1622 3103
1622 1630
1623 1625
1623 1630
1624 1625
1629 1634
1629 1630
1629 3104
1631 1632
1633 1634
1633 3407
1635 1638
1635 3409
1636 1637
1637 3408
1640 1642
1640 3461
1641 1642
1642 1643
1644 1645
1646 1647
1650 3820
1650 1651
1652 1653
1654 1657
1655 1657
1655 1658
1656 1657
1658 1661
1658 1659
1660 3831
1661 1662
1661 1664
1662 3832
1663 1664
1666 1667
1668 1669
1669 1671
1670 1671
1671 1756
1672 1789
1672 1786
1672 1673
1673 1785
1673 1674
1675 1676
1676 1678
1677 1678
1680 1681
1680 1686
1681 3838
1682 1683
1683 3838
1685 1686
1685 3748
1686 3712
1687 1689
1688 1689
1689 1691
1690 1691
1692 1693
1693 1696
1695 1696
1696 3748
1697 1698
1698 3553
1698 1701
1699 1705
1699 1700
1700 1701
1700 3553
1701 1705
1702 1703
1703 1703
1704 1705
1706 1707
1708 1709
1710 1710
1711 3701
1712 1715
1712 1727
1713 1714
1713 1727
1713 1730
1715 1728
1715 3159
1716 1717
1716 1732
1716 3710
1716 1735
1717 1721
1717 1718
1719 1724
1719 1721
1719 1723
1720 1725
1720 1759
1720 1767
1721 1722
1724 1726
1724 1725
1725 1726
1726 3557
1727 1728
1727 1805
1728 1730
1728 1729
1729 1731
1730 1732
1730 1731
1731 1733
1732 1733
1734 3710
1736 1737
1737 1807
1737 1805
1738 1807
1738 1740
1738 1742
1739 1830
1739 1741
1739 1743
1740 1743
1740 1742
1741 1742
1741 1743
1744 1745
1746 1753
1746 1749
1746 1750
1747 1752
1747 1749
1748 1753
1748 1752
1749 1752
1749 1751
1750 1782
1750 1777
1751 1782
1751 1764
1753 1757
1754 1757
1755 1757
1756 1757
1758 1764
1758 1767
1760 1762
1760 3450
1761 3557
1761 3335
1761 3558
1762 1776
1762 1766
1763 1772
1764 1768
1765 1766
1766 1773
1767 1792
1768 1792
1768 1769
1768 1773
1769 1771
1769 1770
1770 1782
1770 1783
1771 1772
1771 1775
1771 1774
1772 1776
1773 1775
1775 1776
1777 1783
1777 1784
1778 1783
1778 1790
1778 1781
1779 1781
1779 3411
1780 1781
1788 1789
1791 1792
1793 1794
1795 3836
1795 2127
1796 1823
1796 3677
1797 2236
1797 1799
1798 1835
1798 1817
1798 3459
1798 1825
1799 1837
1799 1825
1799 2237
1800 1835
1800 1836
1800 1839
1801 1802
1801 1803
1801 1812
1803 1804
1803 1815
1804 1810
1805 1810
1806 1808
1806 1839
1806 1815
1807 1808
1808 1810
1809 1810
1811 1812
1813 1814
1813 1824
1813 2239
1814 2238
1814 2237
1815 1837
1816 3594
1817 1818
1817 2273
1817 2229
1818 1819
1818 1822
1819 1820
1819 2273
1820 2272
1820 1821
1821 2271
1821 3835
1822 1845
1822 1823
1823 1847
1823 3331
1824 1826
1824 1825
1825 1838
1826 2229
1826 1827
1828 1829
1829 1832
1829 3767
1829 1843
1830 1841
1830 1843
1831 1832
1832 1834
1833 1834
1834 1836
1835 1836
1837 1838
1838 1839
1840 1842
1841 3623
1841 1842
1842 1843
1844 1845
1845 1846
1847 1849
1847 1848
1849 3835
1849 1850
1851 1864
1851 1859
1851 1861
1852 1853
1852 1854
1852 1868
1853 3835
1853 2275
1854 1864
1854 1855
1856 1859
1856 3457
1856 1857
1858 1859
1860 2973
1860 2986
1860 2981
1861 1876
1861 2973
1862 1876
1863 1865
1864 1865
1865 1868
1866 1871
1866 1867
1866 1878
1867 1872
1867 1869
1868 1872
1870 1871
1870 2275
1870 2241
1871 1872
1873 1877
1874 1875
1875 1877
1875 1876
1877 1878
1878 2284
1879 3441
1880 3691
1881 3048
1881 1893
1881 1897
1882 1893
1882 1883
1882 1892
1883 1892
1884 3577
1884 3374
1884 3048
1886 3627
1886 1890
1887 1888
1888 3626
1889 3627
1890 1891
1892 1939
1893 1898
1894 1895
1894 1900
1895 1896
1895 1947
1896 1897
1896 1947
1897 1898
1898 1899
1899 1900
1899 1948
1900 1948
1901 1935
1901 3447
1901 1902
1902 1903
1902 1936
1903 2056
1903 2057
1904 2210
1904 1907
1904 2216
1904 2221
1905 1912
1905 1909
1906 2221
1906 1910
1906 1909
1906 1913
1907 1915
1907 3756
1908 3015
1908 1909
1908 1911
1908 3292
1909 1913
1909 1912
1910 1915
1910 1911
1911 3292
1911 1915
1913 2217
1914 2222
1914 2213
1914 2201
1915 3756
1916 1935
1916 1936
1916 1933
1917 1919
1918 1925
1918 3699
1918 1924
1919 1920
1919 2928
1920 3698
1920 1970
1921 1922
1921 2000
1921 3775
1922 1995
1922 2000
1923 1983
1923 1924
1923 1928
1923 1995
1924 1925
1924 1930
1925 1926
1925 3389
1926 1933
1926 1936
1927 1930
1927 1928
1927 1932
1927 3085
1928 1929
1928 3883
1929 1979
1929 3883
1930 3085
1931 1992
1931 1994
1931 1997
1932 3883
1933 1936
1933 1934
1934 1935
1934 3380
1936 3389
1937 1938
1937 1939
1937 1948
1940 1941
1940 1946
1941 1942
1941 1943
1942 1947
1942 1953
1943 1944
1943 3578
1945 1946
1949 1957
1949 1950
1950 1951
1950 1959
1951 1954
1951 1956
1952 1954
1952 1960
1953 1954
1953 1956
1955 1956
1958 3779
1958 2508
1958 1959
1960 1964
1960 1963
1961 1964
1962 1965
1963 1965
1963 3770
1964 1965
1965 1966
1966 1967
1966 3581
1967 3769
1967 3768
1968 1986
1968 3833
1968 1970
1969 3770
1970 3770
1971 3700
1971 3497
1971 2499
1972 2502
1972 2501
1972 2493
1973 2492
1973 2493
1973 2477
1974 3340
1974 1975
1974 2477
1975 3490
1975 3148
1976 3774
1976 3148
1976 2001
1977 3149
1977 2041
1977 2040
1978 2039
1978 2044
1979 1980
1979 2028
1979 2030
1980 1981
1980 2029
1981 2041
1981 2029
1982 1989
1983 1989
1983 1997
1984 1986
1984 1988
1985 1986
1987 1988
1988 3874
1989 1990
1990 1993
1990 1991
1991 1993
1991 1992
1994 2001
1994 1996
1995 1999
1996 1997
1996 1999
1998 1999
2000 2001
2002 3781
2002 3780
2003 2440
2003 2468
2003 2004
2003 3780
2005 2011
2006 2007
2007 2008
2007 2010
2008 2009
2008 2011
2009 3290
2009 2011
2012 2031
2012 2015
2013 3830
2013 2015
2014 2160
2014 2017
2014 2016
2015 2016
2016 2018
2017 2164
2017 2019
2018 2020
2018 2019
2019 2021
2020 2021
2020 3125
2021 3755
2021 3125
2022 3006
2022 3755
2022 3126
2023 3482
2023 3484
2023 3011
2024 3437
2024 3483
2024 3002
2025 3102
2026 3001
2026 3002
2026 3436
2026 3437
2027 3285
2027 3000
2027 3437
2028 2029
2028 2206
2030 3775
2030 3774
2031 2061
2032 2033
2032 3707
2032 2063
2033 2138
2033 2136
2033 3146
2034 2035
2034 2176
2034 2320
2035 3084
2035 2412
2036 2174
2036 2410
2036 2408
2037 2462
2037 2406
2037 2047
2038 2457
2038 2388
2038 2406
2039 2053
2039 2040
2040 2053
2041 2042
2042 2043
2042 2059
2043 2044
2043 2059
2045 2434
2045 2046
2045 2316
2046 2998
2046 2458
2047 2391
2047 2404
2047 2461
2048 2554
2048 2552
2048 2399
2049 3475
2049 2546
2049 2050
2050 2525
2050 2051
2051 2521
2051 2524
2052 2524
2052 2522
2053 2386
2054 2056
2054 2057
2054 2055
2055 3287
2055 3010
2056 3519
2057 3291
2058 3085
2058 3287
2059 2060
2060 2315
2060 2320
2060 2312
2061 3707
2061 2062
2061 2219
2062 3089
2062 2063
2063 2064
2064 2135
2064 2154
2064 2158
2065 2158
2065 2153
2065 2156
2065 2152
2066 2163
2066 2153
2066 2161
2067 2155
2067 2068
2067 2166
2068 2134
2068 2074
2069 2134
2069 2132
2069 2078
2070 2185
2070 2074
2070 2183
2071 2190
2071 2150
2071 2192
2072 3860
2072 2349
2072 3859
2073 2166
2073 2074
2073 2180
2074 2076
2075 3008
2075 2132
2076 2078
2076 2077
2077 2079
2077 2078
2080 2081
2080 2087
2080 2349
2080 2350
2081 2347
2081 2082
2082 2333
2082 2338
2082 2344
2083 2189
2083 2182
2083 2184
2083 2187
2084 2182
2084 2183
2085 2107
2085 2106
2085 3055
2086 3055
2086 3863
2086 3862
2087 2088
2087 3784
2088 2128
2089 2354
2089 2096
2089 2095
2090 2352
2090 2104
2090 2354
2091 2351
2091 2104
2091 2092
2092 2350
2093 2094
2093 2098
2093 2111
2094 2099
2094 2095
2095 2096
2096 2097
2097 2098
2098 2111
2099 2357
2100 2454
2100 2101
2100 2451
2101 2108
2101 2102
2102 2103
2103 2104
2103 2107
2105 2106
2105 3054
2105 3472
2106 3055
2107 2108
2108 2109
2109 2436
2109 2110
2110 3472
2111 2472
2112 2472
2112 3875
2112 2113
2113 3875
2113 2114
2114 3485
2114 2802
2114 3876
2115 3877
2115 2636
2115 2797
2116 2636
2116 2793
2116 2792
2116 2798
2118 2119
2120 2121
2120 3595
2122 2123
2123 2187
2125 2260
2125 2279
2126 2129
2126 2127
2126 3782
2127 3783
2127 2128
2128 2288
2129 2130
2130 2281
2131 2155
2131 2133
2132 2133
2133 2134
2135 2137
2135 2136
2136 3866
2137 2152
2137 2168
2138 2199
2138 3867
2139 2146
2139 2147
2139 2145
2140 2141
2140 2145
2140 2148
2140 2147
2141 2149
2141 2150
2142 2223
2142 2143
2142 2178
2143 2144
2143 2179
2144 2146
2144 2145
2146 2170
2147 2148
2148 2149
2149 2168
2150 2151
2151 2192
2151 2196
2152 2153
2154 2157
2154 3089
2155 2165
2156 2161
2156 3830
2156 2157
2157 2158
2158 2159
2160 3830
2160 2161
2161 2162
2162 2165
2162 2163
2163 2166
2164 3757
2164 2165
2165 2166
2167 2168
2169 2225
2169 2199
2169 2170
2170 3621
2171 2329
2171 2330
2171 2172
2172 2331
2172 2332
2172 2173
2173 2175
2173 2174
2174 3054
2176 2177
2176 2178
2177 2179
2177 2329
2178 2179
2180 2185
2180 2196
2181 2187
2181 3785
2181 2342
2182 2183
2185 2197
2186 2341
2186 2334
2186 2338
2188 2191
2188 2341
2188 2189
2189 3093
2190 2195
2190 2340
2191 2193
2191 2195
2192 2194
2193 2197
2193 2194
2194 2195
2196 2197
2198 2199
2200 2206
2200 2210
2200 2204
2201 2211
2201 2312
2202 2203
2203 2211
2203 2204
2204 2208
2205 2208
2206 2208
2207 2208
2209 2210
2211 2214
2212 2213
2213 2215
2214 2215
2214 2216
2215 2217
2216 2220
2217 2218
2217 2220
2218 2219
2219 2222
2220 2221
2222 2224
2223 2225
2223 2224
2224 2225
2226 2227
2228 2230
2229 2230
2230 2231
2231 2233
2231 2239
2232 2234
2232 2233
2233 2234
2234 2235
2235 2239
2235 2238
2236 2238
2236 2237
2240 2247
2240 2259
2240 2273
2240 2270
2241 2244
2242 2248
2242 2244
2242 2246
2243 2274
2243 2248
2243 2244
2245 2246
2246 2247
2248 2270
2249 2256
2249 3661
2249 2260
2250 2263
2251 2267
2251 2266
2251 2261
2252 2253
2253 2255
2253 2269
2254 2257
2255 2256
2256 2257
2258 2259
2259 2260
2261 2269
2262 2266
2263 2267
2263 2265
2264 2265
2264 3434
2264 3661
2265 2268
2266 3435
2267 2268
2267 2269
2268 3435
2270 2272
2271 2274
2271 2272
2272 2273
2274 2275
2276 3785
2276 2277
2277 2278
2277 2280
2278 2282
2278 2280
2279 2280
2281 2282
2282 2283
2284 2285
2284 2294
2286 3784
2287 2288
2288 2292
2289 2292
2290 2300
2290 2299
2290 2295
2291 2295
2291 2291
2292 2293
2293 2295
2293 3539
2294 3836
2294 2297
2296 3539
2296 2297
2296 3538
2297 3538
2298 2299
2300 2301
2301 2302
2302 3679
2302 2303
2305 2306
2306 2308
2307 2309
2308 2309
2310 2311
2310 2356
2312 2314
2313 2314
2313 3152
2313 3153
2314 2315
2315 3154
2316 2326
2316 2323
2317 2318
2317 2326
2317 2322
2317 2319
2320 2324
2321 2322
2322 2324
2323 2325
2323 2998
2324 2325
2325 2326
2326 2327
2328 2329
2330 2336
2330 2340
2330 2334
2332 3865
2332 2336
2333 2338
2333 2342
2334 2337
2335 2337
2336 2337
2339 2340
2340 2341
2341 2342
2342 3785
2343 2347
2344 2347
2344 2345
2348 2349
2353 3537
2354 3537
2355 3537
2355 2356
2357 2438
2357 2358
2358 2437
2358 2359
2359 2440
2359 2360
2361 3392
2361 3390
2361 3391
2362 3394
2362 3396
2362 3395
2363 3397
2363 3399
2363 3398
2364 2365
2364 2369
2364 2366
2367 2371
2367 3523
2368 2369
2368 3523
2368 2370
2369 3399
2372 3522
2372 3388
2372 3390
2373 2374
2373 2512
2373 3520
2374 3520
2374 2511
2375 3532
2376 2504
2376 3520
2376 3532
2377 3524
2377 3525
2377 2511
2378 2380
2378 2538
2379 2380
2380 3525
2381 3492
2381 2479
2381 2478
2382 2476
2382 2521
2382 3494
2383 3151
2383 2384
2383 3504
2385 2386
2386 2388
2387 2388
2389 2390
2390 2463
2390 2391
2391 2402
2392 2397
2393 2403
2393 2394
2393 2397
2394 2402
2394 2396
2395 2396
2396 3491
2397 2401
2398 2403
2398 2401
2398 2399
2399 2404
2400 2401
2402 2463
2402 2403
2403 2404
2405 2406
2407 2416
2407 2461
2407 2420
2409 2410
2410 2412
2411 2412
2413 2430
2413 2414
2413 2455
2413 2428
2414 2432
2414 2415
2414 2428
2415 2423
2416 3413
2416 2428
2417 2418
2418 2421
2418 2420
2419 2420
2420 2552
2421 2427
2421 2424
2421 3384
2422 2462
2422 2428
2422 2461
2423 3188
2423 2424
2424 2426
2425 2426
2426 2427
2427 3507
2429 3560
2429 2430
2429 2434
2430 2431
2431 2435
2431 2432
2432 2433
2433 2435
2433 2436
2434 2435
2437 2441
2437 2440
2437 2439
2438 2451
2438 2439
2439 2453
2440 2472
2441 2452
2441 2447
2442 2464
2443 2444
2444 2450
2444 2446
2445 2447
2446 2448
2447 2448
2448 2449
2450 2467
2450 2452
2451 2452
2452 2466
2455 2462
2455 2457
2456 2457
2457 2458
2458 2460
2459 2460
2460 3560
2463 3503
2464 2467
2464 2465
2465 2466
2466 2467
2469 2470
2469 2601
2469 2599
2470 2471
2470 2634
2473 3562
2474 2476
2475 2476
2477 3341
2478 2482
2478 2479
2479 2481
2480 2486
2481 2482
2481 2484
2482 2485
2482 2486
2483 2487
2484 2485
2484 2490
2485 2491
2485 2487
2486 2488
2487 2488
2487 2492
2488 2489
2490 3344
2490 2491
2491 3345
2491 2492
2492 2497
2493 2495
2494 2495
2495 2497
2496 2497
2498 2499
2499 2501
2500 2501
2503 2520
2504 2505
2504 2506
2506 2507
2506 2509
2507 2509
2507 2508
2508 3147
2509 3706
2510 2511
2512 2514
2512 2513
2514 2516
2514 2515
2516 2518
2516 2517
2518 3522
2518 2519
2520 3496
2520 3497
2521 2522
2522 2541
2523 2524
2526 2561
2526 2557
2526 2581
2527 2572
2527 2570
2527 2563
2528 2529
2529 2535
2529 2531
2530 2545
2530 2544
2531 3500
2531 2544
2532 2534
2532 2533
2532 2541
2533 3528
2534 3512
2534 2536
2535 2536
2535 3528
2536 2537
2539 2540
2541 2542
2542 3502
2542 3501
2543 2544
2546 2555
2546 2547
2547 3414
2547 2548
2548 3505
2548 2549
2549 2551
2549 2550
2552 2556
2553 2554
2554 2555
2555 2556
2556 3383
2557 2586
2557 2558
2558 2559
2558 2585
2559 2562
2559 2560
2560 2561
2561 2563
2562 2564
2562 2568
2563 2568
2563 2583
2565 2567
2565 3382
2566 3477
2566 2572
2566 2567
2567 2570
2568 2570
2569 2570
2571 2574
2571 2588
2571 2581
2572 2582
2573 2576
2573 2574
2573 2582
2574 2609
2575 2577
2576 2577
2576 2580
2577 2579
2578 2579
2579 2580
2581 3127
2582 2583
2583 3127
2584 2592
2584 2585
2584 2590
2585 3829
2586 2598
2586 2587
2587 2589
2587 2588
2588 2624
2590 3509
2590 2591
2591 3510
2593 3509
2594 2596
2594 3511
2594 3510
2595 3426
2595 3471
2595 3422
2597 2598
2598 3426
2599 2630
2599 3563
2600 2608
2600 2626
2600 2606
2601 2602
2601 2628
2602 2603
2602 2633
2603 2608
2603 2613
2603 3781
2604 2613
2605 2606
2606 2628
2606 2607
2608 2621
2609 2617
2609 3518
2610 2611
2614 2615
2615 2617
2615 2616
2617 2625
2618 2667
2618 2619
2618 2665
2619 2624
2619 2632
2620 2621
2620 2632
2620 2627
2620 2626
2621 2623
2622 2623
2623 2625
2624 2625
2626 2627
2627 2648
2628 2630
2629 2630
2631 2632
2635 2636
2637 2663
2637 2639
2637 2647
2638 2639
2639 2665
2640 2646
2640 2641
2640 2642
2641 2654
2641 2642
2641 2724
2642 2653
2642 3659
2643 2644
2644 2646
2644 2645
2646 3402
2647 2648
2647 3401
2649 2650
2649 2667
2649 2664
2650 2662
2650 2661
2651 2663
2651 2652
2652 2653
2653 2669
2654 2725
2655 3566
2656 3332
2656 3514
2656 2658
2657 2658
2658 2659
2660 2661
2661 3514
2663 2664
2664 2665
2666 2667
2666 2675
2666 2678
2668 2670
2669 2671
2669 2672
2670 2672
2670 2671
2671 3565
2672 2673
2674 2675
2675 2676
2677 2678
2678 3334
2679 3334
2680 2681
2681 2683
2681 2688
2682 2683
2683 2685
2684 2697
2684 2726
2684 2694
2685 2694
2685 2726
2686 2688
2687 2734
2687 2689
2687 2688
2689 2703
2689 2699
2690 2708
2690 3566
2690 3657
2691 3567
2691 3569
2691 2693
2692 2705
2694 3569
2695 2696
2695 2697
2695 3571
2696 3465
2696 2710
2697 2698
2699 2701
2699 2731
2700 2731
2700 2702
2700 2729
2703 2704
2705 2708
2705 2706
2706 2707
2706 3465
2708 2709
2709 2711
2709 3564
2711 2712
2711 2720
2712 2728
2712 2718
2713 2716
2713 2714
2713 2739
2717 2718
2718 2719
2718 3465
2720 2721
2720 2723
2721 2739
2721 2741
2722 2723
2723 2724
2724 2725
2725 2767
2726 2727
2728 2741
2728 2732
2729 2730
2729 3371
2730 2731
2730 2732
2732 2733
2735 2762
2735 3360
2735 2779
2736 2772
2737 2771
2737 2772
2738 2739
2740 2741
2742 3669
2742 2791
2742 2789
2743 2769
2743 2807
2743 3463
2744 3360
2744 2757
2744 2755
2745 2765
2745 2746
2745 2764
2746 2754
2746 2747
2747 2758
2747 3365
2748 2752
2748 2749
2748 3365
2749 2751
2750 2751
2752 2753
2752 2758
2755 2757
2755 2764
2756 2757
2758 2759
2760 2830
2760 2832
2761 2832
2762 2763
2764 2766
2764 2765
2765 3361
2767 3438
2768 2769
2768 2770
2768 3438
2769 2773
2771 2777
2771 3438
2772 2777
2773 3464
2773 2778
2774 2775
2775 2776
2775 2778
2777 2778
2779 3464
2779 2787
2780 2783
2780 2785
2780 3464
2781 2783
2782 2783
2784 2785
2785 3463
2786 2787
2787 3362
2788 2791
2789 2807
2789 2791
2790 2791
2792 2793
2793 2796
2793 2794
2794 2817
2794 2806
2795 2817
2797 2805
2797 3877
2798 2799
2798 2805
2799 2800
2799 3540
2801 2802
2802 3877
2803 2813
2803 3876
2803 3875
2804 2805
2807 3462
2808 3462
2809 2814
2809 2811
2809 2812
2810 2811
2811 3462
2813 2814
2814 2815
2816 2817
2818 2824
2818 2819
2818 2845
2819 2873
2819 2820
2819 3440
2820 2875
2820 2821
2821 2823
2821 2822
2822 2862
2822 2868
2825 2826
2826 2845
2828 3809
2828 3808
2829 2830
2830 3487
2831 2832
2833 3488
2834 3486
2835 2837
2836 2841
2836 2837
2837 2839
2838 2839
2838 2841
2840 2841
2842 3635
2843 2844
2844 2845
2844 3308
2846 3805
2847 2848
2847 3802
2847 3806
2848 3357
2848 2851
2849 3819
2849 3357
2849 3818
2850 3800
2850 2858
2850 3819
2852 3800
2852 2860
2854 2855
2855 2860
2856 2857
2857 2859
2858 2859
2861 2862
2863 3633
2863 2864
2863 3818
2865 3635
2866 2926
2866 3635
2866 2867
2868 2879
2869 3352
2869 3358
2869 2883
2870 2871
2870 2872
2870 3309
2871 3353
2871 3354
2872 3308
2872 2880
2874 2877
2875 2877
2875 2876
2877 2878
2879 3346
2879 3351
2881 3350
2881 3631
2882 2885
2882 2896
2882 2887
2883 2884
2883 2898
2885 2900
2885 2886
2887 2895
2887 2888
2889 2890
2890 3352
2890 2891
2891 2892
2891 2895
2892 2893
2892 2894
2895 3636
2897 2898
2898 2906
2898 2900
2899 2900
2901 2902
2902 2903
2902 2911
2904 2906
2904 2911
2904 2907
2905 2906
2908 2910
2909 2910
2910 2911
2912 2913
2912 2914
2915 3843
2915 2916
2916 2917
2917 3281
2917 3278
2918 3322
2918 2919
2918 2920
2919 2920
2919 3323
2921 2924
2921 2922
2922 2923
2925 2926
2926 3310
2927 2975
2928 3699
2928 3698
2929 3519
2930 2931
2935 3840
2936 3034
2939 3294
2939 2940
2939 3255
2939 3251
2940 3252
2940 3254
2941 2942
2943 2949
2944 2950
2944 3043
2945 2949
2945 2950
2946 3297
2947 3280
2947 2948
2948 3277
2948 3714
2950 3044
2951 3034
2951 3035
2951 3184
2954 2991
2955 3116
2956 3039
2959 3317
2963 2964
2965 2966
2965 3263
2966 2967
2967 2968
2968 3264
2971 2972
2973 2980
2974 2982
2975 2979
2976 2982
2977 2986
2980 2980
2981 2982
2981 3480
2983 2987
2984 2985
2984 2987
2989 2989
2990 3118
2993 2994
2994 2995
2994 3282
2995 3282
2995 2996
2996 3283
2996 3284
2997 3283
2999 3289
3000 3437
3000 3479
3003 3124
3004 3005
3005 3102
3006 3007
3006 3009
3007 3126
3007 3008
3009 3757
3010 3014
3010 3519
3011 3012
3012 3013
3013 3015
3015 3237
3016 3160
3016 3176
3017 3018
3019 3020
3021 3856
3021 3022
3024 3214
3024 3750
3025 3214
3025 3751
3031 3032
3031 3033
3031 3185
3032 3702
3032 3184
3032 3096
3033 3096
3034 3035
3034 3037
3036 3066
3038 3231
3039 3624
3039 3231
3040 3100
3040 3516
3040 3624
3041 3110
3044 3045
3047 3374
3048 3374
3049 3745
3050 3051
3051 3052
3052 3053
3056 3057
3056 3058
3057 3058
3058 3301
3059 3298
3060 3760
3060 3217
3062 3761
3063 3761
3064 3760
3064 3218
3064 3219
3066 3097
3066 3112
3069 3070
3069 3439
3069 3071
3071 3072
3071 3758
3072 3759
3072 3073
3073 3074
3074 3871
3075 3588
3075 3587
3075 3604
3076 3368
3078 3297
3078 3619
3078 3338
3079 3618
3079 3261
3079 3619
3081 3091
3081 3417
3085 3389
3086 3087
3086 3274
3086 3844
3087 3088
3087 3245
3088 3846
3088 3845
3090 3257
3091 3296
3092 3878
3094 3690
3095 3598
3096 3702
3097 3098
3097 3379
3099 3100
3099 3628
3101 3516
3101 3230
3103 3104
3105 3713
3105 3536
3106 3108
3106 3713
3107 3713
3107 3236
3107 3478
3108 3109
3108 3236
3109 3236
3110 3232
3110 3236
3110 3478
3111 3319
3112 3320
3113 3132
3113 3114
3114 3115
3115 3453
3116 3117
3116 3454
3117 3454
3121 3825
3122 3123
3122 3186
3124 3126
3124 3125
3126 3416
3127 3128
3129 3130
3129 3156
3131 3133
3131 3132
3132 3133
3133 3136
3134 3137
3134 3135
3135 3138
3135 3136
3136 3137
3138 3139
3139 3140
3142 3144
3142 3143
3142 3145
3147 3581
3147 3700
3148 3150
3149 3151
3150 3151
3159 3766
3160 3738
3160 3743
3161 3324
3161 3162
3161 3455
3162 3455
3163 3324
3164 3324
3165 3166
3165 3181
3166 3180
3167 3169
3167 3176
3168 3173
3168 3180
3169 3176
3170 3179
3170 3178
3171 3175
3171 3172
3172 3179
3174 3671
3175 3177
3177 3181
3177 3178
3178 3671
3179 3183
3182 3183
3186 3517
3187 3628
3189 3193
3189 3190
3194 3203
3194 3652
3194 3197
3195 3667
3195 3217
3195 3218
3196 3197
3196 3212
3198 3200
3198 3415
3199 3205
3199 3415
3199 3652
3200 3201
3201 3202
3202 3758
3202 3204
3203 3650
3204 3759
3205 3650
3206 3208
3207 3209
3208 3210
3209 3210
3210 3211
3211 3215
3212 3213
3213 3452
3214 3751
3215 3216
3217 3218
3218 3225
3218 3219
3219 3224
3221 3223
3222 3223
3224 3225
3226 3852
3226 3854
3227 3305
3228 3516
3228 3230
3229 3231
3229 3516
3229 3624
3232 3233
3232 3690
3232 3234
3233 3478
3233 3234
3234 3689
3237 3291
3238 3263
3238 3264
3239 3242
3239 3249
3239 3252
3240 3243
3241 3260
3241 3259
3241 3256
3242 3250
3242 3243
3243 3252
3244 3248
3244 3265
3244 3258
3245 3248
3245 3295
3246 3271
3246 3256
3246 3249
3247 3249
3247 3259
3248 3265
3251 3294
3251 3262
3253 3260
3253 3257
3254 3258
3254 3294
3256 3272
3259 3260
3261 3619
3262 3295
3265 3295
3266 3273
3267 3268
3268 3273
3268 3269
3269 3271
3269 3272
3270 3271
3271 3272
3272 3273
3275 3278
3275 3336
3276 3279
3276 3280
3277 3714
3277 3281
3278 3281
3278 3336
3279 3336
3279 3714
3280 3714
3283 3284
3285 3436
3286 3292
3286 3293
3286 3288
3287 3290
3288 3289
3288 3293
3290 3293
3291 3380
3297 3338
3298 3687
3298 3299
3298 3301
3299 3688
3299 3302
3300 3302
3300 3688
3304 3747
3305 3306
3307 3308
3309 3358
3309 3346
3311 3313
3312 3314
3314 3424
3315 3473
3320 3379
3321 3322
3330 3457
3330 3480
3333 3334
3338 3826
3340 3341
3340 3342
3341 3343
3342 3344
3342 3343
3343 3345
3344 3345
3346 3348
3347 3355
3347 3771
3347 3349
3350 3353
3350 3733
3352 3771
3353 3356
3357 3635
3358 3359
3360 3363
3361 3469
3361 3364
3364 3469
3365 3469
3366 3764
3367 3871
3367 3870
3369 3373
3369 3370
3370 3371
3371 3372
3372 3373
3375 3376
3381 3515
3381 3476
3381 3382
3382 3515
3385 3386
3385 3387
3386 3388
3386 3387
3387 3388
3390 3391
3391 3393
3392 3394
3392 3393
3393 3394
3395 3396
3395 3397
3396 3398
3397 3398
3400 3668
3400 3403
3400 3401
3401 3402
3402 3403
3405 3406
3407 3409
3407 3412
3408 3412
3408 3409
3419 3420
3421 3422
3422 3423
3425 3754
3426 3470
3427 3429
3427 3428
3429 3430
3434 3662
3434 3435
3441 3691
3441 3482
3442 3444
3442 3851
3443 3446
3444 3445
3444 3851
3445 3446
3447 3576
3448 3449
3450 3451
3452 3667
3453 3455
3453 3454
3454 3455
3456 3457
3456 3480
3456 3458
3459 3842
3459 3841
3460 3461
3462 3463
3466 3468
3466 3467
3467 3468
3473 3474
3475 3476
3476 3477
3479 3690
3481 3482
3482 3483
3486 3488
3486 3808
3488 3489
3492 3494
3492 3493
3493 3495
3493 3494
3497 3498
3497 3499
3506 3857
3506 3561
3508 3509
3513 3514
3517 3628
3521 3522
3523 3526
3525 3527
3526 3526
3528 3529
3530 3779
3531 3532
3533 3534
3539 3836
3541 3543
3541 3542
3542 3544
3543 3545
3543 3829
3544 3545
3545 3829
3546 3546
3547 3879
3549 3550
3550 3551
3551 3552
3553 3554
3555 3556
3559 3560
3561 3562
3566 3567
3567 3570
3568 3569
3572 3576
3573 3575
3574 3575
3575 3576
3581 3769
3582 3675
3584 3870
3585 3586
3585 3590
3585 3591
3586 3587
3586 3592
3587 3604
3588 3590
3589 3591
3590 3591
3591 3834
3592 3603
3594 3837
3596 3597
3597 3703
3603 3604
3610 3611
3612 3613
3616 3617
3618 3620
3618 3826
3620 3826
3621 3867
3621 3866
3622 3676
3622 3678
3623 3765
3626 3627
3629 3630
3631 3882
3632 3773
3632 3638
3633 3635
3633 3634
3636 3793
3636 3637
3639 3640
3641 3642
3644 3728
3644 3645
3646 3868
3646 3647
3646 3649
3647 3648
3650 3652
3650 3651
3653 3654
3655 3656
3657 3659
3657 3658
3659 3660
3661 3662
3663 3667
3663 3664
3665 3666
3668 3669
3670 3671
3672 3673
3676 3677
3676 3678
3678 3842
3680 3682
3680 3681
3683 3684
3685 3686
3685 3745
3689 3690
3689 3692
3691 3692
3693 3694
3695 3848
3696 3848
3697 3698
3700 3769
3707 3708
3709 3710
3715 3716
3717 3718
3718 3720
3718 3778
3719 3720
3721 3722
3723 3724
3725 3726
3728 3729
3730 3731
3731 3737
3734 3735
3736 3737
3738 3741
3739 3740
3739 3741
3739 3744
3740 3742
3741 3744
3742 3743
3746 3747
3748 3749
3750 3751
3752 3753
3755 3757
3758 3759
3761 3762
3768 3833
3771 3772
3774 3775
3776 3777
3780 3781
3782 3783
3783 3784
3786 3787
3788 3790
3789 3792
3790 3791
3790 3792
3791 3792
3793 3798
3793 3799
3794 3799
3795 3796
3795 3798
3796 3797
3798 3799
3801 3802
3802 3805
3802 3803
3803 3806
3803 3804
3803 3805
3804 3806
3807 3809
3807 3808
3809 3810
3810 3814
3811 3813
3812 3813
3812 3814
3813 3814
3815 3816
3818 3819
3822 3823
3823 3824
3827 3828
3841 3842
3843 3844
3843 3845
3844 3846
3848 3849
3852 3853
3852 3854
3853 3855
3854 3855
3857 3858
3859 3860
3859 3864
3860 3862
3861 3865
3861 3864
3861 3863
3862 3863
3864 3865
3866 3867
3869 3870
3872 3873
3875 3876
3879 3881
3879 3880
3880 3881
