0 269
0 474
0 3
1 522
1 272
1 472
2 340
2 3
2 266
3 567
4 519
4 276
4 469
5 6
5 275
5 519
6 7
6 601
7 276
7 600
8 350
8 277
8 278
9 130
9 350
9 61
10 128
10 275
10 519
11 588
11 526
11 583
12 503
12 241
12 499
13 33
13 32
13 528
14 345
14 354
15 573
15 534
15 535
16 555
16 335
16 529
16 556
17 54
17 558
17 64
18 349
18 343
18 347
19 283
19 22
19 524
20 523
20 280
20 282
21 372
21 284
21 365
22 23
22 524
23 564
23 24
24 564
24 504
24 565
25 31
25 34
25 26
25 29
26 30
26 27
26 271
27 567
27 566
28 29
28 35
28 34
28 584
29 30
29 41
30 39
31 599
31 33
32 468
32 33
33 34
34 528
35 579
35 56
36 42
36 373
36 37
37 38
37 50
38 553
38 49
39 40
39 48
40 41
40 147
41 47
41 42
42 43
42 148
43 47
43 141
44 144
44 143
44 47
45 46
45 579
45 144
46 579
46 344
48 49
48 572
49 145
50 149
50 145
50 147
51 149
52 53
52 349
52 358
54 55
54 351
54 359
56 57
56 341
58 62
58 59
58 351
59 351
59 541
60 61
61 541
63 368
63 365
63 529
64 558
64 362
64 329
65 563
65 66
65 339
67 75
67 338
67 77
68 70
69 70
70 71
71 73
71 72
73 75
73 74
75 76
77 88
77 101
78 85
78 323
78 90
79 85
79 88
79 80
80 84
80 95
81 99
81 82
82 326
82 83
85 86
87 88
87 101
87 97
89 590
89 90
89 92
90 92
91 325
91 93
92 322
93 323
93 94
94 95
94 96
95 96
96 326
97 98
97 99
99 100
101 102
103 104
103 517
103 526
104 596
104 517
105 515
105 517
105 595
106 184
106 113
106 124
107 376
107 382
107 380
108 274
108 275
108 520
109 160
109 582
109 110
110 569
110 112
111 119
111 115
111 569
112 569
112 114
113 114
113 591
114 568
115 568
115 591
115 175
116 179
116 198
116 200
117 175
117 118
117 125
117 178
118 176
118 121
119 121
119 170
119 167
120 177
120 180
120 176
121 175
121 171
122 213
122 206
122 212
123 253
123 252
123 213
124 185
124 125
124 175
125 182
125 186
126 140
126 139
126 174
127 174
127 582
127 140
128 552
128 277
129 281
129 150
129 136
129 133
129 587
130 264
130 507
130 136
131 578
131 515
131 576
132 134
132 516
132 133
132 515
133 134
134 575
135 136
135 251
135 252
137 496
137 376
137 494
138 585
138 450
138 453
139 140
139 375
141 142
141 143
143 144
145 146
147 148
148 149
150 151
150 152
153 157
153 154
153 155
154 551
154 155
155 156
156 158
156 160
157 165
157 158
158 160
159 162
161 162
162 169
162 164
163 172
163 487
163 173
164 165
164 166
165 167
166 167
166 170
168 169
168 487
168 170
169 489
171 202
171 487
173 490
173 521
174 582
176 178
177 198
177 179
178 182
178 180
179 180
180 181
181 182
181 217
182 214
183 207
184 188
184 185
185 187
186 214
186 187
187 189
188 374
188 191
189 214
189 190
191 505
191 193
192 234
192 193
192 416
193 231
194 235
194 416
194 195
195 236
195 422
196 422
196 245
196 574
197 537
197 249
197 574
198 205
199 205
200 222
200 223
201 222
202 204
202 207
203 204
204 206
205 212
206 508
207 209
208 255
208 256
208 542
210 508
211 212
213 229
213 225
214 215
215 216
215 219
216 217
216 224
217 218
220 224
221 222
223 226
224 527
225 227
225 229
226 227
227 228
228 230
229 240
230 510
230 512
231 232
231 233
236 237
236 238
238 245
238 239
240 512
240 241
241 503
242 244
242 498
242 503
243 500
243 244
243 502
244 502
245 248
246 248
246 249
246 287
247 247
247 248
249 533
250 251
251 264
252 253
252 526
253 254
255 256
255 261
256 597
257 259
258 261
259 262
259 264
260 262
261 262
261 263
265 514
265 516
265 594
266 550
266 551
267 268
267 270
267 273
268 269
268 474
269 271
270 272
270 472
271 272
273 521
273 489
274 521
274 279
276 467
277 471
277 278
278 525
280 541
280 282
281 603
281 283
282 603
283 603
284 602
284 523
285 301
286 581
287 288
287 580
288 293
289 573
289 317
289 318
290 291
290 530
290 292
291 316
291 502
292 530
292 295
293 295
294 296
295 296
296 297
298 304
298 306
298 299
299 301
299 300
300 301
300 518
301 303
302 303
303 307
304 309
305 311
305 588
305 306
306 310
308 309
308 313
308 310
310 311
311 312
312 315
312 314
318 319
318 320
319 573
321 590
321 589
322 325
322 323
324 325
326 327
328 559
329 559
329 335
330 562
331 561
332 560
333 562
333 334
333 563
334 561
334 556
334 554
335 560
336 338
337 339
338 339
340 513
340 553
341 353
341 584
342 570
342 344
342 343
343 344
345 570
345 346
346 347
346 570
347 348
349 355
350 352
356 357
357 361
357 358
358 359
359 360
362 367
363 368
364 366
365 366
366 371
367 368
369 372
370 372
374 383
374 380
375 494
375 493
376 377
377 378
377 387
378 379
379 465
380 381
382 384
382 386
383 384
383 411
384 385
388 389
388 394
388 402
389 401
389 400
390 392
390 391
390 475
391 397
391 394
393 395
394 485
395 396
395 399
396 485
397 446
397 428
398 478
398 424
398 476
399 506
399 540
401 497
401 405
402 407
403 404
403 408
403 465
406 407
408 419
408 409
410 413
411 412
411 414
413 417
413 414
414 415
416 420
417 465
417 418
418 593
418 419
419 423
421 422
423 540
423 425
424 540
424 592
426 536
426 592
426 593
427 484
427 428
428 429
430 479
430 447
430 457
431 457
431 484
431 452
431 547
432 484
432 434
432 433
433 448
433 441
434 435
434 538
435 439
435 437
436 437
436 444
436 539
437 438
438 444
438 439
438 443
439 440
440 443
440 449
441 449
441 538
442 538
443 444
445 454
446 447
449 451
449 586
451 586
451 452
452 548
452 585
453 455
453 549
454 586
454 456
456 549
457 546
458 459
458 462
458 464
459 546
459 460
460 461
460 462
461 463
461 462
463 464
466 468
466 470
466 467
467 469
468 470
469 471
470 525
471 525
472 473
472 521
473 522
473 601
474 550
475 486
475 477
476 478
476 486
477 486
477 479
478 480
479 480
480 546
481 482
482 484
482 544
483 543
483 544
488 489
490 492
490 491
493 494
493 495
495 496
495 497
496 497
498 588
498 503
499 500
499 501
500 501
501 580
504 565
508 509
511 512
513 571
513 572
514 526
514 583
515 577
516 517
518 583
520 542
520 552
522 599
523 602
524 602
528 584
529 554
530 581
531 536
531 532
531 534
532 574
532 534
532 537
533 535
533 537
535 537
536 574
539 545
539 543
542 552
543 545
544 545
546 547
547 548
548 549
550 551
553 598
554 556
555 557
555 560
556 557
557 561
558 559
559 560
561 562
562 563
566 567
566 571
568 591
571 572
575 576
576 597
577 587
577 578
578 587
580 581
585 586
589 590
592 593
594 595
595 596
596 597
599 600
600 601
