0 356
0 1870
1 1844
1 657
1 658
2 321
2 647
2 788
3 403
3 662
3 4
3 788
4 661
4 5
5 1633
6 10
6 9
6 401
6 7
7 664
7 8
8 1838
8 375
9 664
10 405
10 376
11 253
11 255
12 343
12 442
12 13
12 441
13 559
13 1793
14 1688
14 347
14 345
14 450
15 435
15 82
15 900
16 1037
16 572
16 440
17 668
17 1040
17 1632
17 1691
18 1273
18 1758
18 1757
19 1848
19 1847
19 2006
19 1849
20 1293
20 1318
20 1494
21 1654
21 1337
21 1318
22 2015
22 1395
22 1337
23 791
23 1389
23 1395
23 1386
24 789
24 1369
25 397
25 34
25 40
25 2016
26 40
26 42
26 31
26 536
27 38
27 31
27 33
27 49
28 568
28 29
28 666
29 565
29 2016
30 2016
30 397
30 666
31 50
31 39
32 395
32 319
33 43
33 37
34 36
34 566
34 563
34 35
35 40
35 42
35 1950
36 1950
36 299
37 394
37 38
37 395
38 396
38 39
39 40
39 397
41 1950
41 299
41 302
42 446
43 476
43 49
44 48
44 543
44 524
45 541
45 546
45 253
45 46
46 47
46 553
46 545
47 48
47 545
47 551
48 352
48 498
49 50
49 509
50 1985
51 54
51 523
51 522
51 526
52 516
52 56
52 59
53 55
53 1985
53 537
53 56
54 514
54 58
55 543
55 58
56 57
57 58
57 59
59 514
60 645
60 650
60 653
61 654
61 1879
61 206
62 207
62 206
62 651
63 208
63 207
63 1822
64 1089
64 1088
64 66
65 68
65 1868
65 1964
66 68
66 67
67 1078
67 1082
68 69
69 1713
69 1082
70 384
70 71
70 443
71 424
71 508
71 427
72 460
72 459
72 584
73 1063
73 223
73 461
74 77
74 1850
75 1850
75 646
75 1689
76 1689
77 1699
78 79
79 249
79 80
80 81
80 249
81 84
82 691
82 432
83 1866
83 432
84 831
85 831
85 1705
86 120
86 451
86 93
87 89
87 88
87 506
88 92
88 90
89 451
90 110
90 94
90 416
91 416
91 412
91 92
93 120
93 250
94 121
94 95
95 114
95 336
96 110
96 111
96 620
97 230
97 620
97 98
98 99
98 488
98 452
99 491
99 100
100 101
100 1741
101 102
101 1741
102 1742
102 103
103 1050
103 593
103 1969
103 1742
104 1969
104 1741
104 480
105 106
105 109
105 619
106 1149
106 107
107 151
107 1149
108 109
108 807
108 1148
109 619
110 111
111 112
112 229
112 113
113 115
113 114
114 115
115 116
116 117
117 118
117 119
118 333
118 334
119 327
119 334
120 121
121 506
122 1320
122 123
122 128
123 124
123 1286
124 1190
124 125
125 126
125 747
126 749
126 127
127 751
127 128
128 1321
129 745
129 130
129 826
130 2020
130 745
131 132
131 1362
132 149
132 133
133 137
133 149
134 1619
134 400
135 561
135 250
135 1594
136 1923
136 268
136 1858
136 1924
137 1363
138 139
138 452
138 491
139 140
139 758
139 625
140 453
140 1115
141 142
141 453
142 454
143 767
143 455
143 454
144 1355
144 1585
144 1356
145 456
145 1581
145 1351
146 1802
146 1800
147 298
148 1364
148 149
148 298
150 492
150 218
150 1742
151 1869
151 1150
152 802
152 1869
152 800
153 154
153 1382
153 1971
154 615
154 155
155 156
155 615
156 1139
156 157
157 158
157 1744
158 231
158 159
159 1382
159 231
160 161
160 165
160 616
161 166
161 162
162 163
162 166
163 1383
163 164
164 165
164 1383
165 616
167 200
167 201
167 1868
168 169
168 171
168 423
169 211
169 1867
170 473
170 1868
170 1867
171 1873
171 201
172 621
172 173
172 423
172 1873
173 174
173 179
174 1918
174 175
175 1949
175 1918
176 177
176 184
176 1949
177 1138
177 178
178 179
178 1138
179 423
180 1758
180 607
180 606
181 370
181 1915
181 182
182 469
182 183
183 466
183 430
184 1941
184 1946
185 186
185 1674
185 1712
186 187
186 193
187 188
187 193
188 1674
188 1183
189 190
189 1785
189 192
190 191
190 196
191 316
191 196
192 1718
192 1907
193 194
194 195
194 221
195 196
195 813
197 212
197 198
197 1718
198 1169
198 2007
198 1087
199 200
199 2003
199 2007
200 201
202 203
202 208
202 1645
203 209
203 1920
204 205
204 293
204 209
205 206
205 293
207 1822
208 1645
209 211
210 1917
210 1721
210 472
210 211
210 1920
211 1920
211 1917
212 1174
212 213
213 220
213 1211
213 1097
214 1228
214 1125
214 1219
214 215
215 1189
215 1280
216 1095
216 1085
216 217
216 810
217 811
217 1090
218 1051
218 1050
218 224
219 1095
219 1055
219 1070
220 1206
220 1174
221 812
221 813
222 1953
222 1047
222 1185
223 1050
223 585
223 1061
223 593
224 225
224 228
225 756
225 226
226 227
226 756
227 228
227 1100
228 1113
229 485
229 230
229 351
230 488
231 1746
232 233
232 236
232 610
233 237
233 234
234 292
234 237
235 236
235 292
235 1130
236 610
237 1781
238 829
238 1972
238 1973
239 240
239 245
239 609
240 353
240 354
241 617
241 242
241 354
242 243
242 617
243 246
243 244
244 245
244 246
245 609
246 1944
246 1545
246 1981
246 1940
247 1716
247 617
247 1714
248 834
248 833
248 608
249 832
250 251
251 477
251 1809
252 1998
252 1349
252 808
253 540
253 447
254 447
254 448
254 547
255 256
255 301
256 258
256 257
257 1864
257 258
258 559
259 1759
259 1646
259 1760
260 643
260 701
260 642
261 262
261 672
261 673
261 644
262 263
262 729
262 600
263 1138
263 667
263 599
264 448
264 338
264 556
265 556
265 1979
265 1890
265 448
266 1856
266 267
266 1857
267 1688
267 558
267 559
268 1857
268 1979
269 270
269 274
270 271
270 1609
271 272
271 398
272 273
272 1599
273 274
273 342
274 342
275 1136
275 284
275 276
276 277
276 1407
277 1407
277 278
278 279
278 1796
279 1796
279 280
280 281
280 291
281 285
281 282
282 283
282 1431
283 1431
283 284
284 1133
285 286
285 291
286 287
286 1827
287 288
287 1827
288 306
288 289
289 290
289 306
290 1825
290 1826
291 1826
292 1129
293 598
294 295
295 296
295 1586
295 1587
296 297
296 1586
297 298
297 1586
299 300
300 304
300 301
301 302
302 1906
303 575
303 574
303 570
304 1724
304 566
304 2014
305 1404
305 1478
305 1483
306 1478
307 480
307 483
307 481
308 590
308 1807
308 588
308 591
309 530
309 310
309 532
310 1720
310 352
310 523
311 504
312 522
312 520
312 1819
313 494
313 501
313 499
313 504
314 316
314 315
314 317
315 621
316 1907
318 479
318 1762
318 1763
319 665
320 662
320 828
321 1844
322 880
322 434
322 712
323 858
323 728
323 860
324 717
324 716
324 739
325 1217
325 607
325 1559
326 604
326 1460
326 411
326 1738
327 328
327 331
328 329
328 330
329 338
329 330
330 331
331 332
332 334
332 333
333 335
335 628
335 630
336 627
336 630
337 479
337 350
337 494
338 478
339 344
339 442
340 346
340 341
340 344
341 349
341 441
341 346
341 345
343 344
343 442
343 441
345 349
346 347
347 348
348 349
348 450
349 450
350 627
350 351
350 628
351 479
352 1720
353 355
353 354
355 1870
355 1871
356 1871
357 601
357 602
358 601
358 1871
358 1870
359 1317
359 1771
359 360
360 1314
360 1315
360 1288
361 362
361 788
361 647
361 404
362 363
362 631
363 364
363 660
364 1822
364 633
365 430
365 366
365 473
365 1964
366 367
366 472
367 368
367 465
368 1813
368 464
369 469
369 471
369 466
369 467
370 373
370 371
370 469
371 1984
371 427
371 1916
372 515
372 513
372 512
372 1810
373 374
373 471
374 424
374 427
374 377
375 428
375 385
376 424
376 377
376 428
377 471
377 470
378 379
378 664
378 1838
379 665
379 380
380 381
380 665
381 382
381 392
382 1726
382 1837
383 443
383 1727
383 1837
384 385
384 1727
385 1838
386 391
386 1645
386 1646
387 634
387 426
387 391
388 410
388 407
388 426
389 402
389 403
389 408
390 462
390 405
390 410
391 636
392 1978
392 393
393 394
393 476
394 395
395 396
396 397
398 1599
398 399
398 1610
399 1613
399 400
400 1620
401 1633
401 425
402 407
402 409
403 637
404 406
404 637
405 409
406 638
406 631
407 638
408 409
408 425
409 410
411 1972
412 413
412 415
412 786
413 420
413 414
414 622
414 415
414 417
415 416
417 420
417 418
418 422
418 419
419 420
419 421
421 740
421 422
422 742
422 785
424 428
425 1633
426 631
427 517
429 1076
429 1073
429 457
430 1926
431 1628
431 821
431 681
432 897
433 837
433 836
433 1865
434 888
434 2019
435 684
435 436
436 908
436 437
437 693
437 438
438 910
438 439
439 718
439 671
439 672
440 1038
440 1696
443 1727
443 444
443 1726
444 476
444 1725
445 446
445 539
445 1906
445 540
445 1845
446 1845
447 1890
448 576
449 564
449 574
449 1724
452 624
453 1151
453 758
454 2012
454 1122
455 780
455 768
456 1800
456 1119
457 1908
457 1911
458 580
458 459
458 1728
459 1065
460 461
460 1065
461 1064
462 463
462 1759
462 1813
463 1813
463 1756
464 1756
464 468
465 468
465 466
467 470
467 468
470 507
472 474
473 1808
474 1808
474 475
475 1867
475 1917
480 481
481 482
482 591
482 592
483 1860
483 488
484 1665
484 579
484 2004
484 1764
485 486
485 1764
485 1761
486 487
486 490
487 489
487 488
489 1860
489 490
490 1764
491 492
492 493
493 757
493 756
494 495
495 496
496 497
498 1958
498 499
498 505
499 1959
500 1874
500 527
500 501
501 1763
502 533
503 1667
504 505
504 1667
505 1720
508 509
508 517
509 515
509 510
510 1985
510 516
511 512
511 1984
511 521
512 1812
513 514
513 522
515 516
517 1984
518 521
518 519
518 1914
519 520
519 535
520 1804
521 1812
523 525
524 525
526 529
526 583
526 530
526 535
527 582
527 1836
527 1835
528 1836
528 529
528 531
529 581
530 531
531 532
532 533
533 1835
534 535
534 1913
534 1928
534 1766
536 538
536 537
537 539
539 542
540 541
541 542
542 544
543 544
544 545
546 547
546 554
547 573
548 576
548 573
549 573
549 554
549 550
550 555
550 1889
550 1719
551 552
551 1889
551 1958
552 1719
552 553
553 554
556 618
556 577
557 1809
557 558
557 1859
558 560
561 562
561 1809
563 565
563 1821
564 1821
564 571
564 566
565 1820
567 1820
567 568
567 571
568 569
569 827
569 570
570 571
572 729
572 1834
574 575
575 1793
576 1147
577 578
577 1923
579 1875
579 1763
579 1876
580 594
580 581
580 583
581 582
581 595
582 588
583 1765
584 587
584 594
585 590
585 587
586 589
586 595
586 588
587 589
589 590
591 592
592 597
593 1969
594 595
596 597
596 1666
596 1807
597 1807
598 600
598 599
599 600
601 602
603 1745
603 1139
604 1467
604 1630
605 843
605 1455
605 1963
606 820
606 607
607 1695
608 717
608 834
609 829
610 1731
611 614
611 1731
611 1975
612 1974
612 1872
612 614
612 1135
613 1976
613 1872
613 1977
614 1135
614 1975
615 616
619 750
620 624
621 1173
621 1167
622 626
622 623
623 1114
623 624
625 1115
625 1114
627 629
628 629
629 630
631 634
632 634
632 633
632 636
633 636
634 635
637 638
639 1996
639 639
640 641
640 704
640 1850
641 642
641 707
642 730
642 708
643 694
643 644
644 1948
645 646
645 659
646 1689
647 648
648 658
648 649
649 651
649 650
650 653
651 654
652 653
652 655
652 654
655 710
655 656
656 1948
656 711
657 659
658 659
661 787
661 1142
662 663
667 668
667 1834
668 669
670 672
670 729
670 671
671 1037
672 674
674 693
674 675
675 695
675 676
676 696
676 677
677 678
677 693
678 679
678 682
679 698
679 680
680 681
680 849
681 700
683 684
684 685
686 687
686 1625
687 688
688 689
688 690
690 692
690 691
691 1628
694 695
694 701
695 696
696 697
697 698
697 701
698 699
699 700
699 701
700 702
701 702
702 703
704 705
704 706
705 730
705 706
706 730
707 707
708 711
708 709
709 710
709 1697
710 711
712 890
712 1965
713 2019
713 714
713 2018
714 857
714 859
715 1930
715 851
715 855
716 963
716 850
717 1717
718 720
718 719
719 914
719 720
720 721
721 722
721 913
722 1007
722 723
723 994
723 923
724 725
724 1006
724 923
725 929
725 726
726 947
726 727
726 975
727 973
727 941
727 728
728 938
731 732
731 1040
731 951
732 1015
732 733
733 1022
733 734
734 1020
734 735
735 1661
735 1656
736 737
736 1783
736 988
737 838
737 983
738 862
738 739
738 983
739 981
740 1164
740 741
742 743
742 744
745 753
746 1190
746 1188
746 2020
747 748
747 2020
748 783
748 749
749 750
750 751
751 809
752 1862
752 753
752 1670
753 754
753 762
754 1187
754 1921
754 822
755 757
755 1187
755 756
757 1862
758 760
758 759
759 763
759 762
760 2013
761 763
761 762
761 764
762 1670
762 1997
763 2013
764 765
764 766
765 766
765 767
765 769
766 770
766 1997
767 768
768 769
768 777
769 770
769 774
770 771
771 772
771 773
772 1997
772 783
773 774
773 781
774 775
775 776
775 777
776 781
776 1571
777 778
778 779
778 1573
779 780
779 1574
780 1162
781 782
782 783
782 784
783 1152
787 828
789 790
789 1386
790 1839
790 793
791 1349
791 792
792 794
792 793
793 1842
794 795
794 806
795 796
795 805
796 804
796 797
797 799
797 798
798 800
798 808
799 1840
799 1842
800 801
801 803
801 802
807 809
807 1148
808 1341
809 1346
810 1093
810 1096
810 1922
811 1094
811 1093
812 1183
812 1047
812 814
813 1176
814 1673
814 1186
815 816
815 1284
815 1769
817 1639
817 818
817 901
817 912
818 819
818 905
819 906
819 907
820 1896
820 1215
820 1186
820 1895
821 1699
822 826
822 823
823 1669
823 1204
824 825
824 1125
824 1204
825 826
825 1188
829 830
832 1930
832 834
833 1716
833 1715
835 869
835 878
835 870
835 836
836 874
836 867
837 1623
838 988
838 839
839 993
839 840
840 965
840 993
841 930
841 842
841 895
841 877
842 894
842 1146
843 1738
843 1994
844 845
844 844
845 1931
845 1936
846 1470
846 1465
846 848
847 1443
847 1133
847 1132
848 1128
848 1455
848 1432
849 849
850 855
850 854
851 852
851 1930
852 853
852 861
853 854
853 856
854 855
856 861
856 858
857 860
857 859
858 860
859 861
862 864
862 863
862 2017
863 865
863 1714
866 879
866 867
866 1146
867 879
868 869
869 870
870 871
871 872
871 878
872 875
872 873
873 877
873 886
873 945
874 875
874 878
875 876
876 877
876 1854
877 946
879 1855
880 885
880 881
881 884
881 883
882 883
883 884
884 1853
885 885
886 887
886 888
887 887
888 1852
889 890
890 891
892 894
892 1146
892 893
894 895
894 896
895 926
895 918
896 918
896 1639
897 903
897 898
898 899
898 903
899 1986
899 902
899 900
900 901
900 904
901 1657
903 1986
908 1657
908 909
909 910
909 913
910 911
911 913
911 1640
914 915
914 917
915 916
916 917
917 1983
918 919
919 920
920 921
921 922
921 924
922 924
922 923
924 925
926 926
927 930
927 949
927 928
928 929
930 931
931 932
931 941
932 943
932 933
933 934
933 944
934 935
934 936
935 2018
936 1046
936 937
937 942
937 938
938 939
940 941
940 942
940 943
942 943
944 945
947 949
947 948
949 950
951 956
951 952
952 954
952 1635
953 954
954 955
956 958
956 957
959 1783
959 960
959 985
960 1784
960 962
961 962
961 1784
963 964
963 966
964 967
964 978
965 967
965 996
966 966
967 971
968 969
969 971
969 970
971 972
973 974
973 977
975 996
975 976
977 977
978 980
978 979
981 982
981 1644
982 984
982 983
985 986
985 1656
986 991
986 990
987 991
987 989
987 988
991 992
993 1043
994 995
995 1663
996 997
997 1005
998 1000
998 1005
998 1003
999 1000
1000 1001
1001 1002
1001 1003
1003 1004
1007 1008
1007 1027
1008 1009
1008 1029
1009 1010
1009 1028
1010 1011
1010 1030
1011 1012
1011 1637
1012 1013
1012 1026
1013 1014
1013 1031
1014 1636
1014 1638
1015 1636
1015 1016
1016 1017
1016 1018
1019 1025
1019 1638
1019 1637
1020 1021
1020 1693
1023 1024
1023 1693
1023 1638
1029 1030
1029 1036
1030 1036
1031 1032
1031 1042
1032 1692
1032 1626
1033 1038
1033 1034
1033 1626
1034 1843
1034 1035
1035 1036
1035 1037
1038 1039
1040 1041
1041 1042
1041 1692
1042 1636
1043 1045
1043 1044
1045 1663
1047 1184
1048 1049
1049 1052
1049 1050
1051 1113
1051 1052
1052 1053
1053 1054
1053 1056
1054 1071
1054 1057
1054 1058
1055 1071
1055 1069
1056 1113
1056 1057
1057 1070
1058 1069
1058 1059
1059 1068
1059 1066
1059 1063
1060 1067
1060 1068
1060 1888
1061 1063
1061 1062
1063 1064
1064 1065
1064 1066
1065 1067
1066 1067
1068 1072
1068 1092
1069 1092
1070 1071
1072 1076
1072 1077
1073 1074
1073 1926
1074 1075
1074 1079
1075 1081
1075 1076
1077 1091
1077 1081
1078 1091
1078 1083
1079 1713
1079 1080
1080 1713
1080 1926
1081 1082
1083 1084
1083 1085
1084 1086
1084 1085
1087 1089
1087 2003
1089 1090
1090 1097
1091 1092
1093 1101
1094 1208
1094 1211
1094 1104
1095 1096
1096 1755
1097 1098
1098 1798
1098 1099
1100 1187
1100 1922
1102 1668
1102 1103
1102 1922
1103 1202
1103 1104
1104 1105
1104 1112
1105 1242
1105 1106
1106 1214
1106 1107
1107 1239
1107 1108
1108 1421
1108 1109
1108 1830
1109 1773
1109 1110
1110 1111
1110 1673
1111 1274
1111 1757
1112 1201
1112 1200
1114 1851
1115 1116
1117 1118
1117 1569
1117 1356
1118 1568
1118 1580
1119 1803
1119 1575
1120 1121
1121 1123
1121 1122
1122 1124
1125 1188
1126 1824
1126 1127
1126 1682
1127 1518
1127 1683
1128 1776
1128 1672
1129 1130
1129 1132
1129 1473
1130 1739
1130 1137
1131 1500
1131 1649
1131 1654
1132 1133
1134 1737
1134 1137
1134 1136
1135 1995
1136 1137
1139 1592
1140 1616
1141 1664
1143 1614
1143 1612
1143 1144
1144 1621
1144 1145
1145 1612
1145 1594
1148 1150
1149 1362
1150 1869
1152 1153
1152 1155
1153 1157
1153 1154
1154 1155
1154 1160
1155 2020
1156 1158
1156 1157
1158 1160
1158 1159
1159 1159
1160 1161
1162 1358
1162 1360
1163 1165
1164 2011
1164 1166
1165 2010
1165 1166
1166 1360
1167 1168
1167 1951
1168 1171
1168 1169
1169 1170
1170 1171
1170 1951
1171 1172
1174 1175
1176 1785
1176 1210
1177 1180
1177 1178
1177 1182
1178 1180
1178 1961
1179 1181
1179 1180
1181 1182
1182 1919
1183 1184
1184 1706
1186 1895
1189 1190
1189 1191
1192 1702
1192 1703
1192 1767
1193 1194
1193 1198
1193 1767
1194 1196
1194 1195
1195 1222
1195 1200
1196 1197
1196 1199
1199 1200
1199 1201
1201 1202
1202 1203
1204 1702
1205 1702
1206 1629
1206 1785
1207 1212
1207 1209
1207 1210
1207 1213
1208 1209
1208 1211
1209 1212
1210 1629
1212 1629
1213 1214
1215 1216
1215 1217
1217 1218
1219 1220
1219 1222
1220 1221
1220 1223
1220 1228
1221 1232
1221 1228
1222 1223
1223 1224
1224 1707
1224 1230
1225 1260
1225 1863
1225 1710
1226 1256
1226 1774
1226 1775
1226 1863
1227 1278
1227 1264
1227 1273
1227 1275
1229 1230
1230 1709
1231 1236
1231 1708
1231 1711
1232 1237
1232 1288
1233 1234
1233 1236
1233 1237
1234 1238
1234 1237
1235 1238
1236 1238
1239 1240
1239 1244
1240 1243
1240 1241
1242 1244
1242 1243
1243 1244
1245 1246
1246 1247
1246 1248
1248 1832
1248 1315
1248 1253
1249 1253
1249 1254
1249 1250
1250 1251
1250 1833
1251 1269
1251 1252
1252 1253
1252 1255
1256 1262
1256 1257
1257 1259
1257 1258
1258 1261
1258 1863
1260 1832
1260 1261
1261 1833
1262 1263
1262 1269
1263 1265
1263 1775
1264 1265
1264 1267
1265 1266
1267 1268
1267 1848
1269 1270
1270 1272
1270 1271
1273 1274
1274 1787
1275 1787
1275 1276
1276 1277
1276 1775
1278 1861
1278 1881
1279 1695
1279 1694
1279 1881
1280 1281
1280 1286
1281 1282
1281 1283
1282 1285
1282 1284
1284 1290
1286 1287
1287 1320
1287 1323
1288 1289
1290 1323
1290 1291
1291 1588
1291 1877
1292 1303
1292 1301
1292 1328
1293 1294
1293 1947
1294 1295
1294 2008
1296 1299
1296 1308
1296 1297
1297 1306
1297 1298
1297 1299
1299 1652
1300 1310
1300 1305
1300 1770
1301 1304
1301 1302
1302 1588
1302 1304
1303 1308
1303 1304
1306 1310
1306 1307
1308 1309
1310 1311
1312 1313
1313 1314
1315 1316
1318 1319
1319 1319
1320 1321
1321 1322
1322 1347
1322 1323
1324 1877
1324 1325
1324 1328
1325 1333
1325 1326
1326 1347
1326 1327
1328 1330
1329 1330
1330 1331
1331 1332
1331 1887
1333 1340
1333 1998
1333 1334
1334 1336
1334 1335
1337 1338
1338 1338
1339 1340
1340 1341
1341 1342
1341 1346
1342 1343
1342 1345
1343 1344
1343 1345
1345 1346
1347 1348
1349 1350
1351 1352
1352 1354
1352 1353
1356 1357
1356 1358
1358 1359
1360 1361
1364 1366
1364 1365
1366 1368
1366 1367
1369 1371
1369 1370
1371 1372
1371 1417
1373 1375
1373 1374
1373 1417
1375 1970
1375 1378
1376 1378
1376 1971
1376 1792
1377 1971
1377 1970
1377 1382
1378 1379
1379 1381
1379 1380
1383 1384
1384 1938
1384 1592
1385 1829
1385 1390
1385 1389
1386 1829
1387 1655
1387 1401
1387 1390
1388 1651
1388 2005
1388 1391
1389 1393
1390 1391
1391 1392
1393 2005
1393 1394
1395 1396
1396 1396
1397 1999
1397 1649
1397 1398
1398 1398
1399 1411
1399 1400
1399 1825
1400 1401
1400 1406
1401 1413
1402 1655
1402 1404
1402 1403
1403 1405
1403 1404
1406 1411
1406 1414
1407 1408
1408 1409
1408 1437
1409 1410
1409 1416
1410 1415
1410 1977
1411 1412
1413 1415
1413 1414
1413 1417
1414 1415
1416 1416
1418 1421
1418 1420
1418 1419
1419 1423
1419 1420
1420 1424
1421 1422
1425 1426
1425 1849
1425 1677
1426 1498
1426 1495
1427 1685
1427 1498
1427 1499
1428 1529
1428 1491
1428 1429
1429 1476
1429 1446
1429 1509
1430 1453
1430 1817
1430 1446
1431 1440
1432 1433
1432 1434
1434 1436
1434 1509
1435 1436
1435 1454
1437 1995
1437 1737
1438 2001
1438 1440
1438 1439
1440 1441
1442 1474
1442 1444
1442 2001
1443 1453
1443 1444
1444 1445
1446 1447
1447 1453
1447 1452
1448 1476
1448 1449
1448 1474
1449 1451
1449 1452
1450 1452
1451 1451
1455 1457
1456 1463
1457 1461
1457 1459
1458 1459
1459 1462
1460 1464
1460 1470
1461 1463
1461 1462
1462 1464
1463 1464
1465 1817
1465 1732
1466 1732
1466 1735
1466 1471
1467 1735
1467 1468
1468 1471
1468 1469
1469 1469
1470 1471
1472 1782
1472 1973
1472 1781
1473 1780
1473 1779
1474 1475
1475 1476
1475 1477
1478 1484
1479 1499
1479 1493
1479 1480
1480 1504
1480 1481
1481 1490
1481 1482
1482 1483
1482 1485
1483 1500
1484 1485
1484 1487
1485 1487
1486 1486
1486 1487
1488 1489
1489 1490
1491 1492
1491 1525
1492 1492
1493 1493
1494 1496
1494 1847
1495 1846
1495 1496
1496 1497
1498 1499
1500 1503
1501 1502
1502 1503
1502 1504
1503 1505
1504 1505
1505 1506
1506 1508
1506 1507
1509 1510
1510 1511
1510 1512
1511 1511
1513 1514
1514 1516
1514 1515
1515 1682
1515 1677
1516 1517
1516 1519
1517 1518
1517 1797
1518 1520
1520 1522
1520 1521
1521 1523
1521 1530
1523 1524
1523 1529
1525 1788
1525 1527
1526 1526
1526 1527
1527 1799
1528 1530
1529 1530
1531 1532
1531 1883
1531 1935
1531 1559
1531 1934
1532 1695
1532 1533
1534 1554
1534 1535
1534 1900
1535 1903
1535 1536
1536 1558
1536 1537
1537 1557
1537 1939
1538 1957
1538 1815
1538 1554
1539 1815
1539 1554
1539 1566
1540 1541
1540 1555
1540 1566
1541 1723
1541 1722
1542 1543
1542 1723
1542 1547
1543 1634
1543 1544
1545 1546
1545 1556
1546 1553
1546 1549
1547 1548
1547 1549
1549 1550
1550 1551
1550 1552
1556 1557
1558 1562
1558 1560
1559 1562
1561 1562
1563 1563
1563 1903
1564 1565
1564 1567
1564 1894
1565 1567
1565 1566
1567 1814
1568 1568
1569 1570
1569 1573
1571 1572
1571 1573
1575 1579
1575 1576
1576 1577
1576 1582
1577 1578
1577 1583
1578 1579
1578 1580
1579 1580
1581 1585
1581 1891
1582 1583
1582 1891
1583 1584
1584 1891
1584 1585
1588 1589
1590 1959
1591 1937
1592 1593
1594 1729
1595 1596
1595 1598
1595 1729
1596 1597
1598 1603
1598 1600
1599 1608
1600 1602
1600 1601
1603 1608
1603 1605
1604 1605
1605 1606
1606 1607
1606 1608
1609 1618
1610 1615
1610 1611
1611 1615
1611 1612
1611 1992
1614 1620
1614 1615
1616 1664
1616 1618
1617 1618
1620 1621
1621 1622
1623 1624
1624 1967
1626 1627
1630 1754
1630 1631
1630 1752
1632 1946
1632 1945
1637 1693
1639 1643
1640 1642
1640 1641
1646 1759
1646 1760
1647 1654
1648 1649
1650 1655
1651 2005
1651 2000
1652 2009
1652 1653
1656 1980
1657 1660
1658 1661
1659 1986
1661 1981
1662 1827
1665 1666
1665 1860
1666 1876
1667 1743
1668 1925
1668 1704
1669 1704
1669 1921
1670 1862
1671 1806
1671 1694
1671 1805
1672 1805
1672 1680
1673 1830
1674 1712
1675 1678
1675 1682
1676 1685
1677 1861
1679 1824
1679 1684
1679 1794
1680 1686
1680 1683
1681 1794
1683 1684
1684 1794
1685 1788
1686 1776
1687 1688
1690 1692
1690 1696
1690 1691
1691 1696
1694 1824
1698 1700
1699 1700
1700 1701
1707 1708
1707 1709
1708 1710
1709 1710
1712 1918
1714 1715
1715 1716
1718 1907
1719 1889
1721 1996
1721 1920
1722 1893
1722 1777
1723 1777
1724 2014
1725 1726
1725 1978
1726 1837
1726 1978
1728 1912
1728 1968
1729 1992
1730 1738
1731 1739
1732 1740
1733 1736
1733 1734
1733 1740
1735 1740
1737 1993
1739 1993
1744 1745
1744 1747
1745 1747
1746 1748
1746 1749
1747 1750
1748 1976
1748 1749
1749 1751
1750 1790
1750 1751
1751 1886
1753 1754
1756 1813
1757 1758
1760 1996
1761 1764
1761 1762
1762 2004
1763 2004
1765 1766
1767 1768
1771 2006
1771 1772
1777 1778
1780 1781
1780 1782
1783 1784
1786 1787
1788 1789
1790 1791
1790 1884
1793 2014
1795 1796
1800 1801
1801 1802
1801 1803
1802 1803
1804 1811
1804 1819
1805 1806
1810 1811
1810 1819
1811 1812
1815 1816
1817 1818
1820 1821
1823 1884
1825 1826
1828 1829
1830 1831
1832 1833
1835 1836
1840 1842
1840 1841
1845 1906
1847 2006
1848 1849
1854 1854
1856 1858
1856 1857
1858 1859
1859 1924
1861 1880
1864 1979
1864 1890
1865 1866
1872 1977
1873 1951
1874 1875
1874 1876
1875 1876
1877 1878
1879 1948
1880 1882
1880 1881
1882 1882
1883 1962
1883 1936
1884 1885
1888 1911
1888 1912
1892 1899
1892 1960
1892 1961
1893 1943
1893 1894
1894 1898
1895 1897
1896 1952
1896 1897
1897 1953
1898 1899
1898 1952
1899 1953
1900 1902
1900 1952
1901 1904
1902 1904
1902 1903
1904 1905
1908 1927
1908 1909
1908 1911
1909 1910
1909 1928
1910 1913
1910 1911
1912 1968
1913 1968
1914 1928
1914 1915
1914 1916
1915 1916
1915 1927
1919 1941
1919 1949
1921 1925
1922 1925
1923 1924
1926 1964
1927 1928
1929 1998
1931 1932
1931 1933
1932 1956
1932 1939
1933 1955
1933 1954
1934 1954
1934 1956
1935 1954
1935 1955
1936 1955
1937 1991
1937 1990
1938 1991
1938 1990
1939 1956
1940 1944
1940 1943
1941 1942
1942 1960
1942 1943
1944 1945
1945 1946
1958 1959
1960 1961
1962 1963
1965 1966
1965 1967
1970 1971
1972 1973
1974 1975
1974 1976
1981 1982
1987 1988
1988 1990
1988 1989
1988 1991
1993 1995
1999 2000
2001 2002
2002 2002
2003 2007
2018 2019
