0 642
1 641
1 513
2 102
2 375
2 386
2 422
3 232
3 255
3 79
4 255
4 5
4 345
5 76
5 326
5 74
6 335
6 23
6 42
6 223
7 8
7 13
7 127
8 9
9 10
10 124
11 491
11 304
11 306
11 489
12 302
12 303
12 494
13 14
13 49
14 15
14 544
15 18
15 16
16 46
16 302
17 49
17 59
17 48
18 303
19 149
19 152
19 573
20 263
20 304
20 305
21 34
21 22
21 32
21 490
22 43
22 122
22 539
23 73
23 324
24 316
24 490
24 43
24 335
25 319
25 318
25 44
25 114
26 44
26 68
26 27
27 316
27 318
28 36
28 40
28 172
28 30
29 32
29 36
29 457
30 31
30 35
30 40
31 33
31 36
32 33
33 35
35 37
37 221
37 490
38 39
38 376
38 41
39 40
39 41
41 221
42 336
42 319
43 334
44 78
45 67
45 351
45 526
45 530
45 524
46 516
46 48
47 516
47 48
47 518
49 50
50 55
50 60
51 55
51 54
51 60
52 58
52 64
52 56
53 54
53 57
53 61
54 62
55 56
56 59
57 63
57 58
58 65
59 64
61 62
62 512
63 65
64 528
65 66
66 528
66 360
66 249
67 470
67 529
68 640
68 639
69 321
69 432
69 325
70 71
70 235
70 287
71 551
71 337
72 248
72 556
72 557
73 627
73 433
74 433
74 327
75 225
75 441
75 432
76 430
76 77
77 222
77 78
78 475
79 115
79 483
80 483
80 222
80 81
81 308
81 82
82 529
82 369
82 531
83 475
83 222
83 460
84 85
84 568
84 115
85 86
85 568
86 546
86 308
87 568
87 93
87 92
88 347
88 89
88 359
89 90
89 96
90 94
90 91
91 612
91 93
92 94
92 110
93 94
95 447
95 110
95 359
96 116
96 392
97 372
97 99
97 102
98 100
98 101
98 117
99 100
99 101
100 392
101 374
102 103
103 392
103 233
104 567
104 105
104 106
105 514
105 110
106 112
106 107
107 249
107 108
107 565
108 570
108 563
108 567
109 111
109 110
109 566
111 444
111 112
112 448
113 448
113 445
113 358
113 482
114 224
114 430
115 546
116 117
116 343
117 254
118 501
119 142
119 428
119 573
120 121
120 427
120 142
121 542
122 539
122 323
123 502
124 125
125 378
125 126
126 127
126 377
127 544
128 129
128 150
128 138
129 133
129 154
130 131
130 543
130 135
131 148
131 147
131 137
131 146
132 133
132 148
132 139
132 138
133 312
133 263
134 263
134 264
134 193
134 314
135 156
135 542
135 157
136 137
136 156
136 140
137 138
139 153
139 309
140 141
140 150
141 427
141 151
141 157
142 427
143 146
143 309
144 155
144 153
144 262
144 265
145 468
145 535
145 262
145 268
146 541
147 148
147 309
149 154
149 151
150 637
151 152
151 637
152 476
153 312
154 259
154 305
156 157
158 453
158 159
158 658
159 477
159 160
161 652
161 195
162 190
162 195
162 163
162 189
163 179
163 193
163 164
163 189
163 194
164 183
164 193
164 634
165 634
165 207
165 496
166 167
167 477
167 168
168 538
168 169
169 549
169 537
170 658
170 549
170 269
170 656
171 184
171 181
171 199
172 458
172 202
172 260
173 197
173 174
173 176
173 186
174 180
174 178
175 176
175 652
176 652
177 178
177 194
177 186
178 179
179 182
180 182
180 181
181 198
182 183
183 471
183 633
184 185
184 471
185 208
185 454
186 196
187 212
187 188
187 211
188 189
188 191
190 196
190 194
191 193
191 313
192 313
192 213
192 212
192 426
195 196
197 198
199 456
199 562
199 455
200 625
200 261
200 205
200 469
201 206
201 204
201 258
202 203
202 469
203 464
203 472
203 469
204 258
204 500
205 206
205 489
206 209
207 647
207 633
208 648
208 478
209 478
209 648
210 456
210 499
210 648
211 212
211 426
213 215
213 402
214 314
214 463
214 468
215 473
215 535
216 398
216 267
216 401
217 260
217 504
217 505
218 506
218 428
218 504
219 428
219 506
219 429
219 476
220 221
223 224
223 326
224 336
225 226
225 497
226 291
226 229
226 403
227 228
227 404
227 416
228 412
228 488
228 414
229 230
229 497
230 233
230 393
231 395
231 232
231 393
232 233
233 244
234 245
234 390
234 422
235 287
235 558
236 246
236 340
236 622
236 279
237 525
238 239
238 247
238 240
239 240
239 553
239 552
241 286
241 340
241 485
242 243
242 415
242 421
243 297
243 390
244 245
244 422
245 421
245 416
246 247
248 493
249 532
249 358
250 443
250 609
250 626
251 639
251 470
251 474
252 462
253 346
254 387
254 375
255 483
256 511
257 541
257 543
258 625
258 492
259 505
259 507
259 261
259 491
260 261
262 267
262 265
263 315
264 307
264 306
265 315
265 468
266 656
266 400
266 267
266 549
267 268
268 536
268 549
269 657
270 295
270 272
270 271
271 293
271 276
272 273
272 337
273 436
273 281
273 276
274 290
274 436
274 437
275 292
275 276
275 278
276 277
277 437
277 289
278 321
278 293
278 332
279 339
279 559
280 485
280 342
280 286
281 338
281 284
281 285
282 509
282 285
282 510
283 288
283 290
283 435
284 435
284 285
285 286
286 339
287 338
288 289
288 291
289 292
290 435
291 292
293 333
294 638
294 325
294 328
295 480
295 555
296 297
298 488
299 300
299 623
299 654
300 655
301 624
301 654
301 655
304 306
304 305
306 307
307 496
308 546
310 465
310 462
311 462
311 467
311 465
312 315
313 314
316 317
317 318
317 319
320 357
320 396
321 394
322 331
322 638
322 332
323 515
323 431
324 334
324 539
325 627
326 433
326 430
327 440
327 441
328 329
328 331
329 330
329 434
330 333
330 331
334 335
337 338
339 340
341 342
341 485
341 540
342 509
343 344
343 347
344 626
344 347
346 482
346 609
348 366
348 349
348 353
350 516
350 364
350 632
351 370
351 519
352 354
352 353
353 365
354 355
354 361
355 356
355 357
356 522
356 523
358 360
359 449
360 610
361 362
361 520
361 521
362 363
362 365
363 364
363 365
364 631
366 631
366 367
367 479
367 632
368 521
368 518
368 397
369 526
369 514
370 527
370 397
371 527
371 563
371 514
372 374
372 373
373 374
373 375
377 378
377 547
378 379
379 548
379 547
380 384
380 381
380 548
381 438
381 385
382 424
382 438
383 425
384 544
384 425
385 424
385 498
386 387
386 623
387 650
388 389
388 390
389 623
391 439
392 612
393 395
395 497
396 524
396 534
397 523
398 545
398 401
399 400
399 545
400 401
402 426
402 535
403 404
403 405
404 409
406 409
407 408
407 411
408 629
408 412
409 410
411 412
411 413
412 561
414 415
414 416
415 417
417 418
417 420
419 420
420 421
423 424
424 438
424 498
427 429
429 476
431 515
431 434
432 627
434 503
436 437
439 498
440 441
442 451
442 448
442 445
443 450
443 446
444 447
444 451
445 450
446 447
446 449
449 626
450 451
452 459
452 474
453 537
453 658
454 471
454 461
455 457
455 649
456 649
457 499
458 562
458 472
459 460
459 475
460 550
461 478
461 647
463 466
463 473
464 625
464 472
465 467
466 468
466 473
467 640
470 474
477 538
478 647
481 482
484 487
484 486
487 488
489 491
492 500
492 562
495 496
499 500
499 649
501 525
502 503
502 515
503 515
504 505
505 506
506 507
508 540
508 510
508 509
509 510
511 513
511 512
512 513
514 569
516 517
517 518
517 521
518 532
519 524
519 534
519 533
520 523
520 521
522 533
522 523
525 622
525 621
526 530
526 569
527 569
527 571
528 532
529 531
529 530
531 550
532 565
533 534
537 538
540 629
547 548
551 555
551 554
552 553
552 556
553 560
554 557
554 555
556 557
558 559
558 560
559 560
563 567
563 570
564 570
564 571
564 565
570 571
572 609
574 594
574 575
574 592
575 577
575 592
575 578
576 607
576 577
576 591
577 591
577 608
578 605
578 579
579 598
579 594
579 606
580 615
580 583
580 582
581 583
581 602
581 586
582 583
582 602
583 616
584 586
584 614
584 618
585 587
585 617
585 599
585 614
586 597
586 589
587 613
587 619
588 589
589 613
590 596
591 592
593 602
593 620
593 651
593 594
595 606
595 596
595 603
596 597
597 598
598 602
600 601
601 617
601 615
603 604
603 607
604 605
604 606
605 608
607 608
611 612
613 614
615 616
616 618
617 618
620 645
620 644
621 622
628 629
630 643
630 645
631 632
633 634
635 636
636 643
639 640
641 642
641 644
642 653
643 646
644 646
646 653
650 651
654 655
656 657
