0 3851
0 1850
0 208
1 3457
1 2140
1 2
2 273
2 3126
3 2288
3 2286
4 411
4 412
4 2286
5 2283
5 3394
5 413
6 413
6 410
6 2284
7 410
7 411
7 2285
8 2559
8 2558
8 1361
9 52
9 1363
9 1367
10 2555
10 2554
10 3210
11 99
11 1293
11 48
11 2276
12 1292
12 2274
12 1291
12 1293
13 1096
13 3644
13 2164
13 3727
14 152
14 1405
14 3644
14 3848
15 1104
15 1398
15 1376
15 1406
16 1409
16 1412
16 1379
17 1110
17 3900
17 1412
17 1415
18 231
18 1442
18 232
18 1432
19 4439
19 494
19 1430
20 3143
20 4047
20 228
21 2007
21 2015
21 2009
22 3501
22 210
23 1304
23 1829
23 1849
24 265
24 74
24 1033
25 422
25 1763
25 4678
26 1299
26 1300
26 3316
27 1353
27 29
27 1354
28 1359
28 31
28 4500
29 1362
29 1354
30 1298
30 1297
30 1301
31 32
31 1357
32 1357
32 1690
33 4369
33 1685
33 4489
34 1718
34 727
34 36
35 3705
35 1717
35 1720
36 1718
36 1717
37 3705
37 39
37 1345
38 3838
38 298
38 727
39 1344
39 1345
40 2352
40 1349
40 1344
41 585
41 77
41 42
42 4656
42 43
43 509
43 655
44 509
44 506
44 656
45 619
45 3418
45 611
46 615
46 585
46 598
47 48
47 100
47 99
47 3717
48 1367
48 304
49 286
49 3810
49 1295
50 3810
50 3717
50 99
51 1297
51 1298
51 2555
52 4370
52 1699
53 611
53 54
53 618
54 594
54 593
55 162
55 4004
55 3844
55 403
56 4414
56 57
56 390
57 4144
57 4725
58 4698
58 3908
58 4699
59 3908
59 103
59 3907
59 4699
60 61
60 102
60 491
61 62
61 82
62 84
62 3821
63 1628
63 527
63 552
64 708
64 97
64 65
64 89
65 488
65 4122
65 4685
66 4481
66 272
66 459
66 67
67 272
67 179
68 3945
68 70
68 4493
68 4480
69 3054
69 4537
69 4493
69 4494
70 71
70 4537
71 4085
71 4738
71 772
72 3135
72 73
72 1708
73 1321
73 273
74 1321
75 4074
75 3839
75 182
76 4234
76 4073
76 4074
76 4233
77 3800
77 4657
77 146
77 4656
78 4694
78 587
78 581
79 80
79 581
79 148
80 95
80 81
80 94
81 3821
81 84
82 4142
82 3821
83 102
83 103
83 491
84 4203
84 94
84 1610
85 86
86 87
86 568
87 88
87 570
87 564
88 92
88 89
88 4121
88 90
89 90
89 477
90 527
91 92
91 475
91 470
92 563
93 574
93 1610
93 1628
94 240
94 239
95 167
95 608
96 400
96 4698
96 4142
96 4144
97 98
97 527
98 791
98 552
99 1291
100 1364
100 3717
101 180
101 1352
101 3714
102 4203
103 1612
103 4459
104 420
104 421
104 1797
105 1796
105 114
105 115
106 3867
106 414
106 107
107 414
107 117
108 1778
108 117
108 109
109 110
109 328
110 3866
110 328
111 139
111 408
111 409
112 4253
112 113
112 418
113 419
113 1766
114 417
114 419
115 4530
115 116
116 415
116 2932
117 1778
118 135
118 1158
118 1193
118 1151
119 4496
119 132
119 133
119 176
120 2390
120 3131
120 2391
121 4146
121 2371
121 129
122 2389
122 4681
122 2388
122 2392
123 1591
123 2385
123 2389
124 395
124 550
124 4684
125 4134
125 127
125 851
125 370
126 4124
126 127
126 136
127 369
127 2356
128 3131
129 2361
129 1585
130 367
130 3904
130 540
130 3051
131 436
131 528
131 3905
131 3904
132 1204
132 176
132 1150
133 176
133 395
134 1156
134 135
134 4538
135 4538
136 2356
136 1571
136 2361
137 409
137 3735
137 408
138 409
138 4652
138 139
140 434
141 142
141 147
141 580
142 143
142 1609
143 144
143 1609
144 145
144 4398
145 146
145 1608
146 147
147 582
148 1623
148 577
148 240
149 4323
149 1294
149 1280
149 4322
150 2176
150 2204
150 2145
151 2147
151 2151
151 2149
152 3849
152 153
152 1080
153 1096
153 3644
153 3849
154 3727
154 155
154 1096
154 1097
155 2275
155 1291
155 1292
156 416
156 422
156 1796
157 517
157 519
157 1075
158 159
158 2198
158 1123
159 1087
159 1135
160 1148
160 623
160 161
161 594
161 599
161 1149
162 3843
162 601
162 603
162 3844
163 3844
163 403
163 209
164 4414
164 4415
164 165
165 166
165 3843
166 4726
166 209
166 4415
167 209
167 4726
168 1540
168 4052
168 1589
169 1549
169 1540
170 2403
170 171
170 376
171 382
171 2404
172 380
172 3885
172 381
173 3886
173 379
173 380
174 508
174 3189
174 498
175 391
175 176
175 551
176 551
177 3140
177 439
177 3049
177 3048
178 452
178 767
178 448
178 449
179 4704
179 458
180 3058
180 1352
181 304
181 303
181 3714
181 4073
182 4233
182 183
182 4232
183 1350
183 184
184 2080
184 1646
185 3710
185 4627
185 3712
185 4440
186 1340
186 1351
186 2331
187 1340
187 188
187 4075
188 4075
188 1350
189 190
189 1342
189 672
189 1336
190 191
190 1342
191 674
191 744
191 343
192 744
192 3419
192 971
193 678
193 683
193 676
193 557
194 3811
194 683
194 684
194 1480
195 660
195 658
195 4374
195 1267
196 1262
196 660
196 197
198 1631
198 1368
198 4476
199 706
199 3440
199 1626
199 3423
200 3145
200 205
200 4732
201 4733
201 4318
201 4734
202 3146
202 338
202 4730
203 4731
203 204
203 337
204 205
204 337
205 4732
206 1326
206 4465
206 879
207 259
207 1822
207 4272
208 1822
208 2140
210 215
210 4246
211 3144
211 215
211 4246
212 213
212 2010
212 3144
213 214
213 216
214 2008
214 223
215 2007
216 217
216 223
217 218
217 2031
218 219
218 2031
219 220
219 2030
220 221
220 2030
221 222
221 224
222 4708
222 4243
223 4709
224 225
224 4243
225 226
225 2026
226 227
226 2026
227 228
227 278
228 4245
229 4243
229 3143
229 4046
230 232
230 1133
230 231
230 1166
231 1424
231 1442
232 1419
232 1133
233 4454
233 234
233 4379
234 663
234 1474
235 1653
235 1335
235 1712
236 4319
236 1335
236 1725
237 3712
237 1636
237 4000
238 4254
238 793
238 719
239 240
239 574
241 1778
241 242
241 1788
242 1793
242 1788
243 244
243 1789
243 1790
244 3876
244 1789
245 2926
245 4553
245 4554
246 247
246 1776
246 1831
247 4286
247 1869
248 4292
248 4336
248 4291
249 4290
249 1805
249 4289
250 251
250 4295
250 4296
251 252
251 1804
252 1806
252 4300
253 1806
253 254
253 1328
254 255
254 1328
255 256
255 257
256 4557
256 257
257 1809
258 1809
258 3957
258 4501
259 3090
259 260
260 1304
260 2678
261 3754
261 4313
262 4297
262 4294
262 1807
263 264
263 427
263 1320
264 265
264 1321
265 266
266 268
266 3135
267 3136
267 1710
267 483
267 1708
267 3135
268 363
268 3135
269 775
269 363
269 3133
270 443
270 471
270 437
271 4475
271 445
271 4350
271 4351
272 4481
272 476
272 4351
273 4788
274 364
274 851
274 3139
274 3148
275 548
275 3148
275 276
276 502
276 546
277 4755
277 4756
277 428
278 1277
278 428
278 279
279 4245
279 1278
279 4242
280 1502
280 1207
281 428
281 4244
281 282
282 2597
282 4470
282 1467
283 637
283 643
283 1084
284 645
284 634
284 637
285 646
285 286
285 645
286 647
287 1273
287 387
287 4496
287 4684
288 289
288 2564
289 2579
289 2578
290 291
290 2583
290 2582
291 292
291 2592
292 4205
292 4262
293 4636
293 3330
293 3347
294 295
294 3266
294 3280
294 3303
294 3360
295 3360
295 4603
296 297
296 4603
296 3287
297 3312
297 3295
298 2084
298 2086
299 300
299 2082
299 2081
300 3913
300 3911
301 3909
301 302
301 3910
302 303
302 726
303 304
304 1364
305 2139
305 1310
305 1311
306 1997
306 3878
306 4070
307 1307
307 1313
307 4307
308 1303
308 1305
308 1306
309 2142
309 310
309 1309
310 4453
310 1309
311 312
311 2063
311 2061
312 3451
312 2063
313 3451
313 4671
313 3124
314 315
314 3102
314 3123
314 1251
315 1256
315 1261
316 1051
316 3113
316 3115
316 3111
317 2723
317 1847
317 318
318 319
318 1843
319 1846
319 323
320 1841
320 324
320 321
321 424
321 4249
322 4249
322 323
322 1846
323 324
324 2725
325 326
325 1826
325 3851
326 1827
326 4492
327 415
327 416
327 2933
328 3530
329 330
329 2601
330 4171
331 493
331 429
331 497
331 1161
332 4627
332 3707
332 3710
332 3708
332 3709
333 4348
333 334
333 4347
334 3444
334 4347
334 4346
334 4418
335 958
335 957
335 3789
335 956
336 801
336 798
336 746
336 750
337 798
338 4318
338 761
339 4729
339 721
339 2338
340 1629
340 757
340 758
340 347
341 4315
341 342
341 1629
341 357
342 838
342 4207
343 344
343 1264
344 744
344 4655
345 702
345 698
345 346
346 792
346 702
347 348
347 835
348 837
348 349
349 1640
349 4208
349 837
350 4208
350 1640
350 1641
351 352
351 836
351 844
352 353
352 4007
353 4008
353 1001
354 1022
354 3802
354 1023
354 4008
355 407
355 461
355 3939
356 357
356 2123
356 482
357 4316
358 361
358 4031
358 359
359 4035
359 4069
360 4035
360 846
360 361
361 848
362 1026
362 848
362 770
363 2118
363 532
364 3140
364 4771
364 3138
365 366
365 1276
365 548
366 3045
366 549
366 4352
367 368
367 3045
368 531
368 2000
369 4653
369 2487
370 4126
370 4653
371 2486
371 2485
371 4124
372 3855
372 2433
372 1800
373 2417
373 3855
373 375
373 374
374 2417
374 2413
374 2414
375 2420
375 2421
376 377
376 2405
377 2405
377 378
377 3887
378 3887
378 379
379 3886
380 3885
381 382
381 386
382 386
383 2439
383 386
383 385
384 385
384 4054
384 2439
385 2005
387 401
387 399
387 1611
388 1151
388 401
388 4725
389 4725
389 390
389 605
390 601
390 606
391 4692
391 394
392 396
392 397
392 393
392 4691
393 539
393 394
394 395
394 550
396 405
396 4692
397 1205
397 508
398 1611
398 404
398 4459
399 3907
399 1612
400 401
400 402
403 590
404 4459
404 3736
406 849
406 554
406 481
407 480
407 553
410 2284
411 2285
412 2287
412 2283
413 2283
414 3529
415 2932
416 2933
417 421
417 418
418 1850
419 1796
420 1766
420 1765
421 1797
422 4530
423 1848
423 1840
423 1820
424 425
424 4249
425 1904
425 1908
426 1049
426 1050
426 3115
426 1021
427 1249
427 1232
429 507
429 493
430 2357
430 4134
430 431
431 1798
431 2358
432 433
432 4749
432 435
432 2393
433 434
433 435
434 3126
435 2394
435 2393
436 4495
436 550
437 1269
437 440
438 439
438 3904
438 441
438 3051
439 444
439 3052
440 441
440 4495
441 442
441 443
442 4473
442 444
443 4472
444 3052
445 450
445 4474
446 451
446 4521
446 4704
447 451
447 3939
447 448
448 4328
448 450
449 3052
449 450
450 451
452 4494
452 3053
453 455
453 3737
453 3738
454 459
454 1748
454 3738
455 456
455 464
456 463
456 457
457 461
457 460
457 458
458 3939
459 460
460 462
461 463
463 478
465 4472
465 4542
466 467
466 472
466 4542
467 473
467 489
468 474
468 473
468 469
469 476
469 470
469 475
470 476
471 560
471 4735
472 560
472 4683
473 490
474 475
474 4461
477 4121
477 4122
478 1750
478 479
478 3737
479 553
479 4317
480 481
480 553
481 554
482 2123
482 554
483 776
483 769
484 1723
484 780
484 779
485 1642
485 492
485 2337
485 780
486 487
486 488
486 1748
486 1642
487 3740
487 1723
488 4685
488 708
488 492
489 490
489 4683
490 4461
491 3908
492 1642
492 713
493 4439
493 4438
494 1469
494 1468
494 4439
495 1468
495 496
495 4438
495 3801
496 1422
496 497
496 4438
497 3197
497 1422
498 512
498 510
499 539
499 500
499 510
500 501
500 513
501 1276
501 1999
502 1276
502 543
502 3179
503 656
503 689
503 685
504 656
504 505
504 684
505 1266
505 506
506 1267
507 4392
507 1159
507 1430
508 541
509 1290
510 512
511 541
511 539
511 512
513 530
513 550
514 1376
514 515
514 1104
514 1105
515 1104
515 1079
516 517
516 1100
516 526
517 4083
518 519
518 523
518 4083
519 1074
519 1092
519 522
520 521
520 4183
520 522
521 1122
521 1121
521 522
522 523
523 4084
524 4801
524 1119
524 525
525 4341
525 1103
526 1103
526 1079
528 2000
528 529
529 530
529 531
530 531
532 3133
532 533
533 535
533 3137
534 4086
534 1318
534 1216
535 1216
535 536
536 538
536 537
537 3133
537 774
538 1210
538 846
540 3051
540 3048
541 4691
542 544
542 543
543 544
544 545
545 4204
545 546
546 547
548 549
548 4771
549 3047
549 3050
550 3906
550 3905
551 4766
552 575
555 675
555 4655
555 556
556 1480
556 557
558 4462
558 559
559 1270
559 560
559 561
561 1274
561 562
562 3736
564 3044
564 566
565 3044
565 4206
565 567
567 3044
567 4033
568 569
568 570
570 571
571 4203
571 573
572 573
573 4460
574 575
575 576
576 3961
576 3960
577 3960
577 1368
577 1631
578 802
578 1368
578 4477
578 3961
579 4540
579 1624
579 802
580 583
580 1623
581 583
582 583
582 4694
584 4005
584 593
584 4004
585 597
586 597
586 589
586 592
587 4695
587 592
588 4695
589 4005
589 4006
589 591
590 1619
590 591
591 592
593 4003
594 4003
595 4006
595 597
595 596
596 611
596 615
598 616
598 1290
599 602
599 603
600 602
601 607
602 604
603 604
604 607
605 606
605 1188
606 607
607 1187
608 609
608 610
611 3057
612 3057
612 3959
612 617
613 614
613 627
613 635
614 3959
614 634
615 616
616 617
617 3057
618 622
618 3418
619 627
619 620
620 626
620 3417
621 624
621 622
621 3417
622 623
622 4182
623 624
624 625
624 1088
625 626
625 4344
626 629
627 4096
628 629
628 734
628 1090
629 4096
630 631
630 639
630 641
631 642
631 3482
632 1086
632 633
632 3482
633 1085
633 2197
634 636
635 636
635 639
636 638
637 640
638 640
638 639
640 641
641 643
642 643
642 3475
644 645
644 4148
644 646
646 647
647 648
648 654
648 649
649 3481
649 650
650 1083
650 3472
651 1076
651 1083
651 652
652 653
652 3481
652 736
653 735
653 4372
654 1296
654 3481
654 1295
655 689
655 687
657 1266
658 659
658 669
659 3811
659 668
660 1698
661 662
661 1475
661 664
661 671
662 1479
662 670
663 670
663 1338
663 671
664 669
664 1475
665 675
665 1478
665 1264
666 668
666 667
666 3811
667 1480
667 675
668 669
669 1479
669 1478
670 674
670 673
671 1474
672 1337
672 1351
673 1337
673 674
676 679
676 971
677 680
677 970
677 701
678 679
678 680
679 681
680 681
680 682
681 970
682 4185
682 694
683 4185
684 4184
685 1760
685 692
686 690
686 688
686 687
687 4657
688 689
688 1760
690 1613
690 1608
691 4478
691 698
691 1613
692 696
692 693
693 1758
693 4184
694 4478
694 699
694 695
695 696
695 1759
696 1758
697 1758
698 699
699 700
700 701
700 4702
700 4393
701 965
702 4476
702 4477
703 802
703 1624
703 1625
704 714
704 791
704 3812
705 792
705 1625
705 3440
706 1702
706 3422
706 717
707 716
707 714
707 1702
708 713
709 710
709 714
709 2336
710 711
710 788
711 712
711 715
712 2337
712 784
713 790
715 793
715 716
716 717
717 3426
717 3790
718 3426
718 745
718 3429
719 797
719 3790
719 796
720 724
720 4734
720 721
721 725
721 2339
722 723
722 778
722 725
723 780
723 2337
724 784
724 787
725 787
725 4729
726 741
726 3912
727 728
728 1632
728 1665
728 1634
729 3320
729 1301
729 1299
730 4180
730 3666
730 3320
731 3320
731 4177
731 4174
731 3666
732 3318
732 3271
732 3326
733 3273
733 4596
733 3352
734 4646
734 3479
734 1087
735 1067
735 1069
736 3480
736 3726
737 4646
737 1093
737 4094
738 4437
738 866
738 855
738 906
739 1029
739 4467
739 4465
739 4117
740 1327
740 1923
740 1029
740 1924
741 2274
741 2270
742 2270
742 3704
742 2272
743 4170
743 2268
743 2266
745 751
745 749
746 820
746 751
746 800
747 752
747 4355
747 800
747 753
748 753
748 759
748 755
749 1706
749 795
750 796
750 751
752 3483
752 801
753 817
753 3483
754 755
754 819
754 817
755 823
756 806
756 4257
756 3483
757 1638
757 1754
757 777
757 4315
758 2342
758 783
759 808
759 762
760 2341
760 810
760 763
760 808
761 4730
761 2339
762 806
762 807
763 807
763 4730
763 2340
764 3053
764 765
764 3054
765 3055
765 766
766 768
766 767
767 1714
767 3053
768 769
768 1715
769 3138
770 1025
770 848
771 773
771 3798
771 1025
772 3945
772 850
772 3944
773 774
773 775
774 1026
775 3944
776 4650
776 3055
777 783
777 778
778 779
778 782
779 1752
779 1638
780 1751
781 4729
781 782
781 2344
781 2342
782 783
784 785
785 786
785 787
788 789
788 2336
790 2336
790 791
792 802
793 794
795 3790
795 796
796 799
797 799
797 4732
798 799
800 801
803 814
803 811
803 812
804 812
804 843
804 4209
805 843
805 2347
805 835
806 807
807 808
808 809
809 4212
809 810
810 2345
810 2346
811 975
811 813
812 815
813 814
813 4212
814 815
814 2345
815 2346
816 819
816 818
816 4358
817 818
818 4355
819 821
820 956
820 4358
821 830
821 824
822 834
822 823
822 4528
823 4623
824 949
824 3469
824 829
825 873
825 826
825 4528
825 833
826 875
826 874
827 4112
827 875
827 988
828 988
828 4623
828 4528
829 831
829 830
829 952
830 832
831 3471
831 832
832 3470
833 3471
833 834
834 3470
835 836
836 1641
837 4207
837 1629
838 3802
838 4207
839 991
839 994
839 995
839 992
840 986
840 3962
840 993
840 992
841 889
841 3973
841 3976
841 3975
842 3976
842 4717
842 3986
843 844
844 997
845 4208
845 4007
845 3802
846 847
847 1215
847 1210
847 1209
849 4031
850 3798
850 3944
851 3139
851 3148
852 903
852 855
852 896
853 1948
853 4437
853 854
854 1958
854 1960
855 861
856 862
856 867
856 866
857 896
857 872
857 873
857 858
857 895
858 860
858 865
859 864
859 4114
859 4718
859 4721
859 4720
860 864
860 868
861 862
861 865
862 867
863 869
863 864
863 870
865 868
866 4116
867 869
868 869
870 883
870 4720
871 4114
871 888
871 3975
872 876
872 874
873 874
875 4113
876 4114
876 4113
877 890
877 894
877 3962
877 893
877 996
878 882
878 3996
878 1039
879 881
879 1039
880 3996
880 1041
880 1006
881 883
881 882
882 3993
883 884
884 885
884 1007
884 886
885 1008
885 3987
886 4719
886 3983
886 1012
887 3985
887 3987
887 3984
888 892
888 3974
889 893
889 890
889 3974
890 3969
890 894
891 3965
891 1002
891 894
892 4112
892 893
895 950
895 951
895 3469
896 904
897 930
897 928
897 950
897 904
898 928
898 909
898 924
898 4187
899 4188
899 900
899 4187
899 918
900 4435
900 4419
900 920
901 1739
901 1740
901 4195
901 4435
902 906
902 1946
902 4261
903 909
903 905
903 904
905 910
905 908
906 912
907 908
908 909
910 912
910 911
912 913
914 927
914 926
914 934
914 938
915 916
915 945
915 936
916 1746
916 935
917 4429
917 4428
917 933
918 925
918 919
919 4428
919 4433
920 4433
920 4434
921 934
921 922
921 932
922 931
922 923
923 925
923 932
924 931
924 925
926 930
926 4186
927 3706
927 935
927 934
928 929
929 931
929 930
932 933
933 3713
935 3709
936 3799
936 945
937 943
937 941
937 947
938 942
938 940
939 4186
939 951
939 950
940 4186
940 947
941 974
941 959
942 3799
942 943
943 945
943 944
944 974
944 946
945 946
946 3444
947 948
949 951
949 3789
952 953
952 3469
954 4393
954 966
954 4394
955 962
955 960
955 4394
956 4396
957 959
957 958
958 963
959 964
960 968
960 961
961 967
961 962
961 4703
962 4703
963 4397
963 967
964 968
964 967
964 973
965 970
965 966
966 972
968 969
971 3432
972 3441
972 3432
973 3441
973 3434
974 3434
975 991
975 990
976 977
976 1014
976 4622
977 978
977 1021
978 979
978 3963
979 4723
979 4722
980 4622
980 1003
980 4723
981 982
981 989
981 987
982 983
982 4746
983 984
983 990
984 985
984 4251
985 986
985 992
986 987
987 996
988 989
989 4747
990 4746
991 4250
993 994
993 1002
994 995
994 1016
995 998
996 3962
997 999
997 1756
998 999
998 3946
999 1755
1000 1015
1000 4214
1000 1017
1001 1015
1001 1013
1002 4622
1003 3968
1003 3965
1004 1005
1004 3964
1004 1010
1005 1012
1005 3977
1006 3995
1006 1045
1007 3988
1007 3993
1008 3991
1008 3988
1009 1010
1009 1012
1009 3972
1010 3968
1011 3967
1011 3972
1011 3970
1012 3986
1013 4219
1013 4216
1013 1021
1014 4219
1014 1016
1015 1017
1016 4218
1017 4218
1018 1019
1019 4214
1019 1755
1019 1020
1020 1756
1020 4210
1023 1704
1023 1024
1025 1026
1027 3110
1027 2060
1027 3112
1028 3110
1029 1327
1029 4115
1030 1031
1030 4115
1030 4466
1031 1925
1031 1065
1031 4220
1032 4312
1032 1037
1032 4119
1033 1034
1033 1302
1034 4312
1034 3457
1035 4310
1035 1058
1035 1047
1035 1054
1036 1057
1036 1063
1036 1037
1037 3456
1037 1065
1038 3998
1039 1040
1040 3998
1040 4220
1041 4441
1041 4220
1042 1043
1042 1049
1042 1050
1043 4310
1043 3966
1043 1044
1044 1046
1044 3982
1044 4028
1045 4028
1045 1048
1046 4026
1046 4027
1047 4026
1047 1048
1048 4027
1049 3963
1050 3966
1050 1053
1051 1053
1051 4442
1052 1059
1052 1054
1052 1055
1053 1056
1054 1056
1055 1056
1055 1254
1056 4310
1057 1066
1057 1060
1058 1059
1058 1066
1059 1060
1060 1061
1061 1062
1061 1063
1063 4119
1064 4311
1065 1066
1067 1068
1067 1098
1068 1072
1068 1071
1069 1073
1069 1071
1070 3850
1070 1077
1070 1071
1071 1074
1072 4342
1072 3850
1073 1074
1073 1076
1073 4094
1074 1075
1075 1077
1075 1099
1076 2197
1077 3846
1078 3845
1078 1079
1078 1081
1079 1100
1080 1405
1080 1081
1080 1404
1081 1082
1081 1404
1082 3850
1082 3849
1083 3472
1084 4148
1084 3478
1086 3482
1086 3476
1087 1090
1088 1148
1088 1089
1089 4344
1089 1090
1090 1137
1091 2196
1091 1092
1091 1095
1092 2198
1093 1094
1093 2196
1094 1095
1094 3479
1095 3479
1096 1097
1097 1098
1097 3715
1098 4371
1100 3847
1101 4341
1101 4179
1101 4801
1102 1607
1102 1112
1102 1107
1103 3903
1104 1404
1105 1412
1105 1106
1105 1110
1106 1107
1106 1110
1107 3902
1108 1120
1108 1124
1108 1116
1108 4389
1109 1135
1109 1142
1109 1115
1110 1426
1111 1114
1111 1112
1111 4386
1112 4385
1113 4654
1113 1128
1113 1117
1114 4654
1114 1126
1115 1122
1115 1118
1115 1116
1116 1121
1116 1125
1117 1125
1117 4391
1118 1142
1118 4391
1118 4390
1119 1120
1119 4084
1120 1121
1121 4084
1122 4183
1123 4183
1123 2198
1124 1126
1124 1125
1126 1127
1128 4390
1128 1144
1128 1129
1129 1421
1129 1130
1130 1132
1130 1134
1130 1630
1131 1420
1131 1419
1131 1421
1132 4010
1132 4550
1133 4010
1134 1179
1134 1138
1135 1139
1136 1147
1136 1630
1136 1144
1137 1139
1137 1140
1138 1201
1138 1199
1139 1141
1140 1145
1140 1143
1141 1144
1141 1142
1141 1145
1143 1149
1143 1146
1143 1148
1144 1146
1145 1146
1147 1149
1147 1197
1150 1156
1150 1151
1152 1202
1152 3207
1152 3195
1153 1204
1153 1157
1153 1171
1154 1178
1154 3202
1154 1173
1154 1180
1155 3207
1155 1180
1155 1158
1155 1201
1156 1157
1157 3206
1158 1183
1158 1194
1158 3207
1159 1424
1159 1166
1159 1160
1160 1176
1160 1168
1161 4392
1161 3197
1161 1174
1162 1181
1162 1163
1162 3197
1163 1171
1163 1170
1164 1167
1164 4010
1164 1165
1165 1168
1165 1166
1167 1178
1167 1168
1168 1177
1169 3209
1169 1177
1169 1174
1169 1173
1170 4009
1171 1172
1172 3196
1172 1203
1173 3196
1174 3200
1174 1175
1175 1176
1175 1177
1176 4392
1177 1178
1179 4550
1179 1180
1180 3205
1181 1422
1181 3199
1182 1196
1182 1189
1182 1183
1183 1201
1184 1196
1184 1186
1184 1185
1185 1199
1185 1197
1186 1195
1186 1187
1187 4649
1187 4658
1188 4658
1188 1190
1189 4649
1189 1195
1189 1194
1190 1193
1190 4659
1191 4659
1191 1192
1191 4649
1192 1194
1192 1193
1195 1196
1197 1198
1199 1200
1202 3206
1202 1203
1203 3202
1204 4765
1205 1206
1205 4548
1206 3187
1206 3180
1207 4242
1207 4244
1208 3801
1208 3194
1208 4469
1209 1217
1209 1213
1209 4069
1210 1211
1211 1216
1211 1215
1212 4091
1212 1215
1212 1214
1213 4091
1213 3465
1214 4088
1214 4086
1218 4090
1218 4088
1218 1227
1219 1224
1219 1222
1219 3467
1219 1228
1220 3462
1220 3463
1220 3466
1221 3463
1221 1222
1223 3465
1224 4089
1224 4092
1225 1231
1225 4093
1225 3467
1226 1246
1226 1247
1226 1243
1227 1231
1228 1229
1228 4090
1229 1230
1230 1231
1232 4789
1232 4790
1233 3118
1233 1236
1233 3745
1234 3062
1234 3129
1235 4790
1235 1319
1235 3118
1235 4788
1236 3127
1236 3745
1237 1238
1237 3118
1237 4789
1238 3119
1238 1240
1239 3119
1239 1242
1239 1244
1240 1241
1240 1242
1241 3746
1241 3747
1242 1245
1243 3095
1243 1244
1244 3107
1245 1248
1245 1249
1245 1250
1246 3107
1246 1248
1247 1249
1247 1248
1251 3096
1251 3097
1252 1253
1252 1259
1252 1261
1253 1256
1253 1254
1254 4442
1255 1256
1257 1258
1257 3116
1257 1259
1259 1260
1261 3117
1262 1263
1262 4072
1264 1265
1266 1267
1268 4750
1268 4751
1268 1271
1269 4495
1269 1272
1270 1272
1270 1274
1271 1272
1271 3906
1271 3042
1273 3736
1273 1275
1274 3042
1274 4457
1275 4458
1275 4750
1276 3188
1277 1278
1277 4469
1277 1316
1278 4244
1278 4470
1279 4758
1279 2407
1279 4761
1279 4755
1280 1281
1281 2551
1282 1682
1282 1283
1283 1284
1283 4200
1284 4200
1284 1285
1285 4196
1285 1286
1286 1654
1286 1287
1287 3488
1287 3803
1288 3803
1288 1730
1288 1687
1288 4000
1289 1735
1289 1691
1289 1734
1291 2275
1292 3727
1292 2274
1293 2276
1294 4322
1294 3176
1295 1296
1296 3726
1297 2276
1298 1300
1299 1301
1300 3316
1302 1998
1302 4070
1303 1314
1303 1325
1304 1998
1305 4307
1305 1325
1306 1307
1306 1802
1307 1808
1308 1312
1308 1488
1308 2142
1309 1310
1310 2139
1311 2143
1311 2756
1312 2757
1312 2756
1313 1314
1313 3878
1314 4272
1315 1372
1315 3816
1316 3194
1316 3182
1317 3801
1317 3208
1317 3201
1319 3745
1319 3118
1320 4788
1320 3126
1322 1323
1322 3063
1322 3064
1323 2127
1323 1487
1324 1488
1324 4059
1324 2142
1325 4558
1326 4117
1326 4116
1327 4437
1328 1329
1329 1802
1329 4306
1330 4120
1330 4312
1330 3457
1331 3452
1331 1332
1331 4120
1332 4686
1332 3454
1332 4463
1333 3414
1333 1334
1333 1342
1333 3415
1334 4260
1334 3414
1335 1725
1336 1637
1336 1646
1336 3414
1337 1338
1338 1339
1340 1351
1341 4232
1341 2331
1341 2330
1341 4231
1342 1670
1343 3915
1343 2352
1343 2353
1344 1349
1345 1719
1345 1346
1346 1721
1346 1347
1347 1348
1347 1716
1348 1716
1348 1349
1350 1720
1350 2353
1350 3915
1352 4231
1352 4234
1353 4500
1353 1360
1354 1355
1355 1356
1355 3318
1356 3318
1356 1359
1357 1726
1357 1358
1358 1359
1358 1726
1360 1361
1360 1362
1361 1363
1362 3316
1363 4500
1364 3714
1364 1365
1365 3714
1365 1366
1367 4111
1369 2604
1369 4171
1370 3815
1370 2023
1371 4246
1371 3815
1373 3409
1373 1466
1374 1404
1374 1406
1374 1375
1374 1405
1375 1403
1375 1405
1376 1377
1376 1379
1377 1379
1377 3167
1378 4123
1378 3167
1378 1391
1378 3769
1380 1394
1380 3163
1380 3836
1380 3837
1381 1384
1381 3163
1381 1392
1382 1393
1382 1383
1382 1384
1383 1386
1383 1393
1384 1392
1385 1388
1385 1386
1385 4614
1386 4614
1387 1392
1387 1388
1387 1397
1388 1397
1389 1396
1389 4613
1389 1394
1390 1396
1391 1407
1391 2122
1393 4497
1394 1398
1395 1396
1397 3409
1398 1410
1399 3410
1399 4614
1400 1401
1400 4421
1400 1403
1401 3833
1401 3834
1402 1402
1402 4497
1403 3156
1406 1410
1408 4497
1408 2211
1408 2247
1409 1413
1409 1412
1410 3156
1411 2244
1411 2207
1411 2243
1413 1451
1413 1457
1414 1416
1414 1418
1414 1452
1415 1417
1415 1456
1416 1417
1416 1456
1417 1605
1417 1457
1419 1421
1420 1425
1420 1426
1420 1432
1423 2593
1423 1430
1423 1424
1424 1430
1425 4654
1425 1426
1426 1434
1427 1431
1427 1428
1427 1429
1428 1447
1428 1448
1429 4629
1429 1504
1431 1438
1431 3835
1432 1434
1432 1435
1433 4535
1433 1458
1433 1437
1434 1435
1434 3901
1435 4727
1436 1508
1436 3916
1436 3177
1437 3916
1438 3178
1438 1441
1439 2596
1439 1440
1439 1471
1440 1467
1440 1469
1441 4629
1441 3178
1442 3177
1443 1454
1443 4167
1443 4166
1444 1502
1444 1445
1444 1450
1445 3147
1445 1450
1446 1448
1446 3147
1446 3835
1447 1449
1447 1448
1449 1602
1449 1603
1450 1603
1451 2278
1451 3408
1452 2278
1452 2277
1452 2280
1453 1473
1453 1472
1453 2320
1454 1455
1455 3412
1455 4166
1456 1457
1458 1463
1458 4728
1459 4532
1459 4728
1459 1463
1460 3901
1460 3899
1460 1461
1460 3900
1461 1462
1461 3898
1462 1605
1462 4534
1463 4727
1464 1465
1464 1466
1464 3408
1465 1466
1465 4529
1467 1468
1468 1469
1470 1507
1470 1508
1470 1509
1471 3178
1471 1509
1472 3412
1472 1473
1473 2320
1473 2322
1474 1476
1475 1476
1475 4377
1476 1477
1477 1477
1478 1479
1481 2758
1481 1483
1481 1490
1482 3748
1482 1489
1482 1483
1483 2757
1484 1492
1484 1490
1484 1486
1485 1486
1485 1489
1487 1491
1487 2127
1488 4309
1489 1491
1490 1497
1491 3748
1491 2055
1492 1497
1492 1493
1492 1496
1493 1500
1493 1497
1494 1496
1494 1495
1494 4504
1495 2055
1495 4507
1496 2137
1497 1498
1498 1499
1498 3749
1499 1501
1499 1500
1500 4061
1502 4167
1503 1504
1504 1505
1505 1506
1505 1507
1507 4629
1508 1509
1509 1511
1510 1511
1511 1512
1513 2464
1513 4797
1513 2484
1514 2452
1514 3544
1514 1547
1514 4797
1515 3541
1515 1548
1515 3540
1516 3831
1516 3534
1516 3832
1517 1521
1517 3539
1517 3537
1518 4049
1518 3781
1518 1523
1518 4050
1519 1532
1519 1533
1519 4049
1520 1530
1520 4052
1520 2607
1521 1535
1521 3785
1522 1524
1522 3785
1522 4048
1523 1528
1523 1524
1524 1525
1525 1526
1525 1527
1528 1533
1528 1534
1529 1530
1530 1531
1532 2607
1532 1533
1534 3502
1534 4127
1535 3781
1535 1536
1536 1537
1536 1538
1539 1551
1539 1549
1539 4744
1540 1541
1541 1545
1541 1546
1542 1545
1542 1544
1542 1543
1544 4256
1544 1546
1545 1546
1547 2014
1547 4339
1548 2479
1548 3535
1548 2014
1549 1550
1551 1552
1551 4051
1552 4785
1552 4051
1553 1554
1553 1556
1553 3544
1554 1555
1554 2605
1555 3545
1555 1559
1556 3544
1556 1557
1557 1570
1557 1558
1558 1560
1558 1559
1559 3545
1560 1561
1560 4158
1561 3853
1561 4158
1562 1565
1562 4158
1562 1564
1562 1568
1563 1564
1563 3853
1565 1566
1565 1568
1566 1567
1566 4159
1568 4159
1569 4159
1571 1573
1571 1572
1574 1576
1574 1575
1574 3819
1575 1581
1575 4128
1576 1577
1576 3856
1577 1578
1577 3856
1578 1579
1578 1581
1579 4763
1579 1582
1580 4764
1580 2485
1580 4763
1581 1583
1584 4124
1585 1587
1585 1597
1586 1587
1587 1588
1589 1590
1589 1597
1590 1590
1591 2386
1591 2378
1592 1595
1592 2386
1592 1594
1593 1598
1593 1595
1593 1600
1594 1595
1594 1596
1597 1598
1598 1599
1601 4727
1602 1603
1602 4334
1604 1605
1606 4801
1606 4387
1606 1607
1607 4179
1608 4398
1609 1616
1610 1628
1611 1612
1613 1614
1614 1615
1614 4398
1615 1616
1615 1617
1616 1631
1618 1619
1619 4695
1620 1621
1621 1622
1621 1623
1624 1627
1625 1626
1626 1627
1627 3812
1632 1721
1632 1664
1633 1711
1633 1648
1633 1655
1633 1666
1634 1685
1634 2349
1635 3413
1635 3838
1635 4488
1636 1736
1636 1735
1637 1711
1637 1646
1638 1753
1638 1639
1640 1645
1641 1644
1642 1751
1643 1731
1643 1733
1643 1732
1647 1679
1647 4202
1647 4201
1648 1653
1648 1666
1649 1651
1649 1652
1650 1653
1652 1653
1654 4192
1654 1656
1655 4625
1655 2080
1656 1657
1656 3803
1657 4192
1657 1658
1658 4624
1658 4191
1658 1694
1659 1660
1659 1740
1659 1991
1660 1678
1660 4196
1661 3263
1661 1665
1661 1663
1661 4321
1662 1665
1662 1666
1662 1722
1663 1725
1663 4321
1667 1674
1667 1675
1667 1669
1667 1673
1668 1669
1669 1670
1670 1728
1671 1672
1671 1676
1671 1674
1673 1745
1673 1674
1673 1746
1675 1729
1675 1728
1676 4348
1676 1746
1677 1742
1677 1680
1677 1679
1678 1683
1678 1991
1679 1681
1680 1681
1680 1962
1681 1962
1682 4201
1682 1684
1683 4619
1683 1684
1684 4200
1685 3838
1686 4620
1686 4426
1686 4427
1687 4620
1687 1696
1688 1689
1688 4369
1688 4370
1689 1700
1689 1699
1690 2092
1690 1700
1691 1692
1691 1734
1692 1745
1692 3416
1692 3710
1693 1730
1693 1738
1693 1737
1694 1695
1694 1696
1696 4432
1697 3800
1698 4359
1698 4375
1699 1700
1701 3810
1702 1703
1704 1705
1705 2138
1707 2329
1707 3839
1707 1718
1708 3132
1708 3136
1709 3942
1709 4147
1709 3134
1710 3940
1710 3942
1711 1713
1712 3999
1712 4626
1713 4260
1713 4626
1714 1715
1714 3795
1716 1722
1717 3705
1720 2329
1721 1722
1723 1752
1723 1751
1724 3798
1726 1727
1727 3684
1727 3312
1728 1729
1728 3415
1729 3416
1729 1745
1730 3488
1731 4320
1731 4319
1732 1733
1732 1738
1733 1734
1735 1736
1736 1737
1737 1738
1739 1947
1739 4436
1739 1949
1740 1987
1740 1741
1741 1950
1741 1963
1742 1743
1742 1744
1745 3708
1747 3799
1748 1749
1749 3738
1749 3740
1750 3739
1750 4317
1752 1753
1753 1754
1754 4316
1755 1756
1757 4346
1757 3439
1757 3791
1759 1760
1759 4478
1761 3594
1761 3628
1761 4588
1762 3929
1762 3006
1762 1764
1763 4487
1764 3006
1764 3005
1765 1766
1765 3056
1767 1769
1767 1770
1767 2920
1768 1772
1768 1769
1768 1783
1769 1782
1770 1860
1770 1771
1771 1772
1771 1777
1772 1777
1773 2921
1773 1774
1773 4286
1774 3956
1774 1859
1775 1829
1775 4286
1775 4612
1776 2926
1776 1831
1777 1857
1779 1787
1779 1780
1779 1795
1780 1795
1780 1781
1781 2903
1781 1782
1782 1783
1783 1784
1784 1785
1784 2902
1785 2902
1785 1786
1786 1787
1786 2922
1787 2922
1788 1789
1790 1791
1790 1794
1791 1794
1791 1792
1792 1793
1792 2904
1793 2904
1794 3571
1795 3575
1797 2937
1798 2117
1798 4135
1799 2486
1799 2498
1799 1800
1800 3855
1801 4302
1801 1803
1801 4300
1802 4306
1803 1804
1803 4305
1804 4313
1805 4336
1805 1807
1806 4300
1806 4301
1807 4299
1808 3957
1808 1809
1810 4289
1810 1922
1810 4292
1811 2866
1811 1922
1811 2865
1812 1816
1812 3753
1812 1813
1813 1814
1813 1821
1814 1821
1814 1815
1815 1816
1815 1825
1816 1825
1817 1818
1817 1820
1817 1819
1818 2730
1818 2718
1819 1820
1819 1836
1821 2730
1822 1823
1823 2679
1823 2677
1824 2678
1824 1851
1824 1825
1824 2680
1826 1827
1826 3852
1827 4287
1828 1836
1828 1835
1828 4287
1829 1830
1830 3852
1830 1869
1831 1832
1832 1833
1832 1849
1833 1869
1833 1834
1834 1850
1834 1835
1835 1839
1836 1837
1837 1838
1837 1840
1838 1839
1838 1868
1839 1868
1840 1841
1841 1848
1842 1843
1842 1847
1842 4605
1843 1844
1844 1845
1844 1889
1845 1895
1845 1846
1847 4278
1848 2725
1849 4530
1851 1879
1851 1870
1852 2711
1852 2717
1852 2725
1853 2712
1853 2724
1853 2705
1854 2702
1854 2688
1854 1855
1855 2659
1855 2668
1856 3087
1856 1858
1856 1857
1857 4608
1858 1859
1858 1860
1859 1860
1860 2921
1861 1862
1861 2842
1861 2837
1862 1863
1862 2840
1863 2859
1863 2845
1864 2859
1864 1865
1864 2860
1865 1866
1865 2861
1866 1867
1866 2808
1867 2813
1867 2858
1868 2842
1870 1871
1870 2730
1871 1875
1871 1874
1871 1877
1872 1873
1872 1875
1872 1878
1873 1881
1873 2681
1875 1876
1879 1880
1879 2680
1880 2681
1880 2679
1881 4034
1882 1883
1882 4337
1883 3796
1884 1896
1884 1900
1884 1885
1885 1885
1886 1887
1886 1890
1887 4337
1888 1894
1888 1890
1888 1889
1889 1895
1890 1892
1891 1892
1891 1893
1893 1901
1894 1897
1894 1896
1895 1896
1897 1899
1898 1899
1898 1911
1900 1913
1901 1902
1902 2803
1903 1905
1903 1907
1903 1915
1904 1905
1906 1913
1906 1906
1907 1907
1908 2863
1908 1909
1909 1919
1909 1910
1910 1920
1911 1914
1911 1917
1912 1914
1912 1916
1912 1915
1914 1918
1915 1916
1917 1918
1917 2803
1918 2824
1919 2824
1919 1920
1921 1922
1923 3762
1923 1926
1924 1927
1924 1925
1925 1932
1926 4621
1926 1927
1927 1930
1928 1929
1928 4565
1928 3762
1929 4621
1929 1933
1930 3458
1930 1931
1931 4621
1931 1935
1932 3453
1932 3458
1933 1934
1933 4564
1934 4562
1935 4689
1935 1936
1937 4687
1938 4688
1938 1942
1938 4687
1939 1942
1939 4464
1939 4687
1940 4464
1940 1941
1940 1942
1943 1944
1944 1945
1944 4030
1945 4563
1945 4557
1946 4436
1946 4420
1946 4419
1947 3794
1947 1952
1948 1949
1948 4679
1949 1952
1950 3794
1950 1951
1951 1953
1951 1952
1953 1964
1953 1963
1954 4266
1954 1960
1955 4680
1955 1957
1955 1958
1956 4680
1957 4679
1957 1959
1958 1959
1959 1964
1960 1971
1961 4295
1961 4296
1961 4297
1962 1996
1963 1965
1964 1966
1965 1966
1965 1996
1966 1967
1967 1979
1967 1968
1968 4266
1968 1969
1969 1970
1970 1971
1971 1986
1972 3766
1972 1973
1972 3760
1973 1983
1973 2056
1974 1977
1974 1975
1974 1982
1975 1977
1975 1979
1976 1985
1976 1978
1976 1977
1978 1979
1978 1986
1980 1982
1980 1981
1980 1984
1981 1982
1981 3764
1983 2056
1983 1984
1984 1986
1987 1989
1987 1994
1988 1989
1989 1990
1990 1992
1990 1994
1991 1992
1992 1993
1993 4423
1993 1995
1994 1995
1995 1996
1997 2139
1997 1998
2000 3904
2001 3550
2001 2006
2001 2013
2002 3568
2002 2011
2002 3547
2003 2503
2003 2010
2003 2032
2004 4633
2004 3885
2004 3563
2005 4633
2005 2036
2006 2013
2006 3568
2007 2015
2008 2009
2008 2524
2009 2524
2010 4774
2010 4775
2010 4778
2011 4779
2011 4776
2012 3772
2012 4782
2012 2019
2013 2473
2014 2478
2016 2017
2016 4775
2016 4772
2016 4762
2017 4631
2017 2018
2018 4631
2018 2058
2019 2020
2019 3772
2020 2058
2021 2024
2021 3782
2021 3775
2021 4784
2022 2023
2022 3784
2022 4631
2023 3780
2023 3782
2024 4491
2024 3786
2025 3741
2025 2534
2025 2525
2026 2028
2027 2046
2028 2509
2028 2507
2029 2507
2029 2040
2029 2050
2030 2510
2031 4700
2032 4700
2032 2033
2033 4029
2033 4700
2034 2035
2035 2037
2035 2036
2036 4151
2038 2042
2039 2043
2039 2042
2039 2040
2040 3185
2041 2044
2042 2048
2043 2044
2043 2051
2044 2045
2045 2047
2045 2046
2046 2051
2048 2049
2048 3204
2049 4056
2049 2050
2050 2051
2052 4140
2052 4740
2052 2053
2052 4056
2053 2446
2053 2441
2054 2055
2056 2955
2057 2962
2057 2955
2058 2059
2059 2059
2060 4211
2060 2119
2061 2066
2061 3447
2062 2067
2062 2068
2062 2063
2064 2066
2064 2065
2064 4452
2065 4452
2065 2068
2066 3447
2067 2069
2067 2068
2069 2070
2069 2072
2070 2073
2070 2072
2071 2072
2071 4453
2071 2076
2073 2125
2073 2074
2074 2075
2074 2125
2075 2076
2075 2077
2076 2077
2077 2126
2078 2079
2078 3914
2078 2348
2079 2080
2079 2333
2081 2082
2081 4255
2082 2086
2083 2085
2083 4255
2083 2084
2084 2086
2085 4130
2085 4255
2087 4593
2087 2097
2087 4032
2088 2089
2088 2092
2088 2093
2090 2091
2091 4551
2091 3243
2092 4221
2094 2095
2094 2096
2094 4499
2094 3486
2096 4715
2096 4551
2097 3841
2097 3840
2098 3490
2098 3841
2098 3496
2099 2100
2099 2105
2101 3258
2101 3243
2101 4592
2102 3211
2102 4592
2102 3258
2103 4503
2104 2112
2105 2108
2106 2111
2106 2114
2106 2107
2108 2109
2108 2112
2110 4648
2110 3245
2110 3230
2111 2112
2111 2116
2111 2113
2115 3261
2115 3224
2115 3263
2116 3224
2116 4593
2118 3943
2118 3135
2118 4085
2119 3466
2119 2138
2120 2122
2121 2122
2123 4317
2124 2125
2124 4671
2124 3059
2126 2127
2126 4059
2127 4059
2128 2133
2128 2134
2128 3099
2129 2131
2130 2134
2130 2132
2130 2135
2131 2132
2131 3104
2132 2133
2133 3121
2134 3105
2134 3120
2135 2136
2135 3105
2136 3104
2136 3124
2137 2137
2138 4211
2139 2143
2140 2141
2141 2144
2141 2143
2144 4060
2144 2758
2145 2173
2145 3176
2146 2147
2147 2233
2148 2175
2148 2231
2148 2204
2149 2155
2149 2150
2150 2232
2150 2192
2151 2160
2151 3848
2152 4079
2152 2191
2152 2156
2153 2260
2153 2154
2153 2262
2153 2257
2155 2157
2155 2156
2155 4081
2156 4077
2157 2192
2157 2182
2158 2159
2158 3730
2158 4081
2159 2160
2159 2161
2160 2161
2161 2162
2163 3716
2163 2164
2163 2266
2164 4383
2164 3727
2165 2167
2165 2194
2165 2193
2166 2167
2166 2174
2166 2170
2167 2172
2168 2171
2168 2177
2168 2174
2169 2184
2169 2171
2169 2181
2170 2179
2170 2171
2173 2176
2173 2174
2175 2192
2175 2182
2176 2177
2177 2184
2178 2189
2178 2179
2178 2186
2179 2180
2180 2181
2180 2183
2181 2185
2182 2188
2182 2183
2183 2185
2183 2186
2184 2185
2186 2188
2187 2188
2188 2190
2189 2190
2189 2191
2190 2191
2195 2196
2197 4646
2199 2203
2199 4800
2199 3159
2200 2216
2200 2225
2200 2201
2201 2201
2202 2203
2203 2216
2204 2225
2205 2206
2206 2209
2206 2207
2207 2211
2208 2214
2209 2210
2210 2211
2212 2224
2212 4800
2212 2214
2213 2222
2214 2215
2216 2217
2217 2219
2217 2220
2218 2226
2218 2228
2218 2219
2219 2226
2220 2223
2220 2229
2221 2222
2222 2224
2224 3834
2225 2227
2226 2227
2227 2228
2228 2230
2229 2230
2229 2235
2230 2234
2231 2232
2233 2253
2233 2234
2234 2235
2235 2236
2237 2242
2237 4523
2237 2238
2239 4523
2239 2241
2239 2240
2241 2251
2242 2243
2242 2246
2243 2248
2243 2244
2244 2245
2246 2251
2246 2247
2247 3833
2248 2250
2248 2249
2252 2253
2253 4421
2254 2259
2255 2259
2255 2256
2255 2257
2257 2258
2259 2264
2260 2261
2260 2264
2261 2267
2261 2263
2264 2265
2265 2266
2265 4169
2268 4645
2268 2272
2269 4645
2269 2272
2270 2271
2271 2271
2273 2275
2277 2280
2277 2279
2277 2327
2278 2279
2279 2328
2280 2281
2281 4330
2281 4333
2282 3018
2284 3931
2285 2299
2286 2287
2286 2294
2287 2288
2288 2293
2289 2300
2289 2299
2289 2298
2290 2305
2290 2291
2290 2311
2290 2304
2291 2292
2291 2307
2292 2315
2292 2312
2292 2313
2295 2299
2296 2297
2296 3731
2296 3931
2297 2299
2297 2298
2298 2311
2298 3937
2300 2305
2300 2302
2301 2303
2302 2303
2302 2306
2303 2308
2304 2307
2304 2306
2305 2306
2307 2310
2307 2309
2308 3936
2308 2309
2309 2310
2310 3938
2310 3212
2311 2313
2312 3212
2312 3724
2313 2315
2313 3718
2314 3720
2314 2316
2314 3861
2315 3720
2316 3935
2317 3722
2317 2318
2318 2319
2320 2321
2321 2322
2321 2324
2322 2323
2323 2324
2323 2325
2324 2326
2325 2327
2325 2326
2326 2328
2327 2328
2329 3839
2330 2331
2330 4454
2332 2334
2332 2333
2332 2354
2333 4625
2334 2335
2334 4625
2338 2341
2339 2340
2340 2341
2342 2344
2343 2347
2344 2347
2345 2346
2350 3915
2350 2351
2350 2352
2353 3915
2355 2356
2355 2357
2355 2360
2357 4131
2358 2368
2358 4132
2359 2366
2360 2366
2360 2364
2361 2363
2362 2363
2363 2369
2364 2365
2364 2367
2365 2370
2365 2369
2366 2368
2367 2368
2367 2370
2368 2375
2369 2372
2370 2372
2370 2375
2371 2373
2371 2372
2371 2379
2373 2374
2373 2375
2374 2377
2374 2382
2375 2376
2376 2395
2376 2610
2376 2377
2377 2381
2378 4146
2378 2386
2379 2380
2379 2383
2380 2385
2380 2393
2380 2383
2380 4748
2380 4749
2381 2381
2382 2383
2382 4455
2384 4748
2384 4455
2385 2389
2386 2387
2387 2388
2387 2389
2388 2391
2390 4682
2390 2392
2391 2392
2391 2402
2392 4682
2393 4681
2394 4707
2395 2400
2395 2396
2396 2615
2397 2398
2397 2614
2397 2612
2399 2400
2401 3130
2401 2402
2401 3895
2403 2408
2403 2409
2404 2406
2404 2410
2405 4137
2406 2410
2406 2407
2407 2408
2408 2409
2409 4471
2410 4741
2411 4742
2411 2413
2411 4057
2412 4057
2412 4141
2412 2418
2413 4058
2413 2415
2414 2415
2414 2416
2415 2416
2416 4471
2417 2418
2418 4058
2419 2421
2419 2420
2419 2425
2420 2451
2421 2424
2422 2423
2423 2424
2423 2434
2424 2434
2425 2491
2425 2432
2426 2489
2426 2494
2426 2429
2427 2495
2427 2497
2427 2430
2428 2491
2428 2489
2428 2431
2433 2486
2433 2434
2435 2462
2435 2497
2435 2455
2436 2437
2436 4739
2437 2440
2438 2444
2438 2440
2438 2439
2438 2445
2440 2443
2441 2442
2441 4055
2442 2443
2447 4137
2447 4471
2447 2449
2448 2449
2449 2450
2451 4634
2451 3888
2452 4634
2452 2483
2453 2454
2453 2457
2454 2455
2455 3890
2456 2461
2457 3892
2457 2458
2458 2461
2458 3892
2459 2460
2460 2464
2460 2461
2462 2484
2462 2485
2463 2464
2465 2472
2465 2470
2466 2467
2466 3777
2466 2476
2467 3773
2467 2468
2468 2470
2468 2471
2469 2476
2469 2470
2469 2472
2473 3533
2473 2474
2474 2477
2474 3776
2475 3778
2476 2478
2477 2478
2477 2479
2479 2481
2480 2481
2481 2482
2483 3779
2483 4339
2484 4764
2487 3858
2487 3859
2488 2489
2490 2491
2492 2494
2493 2495
2494 2495
2496 2497
2499 2501
2500 2502
2500 2503
2500 4482
2500 2501
2501 2502
2502 4633
2503 3551
2504 2506
2504 2505
2504 4696
2506 2508
2506 4046
2507 2509
2509 3191
2510 2511
2510 4053
2512 2515
2512 2517
2512 2513
2514 2625
2514 4712
2514 2517
2515 4045
2515 2625
2516 2517
2516 2633
2516 2518
2518 2519
2518 2631
2519 4711
2519 4510
2520 2521
2520 2523
2520 2638
2521 2631
2521 2522
2521 2637
2522 2637
2522 2638
2522 2636
2523 4108
2523 4632
2524 4108
2525 2526
2525 2552
2526 2527
2526 2552
2527 2528
2529 4177
2529 2530
2529 2550
2530 2531
2530 3642
2531 3643
2531 3642
2532 2539
2533 4368
2533 2540
2533 2548
2534 2538
2534 2535
2535 2536
2535 4360
2536 2539
2536 2537
2538 2547
2538 2544
2539 4361
2540 4365
2540 4367
2541 2549
2541 2542
2541 4367
2542 2549
2542 4364
2543 2544
2544 2547
2545 2546
2545 2547
2545 4164
2550 3744
2550 4368
2551 2552
2553 2557
2553 3639
2553 3643
2554 2557
2554 2555
2556 2569
2556 3641
2556 3640
2557 2560
2558 2570
2558 2559
2561 2563
2561 3882
2561 2562
2562 2563
2562 2572
2563 2564
2564 2565
2565 2569
2565 2568
2566 2570
2566 2567
2566 2568
2567 2571
2567 2570
2568 2569
2571 2573
2571 2572
2572 2573
2573 3341
2574 4205
2574 3372
2574 3339
2575 3352
2575 3337
2575 3344
2576 4411
2576 4402
2576 4410
2577 3884
2577 3883
2578 2579
2578 2586
2579 2580
2580 2581
2580 2584
2581 2582
2581 2584
2582 2583
2583 2585
2584 3884
2585 2586
2585 2587
2586 2587
2587 2589
2588 2589
2589 2590
2590 4264
2590 2591
2592 4263
2592 4264
2593 2595
2593 2594
2594 2596
2594 2595
2595 2598
2596 4541
2599 4052
2599 2600
2599 2601
2599 2602
2600 4171
2600 2601
2601 2602
2603 2604
2605 2606
2605 3536
2607 4799
2608 4052
2609 2610
2610 4132
2611 2615
2613 2614
2614 2615
2616 2618
2616 2626
2616 2635
2617 2618
2617 2620
2617 2634
2618 2634
2619 2621
2619 2634
2619 2620
2620 2621
2621 2622
2622 2624
2622 2630
2623 2623
2623 2625
2624 2630
2624 2639
2626 2627
2626 2635
2628 4696
2629 2638
2630 2636
2631 2632
2635 4160
2636 2637
2638 4787
2639 2644
2640 2642
2641 2642
2642 2643
2642 2649
2643 4042
2643 2645
2644 2649
2644 2647
2644 4043
2646 2648
2646 2649
2646 4044
2650 2729
2650 2673
2650 2651
2651 2654
2651 2652
2652 2653
2652 2658
2653 2682
2653 2674
2655 3751
2655 2728
2655 2735
2655 4283
2656 2793
2656 2729
2656 2657
2659 2660
2659 2661
2662 2667
2662 2665
2662 2664
2663 2793
2663 2664
2663 2665
2664 2755
2665 2668
2666 2669
2667 2850
2667 2721
2668 2669
2669 2671
2670 4238
2670 2671
2670 4235
2671 2672
2673 2684
2673 2675
2675 4034
2675 2684
2676 2681
2677 2679
2677 2680
2677 2678
2678 2680
2683 2685
2684 2693
2685 2693
2685 2686
2687 2688
2688 2694
2689 2690
2690 2691
2690 2695
2691 4034
2691 2692
2693 2694
2694 2695
2695 2696
2697 2698
2697 2713
2698 2707
2699 2700
2700 2701
2700 2707
2701 2708
2701 2704
2702 2703
2702 2704
2703 2705
2703 2704
2705 2706
2706 2722
2706 4238
2707 2708
2708 2710
2709 2720
2709 2710
2709 2711
2710 2712
2711 2712
2713 2716
2713 2714
2715 2715
2715 2716
2716 2719
2717 2718
2717 2719
2718 2719
2723 2801
2723 2724
2724 3750
2726 2728
2726 2755
2726 2747
2727 2728
2729 2785
2731 4274
2731 4273
2732 2734
2732 2777
2732 2736
2733 2741
2734 2735
2734 4444
2735 4444
2736 4308
2736 4444
2737 2749
2737 2741
2737 2748
2738 2739
2738 2740
2738 2742
2739 2748
2739 2751
2740 2777
2740 2741
2742 2745
2742 2791
2743 2744
2744 2745
2744 2753
2745 2792
2746 2747
2747 2748
2750 2754
2752 2754
2754 2755
2756 2766
2757 2758
2759 2767
2760 2761
2760 4036
2760 2767
2762 2764
2762 2769
2762 2770
2763 2770
2763 2769
2763 2773
2764 2765
2764 4066
2765 2766
2765 4064
2766 4064
2767 2770
2768 2769
2768 2771
2768 2775
2771 2773
2771 2772
2772 2775
2772 2773
2774 2776
2774 2775
2774 2778
2776 2778
2776 2782
2777 2778
2779 2781
2780 2786
2780 2791
2780 2798
2781 2786
2781 2789
2782 2783
2782 2787
2784 2787
2785 2786
2785 2797
2787 2789
2788 2789
2790 2791
2793 2794
2794 2795
2794 2796
2794 2799
2800 2801
2801 2802
2802 2802
2803 2828
2804 2805
2805 2808
2805 2835
2806 2809
2806 2808
2806 2807
2809 2810
2810 2811
2812 2812
2812 4539
2813 2863
2813 2822
2814 2821
2814 2822
2814 2817
2815 2817
2816 2819
2817 2818
2818 2819
2818 2820
2819 2830
2822 4539
2823 4539
2824 2827
2825 2828
2826 2827
2827 2828
2829 2830
2830 2831
2831 2832
2831 2935
2832 2835
2832 2836
2832 2833
2834 2835
2837 2838
2837 2856
2839 2840
2840 2856
2841 2842
2843 2846
2844 2845
2845 3752
2846 2847
2846 2860
2848 4647
2848 2860
2848 2849
2850 2852
2850 4279
2851 2853
2851 2852
2851 2855
2852 2853
2853 2854
2856 2857
2859 2860
2861 2927
2861 2862
2862 2935
2862 4447
2863 2864
2865 2879
2865 2870
2866 2881
2867 2870
2867 4259
2868 2869
2868 4015
2868 4258
2869 4014
2869 4314
2870 2872
2871 2872
2872 2879
2872 2873
2873 4011
2873 2878
2874 2887
2874 2876
2874 4791
2874 4258
2875 4791
2877 2878
2877 2880
2877 2879
2878 4011
2881 2883
2882 4011
2884 2896
2885 4608
2885 4610
2885 4609
2886 4606
2886 2907
2886 2892
2886 4607
2887 2888
2887 2892
2889 2891
2890 2891
2891 2892
2893 4611
2893 2898
2893 2907
2894 2895
2894 4611
2894 2911
2895 2908
2895 4606
2896 2897
2896 4610
2897 4611
2897 2899
2899 2900
2899 2901
2901 2911
2901 2902
2904 2905
2905 3574
2905 2914
2906 2907
2908 2909
2909 2913
2910 2912
2910 2924
2910 2915
2911 2925
2913 2917
2913 2914
2914 2915
2915 2924
2916 2917
2916 2918
2916 3573
2916 3809
2917 2918
2919 2926
2919 2920
2919 2921
2920 2921
2922 2923
2923 3863
2923 3862
2924 3864
2925 3862
2925 3864
2927 4449
2927 4326
2928 3520
2928 2929
2928 3518
2929 2930
2929 3518
2930 4040
2930 3525
2930 4705
2931 4449
2931 2936
2931 4508
2932 3867
2933 2934
2934 3520
2934 3877
2935 4445
2936 2937
2936 2941
2937 2942
2938 2946
2938 2939
2938 2945
2939 2945
2939 2942
2939 2940
2941 4451
2941 4665
2942 2943
2943 2945
2943 4102
2944 4451
2946 2948
2947 4103
2947 2954
2947 3663
2948 2949
2949 2950
2949 2953
2950 2951
2950 2953
2952 2953
2955 2959
2956 2962
2956 2958
2956 2957
2960 2961
2961 2993
2961 2975
2962 2963
2962 2964
2963 4638
2963 4639
2964 4638
2964 4271
2965 2968
2966 2967
2966 2985
2966 3756
2967 2968
2968 2977
2969 2970
2969 2973
2970 2976
2971 2972
2971 2973
2971 2977
2972 2976
2972 2980
2973 4638
2974 2975
2974 2993
2974 2995
2975 2976
2975 2996
2977 2978
2978 2983
2978 2991
2979 2987
2980 2981
2980 4270
2982 2983
2983 2984
2985 2987
2985 2986
2987 2992
2988 2990
2988 2989
2988 2991
2990 2990
2991 2992
2993 2994
2994 4268
2994 2995
2995 4269
2996 2997
2996 2998
2998 3003
2998 4531
2999 3001
2999 2999
3000 3001
3001 3003
3002 3003
3004 3016
3005 3013
3005 3014
3006 3011
3007 3020
3007 3009
3007 3008
3008 3009
3008 3010
3009 3014
3010 3011
3010 3012
3011 3012
3012 3577
3013 3015
3013 3014
3015 3593
3015 3016
3016 3590
3017 3950
3017 4616
3017 3018
3019 4417
3019 3022
3019 3023
3020 3056
3020 3021
3021 3024
3021 3587
3022 3508
3022 3023
3023 3026
3024 3025
3024 3026
3025 3026
3025 3579
3027 3036
3028 4484
3028 3036
3028 3655
3029 3030
3029 4484
3029 3658
3030 3032
3030 4023
3031 4023
3032 4566
3032 4568
3033 3037
3033 3034
3033 3039
3034 4400
3034 3038
3035 4401
3035 4400
3036 3037
3036 3040
3037 3039
3038 3039
3038 3813
3041 4752
3042 3043
3045 4769
3046 3048
3046 4769
3046 4770
3047 3050
3047 4770
3049 3050
3054 3055
3058 4454
3058 4378
3059 3061
3059 3060
3061 3062
3061 3063
3062 3063
3065 3092
3065 3091
3065 3090
3066 3068
3066 3080
3066 3067
3067 3068
3067 3093
3068 3070
3069 3070
3069 3080
3069 3078
3070 3071
3071 3074
3071 3072
3073 3074
3073 3078
3073 3076
3073 3081
3074 3075
3075 3092
3075 3076
3076 3082
3077 3077
3077 3085
3078 3079
3078 4037
3079 3080
3079 3094
3081 3085
3081 4038
3082 3084
3082 3083
3083 3085
3083 3086
3087 4468
3087 3088
3088 4039
3088 3089
3090 3091
3091 4501
3092 3093
3093 4304
3095 3099
3095 3096
3096 3098
3097 3098
3097 3102
3098 3100
3099 3101
3102 3103
3103 3121
3103 3122
3104 4118
3105 3106
3107 3108
3109 3114
3110 3111
3111 3112
3112 3114
3113 3116
3113 4442
3114 3115
3116 4690
3118 3120
3119 3120
3121 3122
3124 3125
3125 4671
3127 3128
3127 3129
3128 4150
3128 3129
3130 3142
3132 4110
3132 3141
3132 3136
3136 3139
3138 3140
3140 4771
3142 3893
3143 4046
3144 4773
3145 4733
3145 4254
3146 4731
3146 4257
3147 3835
3149 4129
3149 3150
3149 3153
3150 3158
3150 3153
3151 3156
3152 3159
3152 3161
3153 3162
3154 3170
3154 3158
3154 3155
3157 3160
3157 3162
3157 3158
3159 3162
3161 4800
3163 3836
3164 3167
3164 3166
3164 3165
3168 3168
3168 3171
3169 3171
3170 3175
3170 3176
3171 3175
3172 4323
3173 3175
3174 3177
3179 4758
3179 4760
3180 3192
3180 3187
3181 3193
3181 3204
3182 4753
3182 4757
3183 3193
3184 3191
3186 3193
3187 3190
3188 4754
3188 4759
3189 4753
3189 4754
3191 4795
3194 3201
3194 4469
3195 3206
3195 4538
3196 3202
3196 3209
3197 3200
3198 3204
3199 4549
3199 3203
3200 3209
3202 3205
3205 3207
3209 4009
3211 3219
3212 3217
3213 3235
3213 3241
3213 3250
3213 3257
3214 3217
3214 3724
3215 3220
3216 3219
3217 3934
3218 3228
3218 3232
3218 3220
3219 3221
3220 3221
3221 3249
3222 3237
3222 3231
3222 3226
3223 3237
3223 3242
3223 4592
3223 3247
3224 3238
3224 3230
3225 3245
3225 3259
3225 3236
3227 3246
3227 3247
3227 3243
3228 3248
3228 3232
3229 3242
3230 3259
3232 3241
3233 3238
3234 3257
3235 3242
3235 3249
3236 3814
3236 3250
3237 3240
3238 3251
3239 3241
3244 3249
3245 3250
3247 4648
3252 3697
3252 4597
3252 4405
3253 3262
3254 3255
3254 3256
3256 3263
3257 3262
3258 4670
3260 4598
3260 4669
3260 4670
3260 4597
3262 3264
3265 3278
3266 3293
3266 3304
3267 3303
3267 3270
3267 3308
3268 3297
3268 3279
3268 3313
3269 3273
3270 3308
3270 3299
3271 3307
3271 3315
3271 3300
3272 3293
3272 3306
3273 3278
3273 3297
3274 3310
3274 3314
3274 3280
3275 3287
3275 3305
3275 3284
3275 3285
3276 3283
3276 3309
3276 3302
3277 3302
3278 3290
3279 3297
3279 3308
3280 3303
3281 3301
3281 3295
3281 3285
3282 3295
3282 3296
3282 3312
3283 3296
3283 3300
3284 3288
3284 3287
3285 3305
3285 3301
3286 3345
3286 3299
3286 3291
3289 3310
3289 3376
3289 3369
3291 3299
3291 3314
3292 3307
3292 3301
3292 3300
3294 3311
3296 3311
3298 4595
3298 4596
3298 3338
3302 3311
3305 4594
3307 3349
3308 4636
3310 3314
3313 4594
3313 4596
3315 3317
3315 3319
3321 3323
3321 3336
3321 3343
3322 3363
3322 3364
3322 3329
3323 3350
3323 3365
3324 4604
3324 3376
3324 3351
3325 3366
3325 4599
3325 3340
3325 3354
3326 4181
3326 3332
3327 3345
3328 3338
3328 3359
3328 4635
3329 4599
3329 3362
3330 3373
3330 3347
3331 3339
3331 3366
3331 3353
3333 3342
3333 3337
3333 3341
3334 3349
3335 3353
3336 3917
3336 3919
3337 3341
3338 3355
3338 3374
3339 3391
3340 3364
3340 4599
3342 3361
3342 3373
3343 3363
3343 3368
3344 3370
3344 3356
3345 3369
3346 3366
3347 3362
3348 3363
3349 3359
3351 3358
3351 3376
3352 4636
3353 3367
3354 3362
3354 3371
3357 3368
3359 4595
3360 4601
3364 3375
3368 4600
3369 4600
3371 3373
3371 4205
3375 4526
3375 4525
3377 3398
3377 3389
3377 3390
3378 3386
3378 3388
3378 3389
3379 3406
3379 4262
3379 3400
3379 4672
3380 3398
3381 3394
3381 3407
3382 3387
3382 3401
3382 3391
3383 3394
3383 3384
3383 3399
3384 3860
3384 4697
3385 3671
3385 3405
3385 3673
3386 3396
3386 3393
3387 3400
3387 3401
3389 3396
3390 3391
3390 3392
3392 3400
3392 4402
3395 3401
3396 3398
3397 3860
3399 3930
3399 3932
3402 3860
3403 3404
3403 4264
3403 4265
3404 3670
3404 3407
3405 3670
3405 3406
3406 4265
3411 4335
3411 4334
3411 4332
3412 4329
3415 3416
3417 3418
3419 3439
3419 3444
3420 3442
3420 3441
3420 3428
3421 3437
3422 3423
3422 3429
3423 3440
3424 3438
3425 3439
3426 3429
3427 3437
3428 3433
3428 3436
3430 3443
3430 3437
3430 3435
3431 3438
3434 3443
3438 3443
3445 4143
3446 3451
3447 3449
3448 3449
3448 3448
3449 3450
3450 3450
3452 4689
3452 3461
3453 3456
3453 3455
3454 4688
3454 4689
3454 4693
3456 3460
3458 3459
3463 3468
3464 3467
3465 3468
3466 3468
3468 4092
3470 3471
3472 3475
3473 3474
3473 3726
3474 3480
3475 3477
3480 4373
3484 3491
3485 3495
3487 3494
3488 3489
3489 3499
3489 3498
3490 3494
3490 4503
3491 3496
3491 3500
3492 3499
3493 3499
3494 3842
3495 3500
3495 3496
3497 3500
3501 3816
3501 3817
3502 3503
3502 3822
3502 3825
3503 3828
3503 3825
3504 3515
3504 3512
3504 3519
3505 3526
3505 3511
3505 3528
3506 3873
3506 3509
3506 3522
3507 3526
3507 3514
3507 3512
3508 3510
3509 3528
3509 3513
3511 3522
3511 3528
3512 3519
3513 3529
3513 3867
3514 3524
3514 3526
3515 3874
3515 3521
3516 3517
3516 3523
3516 3532
3517 3875
3517 3523
3518 3570
3519 3523
3520 3531
3522 3527
3524 3525
3524 3532
3525 3532
3529 3530
3530 3871
3533 3788
3533 3538
3534 3543
3534 3539
3535 3832
3535 3540
3537 3539
3537 3543
3538 3542
3538 3541
3540 3541
3541 3827
3541 3829
3543 3828
3545 4744
3546 3549
3546 3561
3546 3552
3547 3568
3547 3555
3548 3565
3548 3566
3548 3569
3549 3552
3549 4630
3550 3553
3550 3564
3551 3567
3551 3556
3552 3557
3552 4125
3553 3886
3553 3564
3554 3558
3555 3559
3555 3561
3556 3567
3556 3560
3557 4736
3557 3558
3558 3562
3559 3561
3559 3564
3560 3563
3560 3565
3562 3569
3562 4736
3563 3565
3566 3569
3566 3567
3571 3575
3571 3574
3572 3575
3572 3865
3572 3574
3576 4485
3576 3579
3576 3577
3577 3580
3578 3587
3578 3581
3579 3580
3579 3581
3580 3581
3582 3589
3583 3585
3584 3587
3585 4485
3585 3591
3585 3595
3586 3617
3586 3949
3586 3594
3586 3590
3588 3591
3589 3593
3589 3592
3590 3634
3591 3595
3592 4641
3592 3593
3594 3929
3595 4486
3596 3625
3597 3952
3597 3638
3597 3651
3598 3599
3599 3623
3599 4566
3600 3606
3600 3614
3600 3619
3601 3624
3602 3633
3602 3610
3602 3608
3603 3618
3603 4022
3603 3615
3604 3628
3605 3625
3605 3637
3605 3615
3605 3612
3606 3630
3606 4572
3607 3627
3609 3632
3611 4573
3611 3626
3611 3622
3612 3612
3613 4572
3613 3617
3613 3624
3614 3618
3614 4022
3615 3638
3616 3631
3616 4253
3617 3626
3618 3624
3619 3950
3620 3632
3621 4253
3623 3633
3623 4768
3625 3632
3626 4574
3627 3633
3627 3629
3628 4615
3634 4616
3634 4617
3635 3951
3635 4567
3635 4566
3636 4571
3637 4589
3637 4579
3638 4022
3639 3640
3639 3643
3640 3641
3641 3642
3644 3848
3645 3648
3645 3955
3645 3659
3646 3647
3647 3653
3647 3657
3648 3662
3648 3651
3649 3662
3650 3657
3651 4041
3652 3659
3654 4570
3654 3657
3654 3955
3655 3658
3656 4569
3656 4570
3656 3659
3660 3954
3660 4570
3660 3952
3661 4569
3662 4569
3664 4796
3664 4107
3665 4368
3665 3742
3666 3667
3668 3673
3669 3672
3669 4544
3670 3677
3671 3679
3671 4598
3673 3674
3674 3675
3674 3676
3675 3681
3675 3680
3676 3678
3676 4025
3678 3679
3678 4025
3679 4024
3680 4544
3680 4025
3682 3702
3682 3695
3682 3684
3683 3691
3683 3702
3683 3689
3684 3700
3685 3697
3685 4229
3685 3920
3685 3687
3686 3690
3687 3702
3687 3696
3688 3690
3688 3693
3688 3694
3689 3701
3689 3691
3690 3692
3691 3693
3692 3693
3692 3699
3694 3699
3694 3700
3695 3697
3695 3703
3695 4669
3697 3698
3699 3700
3704 4170
3704 4076
3706 3713
3706 3707
3707 3713
3708 3709
3708 3710
3711 4267
3711 4440
3711 4424
3712 4267
3715 3728
3715 4342
3718 3722
3718 3723
3719 3733
3720 3721
3721 3724
3721 4522
3722 3725
3729 3730
3730 4381
3731 3734
3731 3733
3732 3734
3733 3734
3735 3933
3737 3739
3739 3740
3741 4162
3742 3743
3742 4172
3748 4309
3751 4281
3751 4443
3754 4293
3755 3765
3755 3761
3755 3759
3757 3763
3757 3759
3757 3765
3758 3761
3758 4547
3759 3768
3760 4202
3761 3765
3762 4030
3763 4545
3763 3768
3767 4252
3768 4545
3769 3770
3769 4123
3770 3837
3770 4123
3771 3779
3772 4710
3774 3777
3774 3783
3774 3787
3775 4781
3775 3823
3775 4491
3776 3778
3777 3779
3780 3786
3781 3785
3782 3786
3782 3784
3784 4783
3788 3826
3788 4780
3791 4418
3791 4347
3791 4349
3792 4199
3792 4195
3792 4194
3793 3794
3796 4605
3796 3797
3797 3797
3800 4694
3804 3868
3804 3805
3804 3808
3805 4651
3805 3806
3806 3868
3806 3869
3807 4618
3807 3808
3807 4651
3808 4651
3812 4540
3813 4023
3818 3856
3820 4135
3822 3824
3822 4491
3823 3824
3823 3826
3824 3825
3826 4780
3827 4780
3827 3829
3828 3830
3829 3830
3830 3831
3831 3832
3833 3834
3836 3837
3840 4715
3840 3842
3841 3842
3843 3844
3845 3846
3845 3847
3846 3847
3851 3852
3853 3854
3857 3858
3858 4653
3862 3863
3863 3865
3864 3865
3866 3871
3868 3870
3869 3870
3869 3873
3870 3872
3871 3872
3872 3873
3874 4618
3874 4661
3876 4553
3876 4479
3878 4071
3879 3880
3880 3881
3880 4520
3881 3882
3881 4518
3882 4205
3883 4520
3883 4413
3887 3888
3888 4136
3889 3892
3889 4634
3889 3890
3890 3891
3893 3894
3896 3897
3896 4534
3896 4535
3897 4728
3897 4533
3898 4532
3898 4533
3900 3901
3903 3903
3906 4684
3907 4698
3909 3911
3909 3910
3910 3912
3911 3913
3912 3913
3917 3918
3917 4600
3919 4223
3919 4527
3921 3922
3921 4227
3921 4230
3922 3923
3922 4403
3923 3924
3923 3925
3924 3925
3924 3926
3925 3927
3928 4403
3928 4408
3928 4412
3929 3948
3931 3932
3932 4652
3939 4480
3940 3941
3940 3943
3941 3942
3941 3943
3944 4085
3945 4480
3947 3948
3948 3949
3951 4586
3951 3953
3952 4581
3953 4568
3953 3954
3954 4587
3956 4468
3956 4612
3957 4303
3958 3959
3961 4540
3963 4722
3963 3964
3964 4724
3964 4722
3965 3967
3966 4310
3967 3968
3969 3970
3969 3971
3970 3971
3971 3973
3972 3973
3973 3978
3974 3975
3976 3978
3977 3979
3977 3980
3978 3986
3979 3981
3979 3980
3980 3983
3981 3984
3981 3982
3982 3984
3983 3985
3985 3987
3988 3989
3989 3991
3989 3990
3990 3992
3990 3997
3991 3995
3992 3994
3992 3993
3995 3997
3996 3997
3999 4626
3999 4260
4000 4424
4001 4002
4002 4004
4002 4003
4005 4536
4006 4536
4007 4008
4012 4259
4012 4013
4012 4314
4013 4015
4013 4259
4014 4314
4014 4016
4015 4258
4016 4017
4016 4019
4017 4018
4017 4019
4019 4020
4020 4021
4020 4607
4026 4027
4027 4028
4030 4561
4032 4032
4035 4069
4038 4039
4049 4050
4050 4256
4051 4786
4053 4155
4053 4154
4054 4156
4054 4152
4055 4153
4055 4157
4056 4794
4057 4058
4059 4309
4060 4062
4060 4063
4061 4068
4061 4505
4062 4065
4062 4063
4062 4064
4063 4068
4064 4065
4065 4066
4065 4067
4066 4067
4067 4308
4068 4443
4068 4308
4070 4307
4073 4074
4075 4380
4076 4170
4077 4078
4078 4382
4079 4080
4080 4384
4082 4083
4086 4087
4088 4089
4089 4090
4091 4092
4095 4096
4097 4098
4097 4248
4098 4248
4098 4099
4099 4100
4099 4247
4100 4247
4100 4663
4101 4662
4101 4104
4101 4450
4102 4106
4102 4103
4103 4107
4104 4450
4104 4667
4105 4667
4105 4665
4105 4666
4106 4107
4106 4451
4108 4109
4112 4113
4115 4466
4116 4117
4118 4118
4119 4311
4120 4686
4121 4122
4130 4488
4130 4489
4132 4133
4134 4135
4137 4139
4138 4139
4139 4743
4142 4143
4143 4144
4145 4146
4147 4738
4147 4650
4148 4149
4151 4152
4151 4155
4152 4156
4153 4154
4153 4157
4154 4155
4156 4157
4161 4162
4163 4164
4164 4165
4166 4167
4168 4169
4169 4173
4174 4175
4174 4368
4175 4176
4176 4177
4178 4179
4184 4185
4187 4188
4188 4420
4189 4195
4190 4194
4191 4197
4191 4193
4192 4624
4193 4198
4193 4194
4196 4624
4201 4202
4211 4213
4212 4215
4214 4217
4218 4219
4221 4499
4221 4222
4222 4222
4223 4225
4223 4224
4224 4225
4224 4227
4225 4226
4226 4229
4226 4228
4227 4230
4228 4230
4228 4229
4231 4232
4233 4234
4235 4236
4235 4238
4236 4239
4236 4240
4237 4240
4240 4241
4242 4245
4247 4446
4248 4556
4250 4251
4252 4295
4252 4325
4254 4733
4257 4731
4261 4420
4262 4263
4263 4265
4267 4440
4271 4271
4272 4501
4273 4274
4274 4275
4275 4276
4275 4605
4276 4284
4276 4277
4277 4285
4278 4280
4278 4279
4279 4280
4280 4282
4281 4285
4281 4283
4282 4283
4282 4284
4284 4285
4287 4288
4289 4290
4290 4291
4291 4292
4293 4490
4293 4299
4294 4296
4294 4297
4294 4490
4296 4298
4298 4313
4298 4490
4299 4490
4301 4306
4301 4302
4302 4303
4303 4305
4303 4304
4304 4305
4311 4312
4313 4490
4315 4316
4318 4734
4319 4320
4320 4321
4322 4323
4324 4325
4324 4546
4327 4450
4327 4555
4327 4554
4329 4332
4329 4331
4330 4331
4330 4333
4331 4332
4333 4335
4334 4335
4336 4609
4338 4339
4340 4341
4342 4343
4344 4345
4346 4418
4347 4418
4348 4349
4350 4351
4350 4521
4353 4357
4353 4356
4354 4357
4355 4356
4357 4358
4360 4363
4360 4361
4361 4362
4362 4363
4362 4365
4363 4364
4364 4366
4365 4366
4366 4367
4369 4370
4371 4372
4371 4373
4372 4373
4374 4377
4374 4375
4375 4376
4376 4377
4376 4378
4377 4379
4378 4380
4379 4380
4381 4383
4381 4382
4382 4384
4383 4384
4385 4386
4385 4387
4386 4389
4387 4388
4387 4389
4390 4391
4393 4701
4393 4702
4394 4701
4395 4703
4395 4396
4395 4397
4396 4397
4399 4400
4402 4403
4403 4404
4405 4406
4405 4409
4406 4407
4406 4409
4407 4410
4407 4673
4408 4409
4408 4412
4410 4411
4411 4412
4415 4726
4416 4417
4417 4484
4419 4420
4421 4422
4422 4422
4424 4425
4425 4620
4425 4426
4426 4427
4427 4430
4428 4429
4429 4434
4430 4432
4430 4431
4431 4432
4431 4435
4433 4434
4435 4436
4436 4437
4438 4439
4440 4627
4443 4444
4447 4448
4447 4449
4448 4664
4448 4662
4452 4453
4455 4748
4456 4648
4461 4462
4462 4683
4463 4464
4463 4516
4465 4467
4466 4467
4468 4612
4469 4470
4472 4475
4472 4473
4472 4735
4473 4474
4474 4475
4476 4477
4479 4553
4479 4555
4481 4685
4483 4486
4485 4486
4488 4489
4492 4492
4498 4499
4502 4502
4502 4503
4504 4507
4504 4505
4505 4506
4506 4509
4506 4507
4510 4512
4510 4517
4511 4514
4512 4514
4512 4513
4514 4515
4518 4520
4518 4519
4521 4704
4523 4524
4525 4526
4525 4527
4526 4527
4532 4533
4534 4535
4542 4735
4543 4544
4545 4546
4548 4765
4548 4766
4548 4549
4549 4765
4551 4552
4554 4555
4557 4563
4557 4558
4558 4559
4559 4560
4559 4564
4560 4564
4560 4565
4561 4565
4561 4563
4562 4688
4562 4693
4566 4567
4567 4568
4571 4572
4571 4617
4574 4574
4575 4637
4575 4577
4575 4588
4576 4577
4576 4585
4576 4581
4576 4591
4577 4580
4577 4582
4578 4589
4578 4579
4578 4580
4578 4590
4579 4590
4580 4581
4580 4637
4581 4589
4582 4588
4582 4583
4582 4585
4583 4767
4583 4586
4584 4586
4584 4585
4584 4587
4585 4591
4587 4591
4590 4637
4593 4802
4594 4595
4597 4598
4602 4604
4602 4603
4606 4607
4608 4610
4609 4610
4616 4617
4618 4660
4623 4747
4628 4793
4630 4778
4630 4779
4632 4709
4632 4708
4640 4641
4641 4642
4641 4706
4642 4643
4642 4644
4650 4738
4656 4657
4658 4659
4662 4664
4663 4666
4663 4668
4664 4668
4665 4667
4666 4668
4669 4670
4672 4673
4672 4676
4673 4674
4674 4676
4674 4675
4676 4677
4679 4680
4681 4682
4701 4702
4708 4709
4710 4776
4710 4777
4713 4714
4714 4715
4714 4716
4717 4719
4717 4718
4718 4719
4719 4721
4720 4721
4722 4724
4723 4724
4736 4737
4737 4737
4740 4741
4740 4742
4741 4742
4744 4745
4746 4747
4748 4749
4750 4752
4751 4752
4753 4757
4754 4759
4755 4756
4756 4761
4756 4757
4757 4759
4757 4761
4758 4760
4759 4760
4760 4761
4762 4773
4762 4774
4763 4764
4765 4766
4769 4770
4772 4777
4772 4775
4773 4774
4774 4775
4776 4779
4776 4777
4777 4778
4778 4779
4781 4782
4781 4784
4782 4783
4783 4784
4785 4786
4789 4790
4791 4792
4793 4794
4793 4795
4794 4795
4797 4798
