0 3
0 1
0 1324
1 1326
1 25
2 25
2 7
2 258
3 4
3 23
4 98
4 23
5 186
5 11
5 1326
6 1334
6 67
7 1334
7 68
8 1189
8 9
8 10
9 316
9 1154
10 318
10 319
11 97
12 367
12 13
12 289
13 15
13 367
14 290
14 90
14 369
15 368
15 16
16 369
16 368
17 384
17 386
17 387
18 391
18 387
18 1213
19 21
19 1212
19 20
20 21
20 1190
21 30
22 31
22 32
22 1120
24 25
24 1326
24 67
26 27
26 1071
26 1131
26 1367
27 102
27 256
28 1126
28 256
28 1122
29 1133
29 1112
30 200
30 202
31 1190
31 1191
32 1114
32 202
33 1029
33 1032
33 1268
34 1030
34 48
34 1028
35 1055
35 1062
35 1053
36 252
36 1375
36 253
37 1113
37 58
37 105
38 906
38 62
38 806
39 751
39 181
39 180
40 831
41 691
42 235
42 1117
42 1120
43 1191
43 1207
43 1339
44 833
45 268
45 271
45 78
46 78
46 260
46 1315
47 866
48 1027
48 1033
49 53
49 705
49 50
50 782
50 704
51 704
51 688
51 64
52 605
52 64
52 705
53 709
53 710
54 1313
54 1314
54 274
55 61
55 1080
56 223
56 246
56 252
56 1106
56 1411
57 1113
57 1024
57 58
57 1026
58 1023
58 1027
58 1026
59 1249
59 907
59 1068
60 1050
60 1143
60 61
61 1059
62 814
62 808
62 813
63 414
63 1213
63 1214
64 605
65 1272
65 68
66 1269
67 68
69 255
69 102
69 74
70 1061
70 71
70 1089
71 988
71 72
72 150
72 988
73 1089
73 150
73 990
74 254
74 102
75 1194
75 1193
75 1196
76 77
76 881
76 1194
77 932
77 103
78 1313
79 315
79 314
79 316
80 274
80 1336
80 271
81 558
81 82
81 557
82 555
82 558
83 559
83 557
83 556
84 481
85 86
86 87
86 461
88 466
89 1369
89 1368
90 372
90 1414
90 384
91 93
92 588
93 94
93 95
93 511
96 503
97 257
97 98
98 1300
99 270
100 867
101 1236
101 1235
101 241
103 1327
103 882
104 1328
104 878
104 1327
105 1023
105 1105
105 1112
106 883
106 886
106 898
107 194
107 1172
107 108
108 193
108 109
109 389
109 194
110 113
111 136
112 126
113 125
113 116
114 140
115 116
116 140
117 118
117 138
117 845
119 121
120 124
121 134
121 123
122 126
123 137
123 134
124 127
124 125
125 129
126 132
128 832
130 845
131 135
131 835
131 136
132 136
132 182
133 134
137 182
137 139
138 139
138 144
139 140
141 142
141 865
141 864
142 145
142 144
143 145
144 848
146 149
146 148
146 219
147 1412
147 148
147 217
149 217
149 220
149 233
150 990
151 1008
151 157
151 1022
152 1012
152 159
152 157
153 1010
153 156
153 159
154 158
154 155
154 1015
155 1015
155 553
156 1022
156 1019
156 1010
157 1007
158 553
158 1004
159 1012
160 858
160 167
160 859
161 163
161 842
161 840
162 819
163 841
163 1373
164 849
164 166
164 165
165 858
165 863
166 855
166 849
167 853
167 855
168 706
168 707
168 1356
169 170
169 825
169 1186
170 827
170 825
171 1186
171 898
171 1187
172 1298
173 176
173 411
173 424
174 439
175 621
177 655
178 552
179 947
179 1234
180 181
180 809
181 807
181 185
182 1409
183 184
184 190
184 839
187 1336
187 188
187 1337
188 303
189 197
191 1303
192 193
192 199
192 1304
193 201
194 1387
195 1342
195 1170
195 203
196 1387
196 1392
196 1391
197 199
197 1412
198 1394
198 1395
198 1396
199 201
200 202
200 1394
201 207
201 208
203 204
203 205
205 206
205 1170
205 1157
206 1157
206 1171
207 209
207 1157
208 212
208 217
209 1116
209 1183
210 214
211 1183
211 213
211 1184
212 214
212 213
213 215
214 216
215 1185
215 216
216 218
217 218
218 230
219 220
219 222
220 221
222 1104
223 1105
223 1104
223 1411
224 225
224 1177
224 226
225 226
225 1117
225 229
225 227
226 227
227 228
228 229
228 1246
229 1338
230 233
230 1121
231 1120
231 1121
231 232
232 236
232 238
233 234
234 1411
234 237
235 239
235 1338
236 238
236 237
237 243
238 239
239 241
239 240
240 242
240 245
241 1235
242 1236
242 249
243 244
243 246
244 247
244 246
245 248
245 249
247 248
248 254
248 251
249 250
250 254
250 1236
250 1238
251 252
251 253
253 255
254 1239
255 256
257 258
257 259
258 259
259 260
260 261
261 262
261 265
262 263
262 265
263 264
263 266
264 273
264 266
265 268
266 267
267 268
267 269
269 270
269 272
270 1247
270 276
271 272
272 277
273 278
273 275
274 1318
275 1247
275 1362
276 277
276 1248
277 280
278 281
278 1308
279 281
279 354
280 1248
280 286
281 285
281 1276
282 283
283 284
283 1316
284 288
284 286
285 287
285 295
286 301
287 1211
287 1210
288 1308
288 293
289 290
289 296
290 1208
291 292
292 294
292 295
293 297
293 1377
295 300
296 1208
296 1211
297 300
297 301
298 1210
298 299
298 1209
299 302
299 1209
300 304
301 303
301 306
302 304
302 305
303 306
304 307
304 1274
305 392
305 393
306 307
307 309
308 401
309 405
309 406
309 407
310 1400
310 315
310 1401
311 314
312 320
312 337
313 321
314 316
315 317
317 318
317 1401
318 319
319 326
320 324
320 322
321 322
321 323
322 324
323 326
323 327
324 325
325 331
325 329
326 327
327 328
328 330
328 332
329 330
329 331
330 332
331 350
332 333
333 353
333 335
334 351
335 1189
336 339
337 350
337 349
338 339
339 340
340 344
340 341
341 344
341 343
342 349
342 343
342 345
343 345
344 347
345 346
346 347
346 348
347 348
348 361
349 352
350 356
351 355
351 361
352 357
352 370
354 367
354 1155
356 357
356 358
357 360
358 362
358 359
359 360
359 363
360 366
361 370
362 365
362 363
363 366
364 368
364 365
366 371
369 372
370 373
371 372
371 375
372 382
373 378
373 374
374 377
374 378
375 376
375 379
376 377
376 379
377 380
378 390
379 380
380 381
381 385
381 383
382 383
382 384
383 385
385 386
386 387
388 389
389 390
390 391
391 1212
392 394
392 393
393 395
394 399
394 396
395 397
395 398
396 397
396 399
397 398
398 400
399 1402
400 402
400 401
401 402
401 403
402 404
403 404
403 405
404 409
405 408
406 407
406 408
407 411
408 410
409 410
409 412
410 412
411 413
412 413
413 419
414 415
414 1115
415 418
415 1402
416 418
417 421
418 420
419 1277
419 420
420 427
421 422
421 1277
422 425
422 494
423 424
423 1309
424 426
425 426
425 1368
426 1309
427 494
427 429
428 1176
428 1181
428 1179
429 1178
429 1180
430 1180
430 431
430 1182
431 432
431 1182
432 435
432 433
433 435
433 434
434 436
434 437
435 438
436 439
436 437
437 438
438 440
439 441
440 445
440 452
440 441
441 442
442 1169
442 448
443 467
444 447
445 448
445 451
446 447
447 450
448 1406
448 451
449 450
450 1347
451 454
452 1347
452 455
453 466
453 1406
453 1405
454 1405
454 455
455 464
456 461
456 1254
456 460
457 469
457 459
457 462
458 459
459 465
460 1280
460 463
461 475
464 468
464 465
464 1345
465 470
466 467
467 474
468 483
468 471
469 470
469 474
470 1349
471 472
471 476
473 475
474 481
475 477
476 1344
476 478
476 480
477 479
482 485
482 1069
482 1136
483 486
483 1136
483 484
484 1349
485 1081
485 1072
485 1070
486 487
486 1072
487 1018
487 1020
487 1017
487 1019
488 491
488 489
488 1018
490 491
491 1011
492 493
493 558
493 1241
494 495
496 497
496 1158
496 1150
497 500
497 498
498 501
498 511
499 500
500 504
501 506
501 505
502 504
503 811
503 507
504 507
507 511
508 510
509 512
509 1144
509 1311
510 513
510 514
511 518
512 515
512 517
514 521
514 1299
514 523
515 523
515 519
516 1370
516 566
516 1145
518 565
518 1232
520 521
521 524
522 528
523 526
524 529
524 531
525 1146
525 528
525 535
526 539
526 532
527 530
528 530
530 532
532 538
532 541
533 535
534 566
534 571
534 565
534 700
535 537
535 541
536 538
538 542
540 543
541 547
542 543
542 546
543 544
544 545
544 1293
547 549
547 583
548 548
548 549
549 550
550 1296
550 614
551 614
551 552
553 554
554 556
554 555
555 556
557 559
559 560
560 1335
560 561
561 1370
561 562
562 563
562 1335
563 564
563 566
564 1364
564 567
565 1364
567 681
567 682
568 574
568 692
568 694
569 570
569 575
569 694
570 572
570 696
571 585
571 573
572 587
572 584
573 1147
573 576
574 590
574 592
576 579
576 577
577 579
577 578
578 581
578 583
579 580
580 586
580 1371
581 582
581 1371
582 583
582 1372
584 596
584 1333
585 1418
585 588
586 593
586 1372
588 591
589 702
589 591
589 703
590 616
590 1333
591 703
592 599
592 702
592 703
593 1258
593 602
594 1333
594 608
594 611
595 601
596 600
596 597
598 601
598 602
598 1418
599 604
599 703
599 617
601 603
602 607
603 1233
603 618
603 604
604 610
605 606
606 608
606 630
607 619
607 612
608 609
609 630
609 611
610 615
610 1233
611 613
612 619
612 869
613 635
613 616
614 621
615 1233
615 620
616 626
617 625
617 620
617 624
618 640
618 631
619 623
620 622
621 629
622 624
622 627
624 627
624 625
625 626
626 637
627 641
628 632
629 1354
629 643
630 648
631 632
631 650
632 639
633 639
634 635
635 636
637 642
637 638
639 641
640 1251
640 657
641 644
642 646
643 869
644 650
644 647
645 646
646 648
648 649
648 654
649 708
649 800
649 802
650 652
651 653
652 655
652 653
653 656
654 654
655 657
657 659
658 662
658 719
658 660
660 663
660 662
661 664
662 664
664 665
665 666
665 667
668 670
668 1320
668 669
669 675
669 672
671 673
672 677
672 673
673 676
674 678
674 1321
674 1323
679 756
679 751
679 680
679 828
680 828
680 681
681 682
682 685
683 684
683 756
683 757
684 704
684 688
685 687
685 689
686 699
687 689
687 688
689 696
690 693
691 694
691 692
692 693
693 697
695 696
698 699
699 700
700 701
700 702
705 800
706 706
707 712
707 795
707 1355
708 800
708 709
708 802
709 803
709 710
710 801
711 801
711 714
711 1356
712 713
712 715
714 714
715 721
715 716
716 718
716 717
717 722
717 723
718 724
718 723
719 720
719 802
719 1319
720 727
720 722
720 803
721 731
721 725
722 723
724 726
726 729
727 728
727 1319
728 732
728 1321
729 730
729 732
731 734
731 733
732 735
732 733
733 734
736 752
736 812
736 822
737 822
738 1407
738 739
738 740
739 823
739 744
740 742
740 741
741 742
741 745
742 743
743 747
743 746
744 755
744 1407
745 748
745 750
746 748
746 747
747 753
748 750
749 752
750 764
751 756
752 759
753 762
753 760
754 758
756 757
757 758
758 759
759 763
760 830
760 762
761 763
762 764
763 766
764 771
765 766
766 768
767 770
768 769
768 772
770 771
770 1381
771 1381
772 773
772 774
774 775
774 777
776 1381
776 778
776 1250
777 778
777 779
778 781
780 1261
780 1223
780 781
781 782
782 784
783 784
784 795
785 787
786 788
787 788
787 793
788 791
788 789
789 790
789 1261
790 796
790 792
794 796
795 1355
796 797
797 1341
797 799
798 799
798 864
798 865
799 1355
801 803
804 1158
804 971
804 1282
805 982
805 810
805 980
806 808
806 807
807 809
808 809
808 812
809 812
810 824
810 816
811 1167
811 816
813 814
813 1360
814 1353
814 815
814 1360
815 1360
815 1228
816 1384
817 819
817 1234
818 820
820 902
820 833
821 824
821 1384
821 1383
822 823
823 830
824 828
825 902
826 838
826 1361
826 1228
827 1188
827 850
829 837
829 903
829 834
830 831
830 832
831 839
832 835
833 1269
834 836
834 842
835 1250
836 837
836 840
837 838
837 844
838 839
838 849
840 841
841 1374
842 852
843 846
843 1223
843 1224
844 1374
844 847
845 846
846 848
847 1373
847 852
848 864
850 854
850 851
851 1188
851 853
852 855
853 859
854 856
854 1195
856 1385
856 1195
857 1385
857 1410
858 863
859 861
860 861
860 1195
862 1410
862 1269
863 866
865 867
868 871
869 870
870 1260
870 871
871 872
873 874
873 875
873 934
876 1328
877 944
877 878
877 943
878 889
879 892
880 1351
881 885
881 883
882 883
882 884
883 885
883 886
883 884
884 1350
885 1186
886 888
887 1350
887 1351
887 889
888 896
888 890
889 890
889 892
890 891
890 894
891 897
892 893
893 972
893 976
894 895
894 906
895 906
895 976
897 1353
897 899
898 1270
899 1270
899 900
900 1361
900 1231
901 1187
901 1361
901 903
902 905
903 904
904 1187
904 1188
905 1385
905 1410
907 1039
907 913
908 1192
908 1033
908 909
909 1040
909 916
910 1040
910 922
910 920
911 915
911 914
911 989
912 1215
912 991
912 1198
913 919
913 1249
914 917
914 915
915 929
916 918
916 930
917 1198
917 926
918 1040
918 921
919 920
919 923
920 923
921 922
921 928
922 924
923 928
925 926
925 1198
925 927
926 1266
926 927
927 945
928 931
929 933
929 1249
930 935
930 931
930 1193
931 937
932 934
932 1196
933 936
933 1153
934 938
935 1196
935 937
936 939
936 941
937 938
937 940
938 942
939 940
939 941
940 942
941 1206
942 943
943 944
944 950
945 1204
945 1173
946 1203
946 959
947 959
947 960
947 979
947 977
948 949
948 1096
948 952
950 1206
950 951
951 1413
951 1206
952 953
952 1101
952 1103
953 956
953 954
955 958
955 1103
955 961
956 960
956 959
957 1175
957 1202
957 1203
958 960
958 962
961 962
961 964
962 974
962 964
963 969
964 970
965 968
966 967
967 975
967 970
968 969
968 973
969 971
970 1218
971 1415
972 976
972 1201
974 1221
974 1220
977 979
977 1221
978 1220
978 981
978 983
979 980
980 982
981 983
981 982
983 1219
984 1219
984 1163
984 1162
985 1066
985 987
985 1050
985 1061
986 1065
986 989
986 1068
986 1067
987 988
987 1215
989 991
990 1096
991 1215
992 1098
992 993
992 996
993 997
993 994
994 998
994 1000
995 996
996 997
997 998
998 999
999 1000
999 1001
1000 1002
1001 1002
1001 1003
1002 1003
1003 1004
1004 1415
1005 1312
1005 1009
1005 1092
1006 1009
1007 1312
1007 1008
1008 1021
1009 1013
1010 1011
1012 1014
1014 1015
1016 1084
1016 1087
1016 1081
1017 1020
1017 1086
1018 1019
1020 1021
1021 1022
1024 1025
1024 1037
1025 1038
1025 1029
1026 1028
1026 1027
1028 1029
1030 1031
1030 1034
1031 1032
1031 1035
1032 1036
1033 1034
1034 1035
1035 1036
1036 1040
1037 1042
1037 1038
1038 1056
1039 1068
1039 1056
1041 1044
1041 1133
1041 1046
1042 1043
1042 1113
1043 1044
1043 1047
1044 1045
1045 1046
1045 1049
1046 1048
1048 1049
1048 1054
1049 1053
1050 1148
1050 1140
1051 1052
1052 1053
1052 1055
1054 1063
1054 1265
1054 1264
1055 1056
1057 1264
1057 1263
1057 1066
1058 1064
1059 1366
1059 1064
1059 1061
1060 1067
1060 1063
1060 1265
1062 1068
1062 1065
1063 1065
1066 1067
1069 1070
1069 1071
1070 1076
1071 1074
1071 1073
1072 1086
1073 1077
1073 1075
1074 1075
1074 1076
1075 1079
1076 1081
1076 1084
1077 1080
1077 1078
1078 1082
1078 1079
1080 1082
1081 1085
1082 1088
1083 1085
1084 1088
1085 1087
1086 1087
1087 1092
1088 1091
1089 1090
1090 1091
1092 1098
1093 1096
1093 1095
1093 1098
1094 1095
1094 1097
1094 1101
1095 1101
1097 1099
1097 1100
1098 1099
1099 1100
1100 1102
1101 1102
1102 1103
1104 1105
1105 1108
1106 1109
1106 1107
1107 1108
1107 1110
1108 1112
1111 1129
1112 1113
1114 1116
1114 1119
1115 1207
1115 1403
1115 1404
1116 1332
1117 1339
1118 1184
1118 1119
1118 1183
1118 1332
1119 1121
1122 1267
1122 1376
1123 1125
1123 1127
1123 1197
1124 1128
1124 1126
1125 1127
1125 1128
1126 1131
1127 1129
1128 1137
1129 1130
1130 1134
1130 1132
1131 1138
1132 1135
1134 1135
1134 1137
1136 1139
1137 1140
1137 1142
1138 1140
1138 1141
1140 1143
1141 1367
1141 1143
1144 1145
1144 1146
1145 1147
1146 1147
1149 1218
1149 1164
1149 1159
1150 1161
1150 1217
1151 1225
1151 1240
1151 1242
1152 1244
1152 1225
1152 1241
1153 1266
1155 1189
1156 1226
1156 1403
1156 1222
1158 1283
1159 1164
1159 1161
1160 1166
1160 1167
1160 1163
1161 1165
1162 1163
1162 1164
1165 1217
1165 1166
1166 1216
1167 1216
1168 1169
1169 1379
1170 1171
1171 1342
1172 1342
1172 1387
1173 1204
1173 1175
1174 1200
1174 1205
1174 1413
1175 1200
1176 1222
1176 1177
1177 1226
1178 1179
1178 1180
1179 1181
1181 1182
1184 1185
1190 1191
1192 1194
1192 1193
1199 1202
1199 1201
1199 1200
1201 1202
1202 1203
1204 1205
1205 1413
1207 1404
1208 1209
1210 1211
1212 1214
1213 1214
1216 1217
1218 1219
1220 1221
1222 1226
1223 1224
1224 1250
1225 1241
1227 1231
1227 1229
1228 1352
1229 1352
1229 1230
1235 1246
1236 1237
1240 1242
1242 1243
1243 1244
1243 1245
1244 1245
1246 1338
1247 1305
1248 1305
1252 1281
1252 1254
1252 1253
1253 1256
1253 1254
1255 1256
1256 1379
1257 1367
1258 1354
1258 1259
1261 1262
1264 1265
1270 1271
1273 1275
1275 1276
1275 1343
1276 1377
1277 1278
1279 1279
1279 1280
1284 1285
1284 1299
1284 1286
1286 1287
1286 1288
1287 1289
1287 1291
1290 1293
1292 1295
1293 1294
1294 1295
1294 1296
1295 1297
1295 1298
1296 1298
1300 1324
1301 1303
1302 1304
1303 1304
1305 1306
1306 1307
1306 1362
1307 1307
1308 1362
1310 1311
1313 1314
1314 1317
1317 1317
1319 1320
1320 1321
1322 1323
1324 1325
1327 1329
1328 1329
1329 1330
1331 1332
1335 1370
1339 1340
1346 1347
1348 1349
1350 1351
1352 1353
1354 1386
1356 1358
1357 1358
1358 1359
1362 1363
1364 1365
1368 1369
1371 1372
1373 1374
1375 1376
1377 1378
1379 1380
1382 1383
1383 1384
1388 1397
1389 1391
1389 1390
1389 1394
1390 1396
1390 1398
1391 1398
1392 1398
1392 1393
1393 1397
1393 1398
1395 1396
1395 1397
1399 1401
1399 1400
1403 1404
1405 1406
1407 1408
1415 1416
1417 1418
