0 678
0 383
0 679
0 137
1 156
1 685
2 746
2 598
2 935
3 509
3 508
4 505
4 481
4 459
4 508
5 7
5 6
6 841
7 200
7 8
8 204
8 200
9 206
9 10
9 198
10 11
10 197
11 196
11 173
12 157
12 175
12 166
12 178
13 1062
13 685
13 746
14 15
14 103
15 102
16 17
16 742
17 103
17 18
18 103
19 739
19 742
19 554
20 553
20 66
21 1021
21 658
21 811
21 1056
22 812
22 561
22 658
22 657
23 241
23 236
23 400
24 25
24 594
24 578
25 26
26 1015
26 27
27 927
27 1014
28 42
28 813
28 735
28 54
29 30
29 813
29 37
30 734
30 31
31 962
31 277
31 737
32 33
32 277
32 1072
33 34
33 37
33 374
34 232
34 1057
34 1083
35 1083
35 37
35 36
35 748
36 69
36 71
36 752
37 752
38 689
38 691
38 812
38 52
38 55
39 47
39 209
39 392
40 45
40 759
40 821
41 736
41 758
41 68
41 821
42 55
42 736
43 1038
43 569
43 228
43 704
44 571
44 808
44 285
44 572
45 1011
45 816
46 1011
46 896
47 1011
47 896
48 885
48 1014
48 578
49 984
49 1025
49 51
49 788
50 238
50 713
50 461
50 719
51 341
51 550
51 984
52 53
52 278
52 55
53 54
53 279
54 55
56 57
56 811
56 378
56 687
57 688
57 988
58 64
58 74
59 62
59 132
59 218
60 1046
60 389
60 80
61 217
61 218
61 603
62 218
62 63
63 281
63 218
64 66
65 66
67 75
67 114
68 814
68 732
68 735
69 70
69 1030
69 748
70 71
70 1013
70 1030
71 738
71 1026
72 599
72 600
72 555
73 552
73 600
73 740
74 558
74 741
75 113
75 111
75 97
76 747
76 96
76 111
77 100
77 106
77 109
77 389
78 939
78 94
78 567
79 567
79 108
79 92
79 81
80 82
80 390
81 91
81 84
81 104
82 226
82 220
82 596
83 104
83 596
83 84
84 90
85 1032
85 87
85 88
86 115
86 559
86 556
87 114
87 89
88 99
88 89
89 98
89 113
90 99
90 91
91 98
91 92
92 97
92 93
93 96
93 94
93 567
94 95
95 96
95 101
96 112
97 112
97 923
98 923
98 99
100 567
100 939
101 102
101 747
102 747
104 107
104 390
105 109
105 107
105 110
105 108
106 562
106 939
107 108
107 1079
108 109
109 110
110 389
111 112
113 114
113 923
115 832
115 1033
116 670
116 664
116 739
117 121
117 924
118 125
118 881
118 552
119 120
119 126
119 128
120 881
120 121
121 122
122 576
122 123
123 124
123 652
124 924
124 125
125 126
126 129
127 129
127 128
127 641
128 129
130 902
130 972
130 280
131 902
132 219
132 597
133 135
133 134
133 136
134 922
134 919
135 219
135 136
136 222
137 677
137 1064
137 384
138 1022
138 719
138 340
139 870
139 719
139 783
140 1005
140 891
140 878
141 841
141 692
142 176
142 183
142 182
142 181
143 144
143 148
143 145
143 152
144 146
144 149
145 154
145 598
145 146
146 147
147 1062
147 598
148 158
148 152
148 938
149 1069
149 157
150 938
151 730
152 154
152 153
153 155
153 154
155 936
155 935
157 160
157 177
158 184
158 177
159 198
159 160
160 197
160 166
161 162
161 172
162 229
162 163
163 164
163 171
164 165
164 191
164 170
165 831
165 830
165 168
165 169
166 167
166 196
167 592
167 174
167 175
168 169
168 592
168 186
169 170
169 192
170 171
170 190
171 193
171 172
172 194
173 823
173 174
174 196
174 195
175 830
175 176
176 178
176 179
177 180
178 180
179 829
179 187
180 181
181 184
182 187
182 706
183 184
183 185
186 826
186 827
187 188
188 191
188 829
189 191
190 207
190 957
192 686
192 957
192 827
193 194
193 207
194 207
195 824
195 592
196 197
197 198
198 199
200 201
201 202
201 822
202 203
202 593
203 205
203 204
204 206
205 206
205 903
208 337
208 209
208 393
208 1039
209 210
210 211
210 391
211 269
211 609
212 806
212 795
212 839
212 237
213 399
213 751
213 272
213 806
214 296
214 312
214 309
214 216
215 317
215 366
215 1022
216 311
216 590
217 925
217 218
219 222
220 597
220 221
221 222
221 605
223 918
223 919
223 224
224 606
224 904
225 605
225 226
225 919
226 605
227 1086
227 228
227 569
227 1085
228 659
228 1086
229 569
229 1038
230 789
230 868
230 866
231 1080
231 276
231 233
231 315
231 1081
232 1082
232 1081
232 1057
233 1030
233 897
233 393
234 897
234 898
234 315
234 899
235 338
235 275
235 395
236 237
236 795
236 400
237 610
238 718
238 720
238 713
239 400
239 254
239 790
240 915
240 1078
240 412
241 250
241 268
241 344
242 428
242 349
242 777
243 438
243 259
243 432
244 843
244 883
244 251
245 247
245 398
245 792
246 248
246 354
246 406
247 982
247 397
248 251
248 257
249 433
249 428
249 350
249 424
250 253
250 843
250 267
251 261
252 255
252 397
252 793
253 256
253 344
254 255
254 807
255 794
256 345
256 353
257 354
257 352
258 355
258 432
258 433
259 406
259 355
259 403
260 398
260 791
260 568
261 353
261 843
262 706
262 570
262 571
263 885
263 883
263 884
264 853
264 855
264 844
265 266
265 268
265 795
266 844
266 267
267 268
269 749
269 270
269 937
270 272
270 573
271 274
271 802
271 911
272 273
273 399
273 396
273 1017
274 396
274 804
274 275
275 898
276 911
276 899
277 1072
278 828
278 279
279 356
279 734
281 282
281 604
282 283
282 604
283 964
283 284
284 564
284 964
285 700
285 572
286 700
286 288
286 287
287 288
287 291
288 846
289 290
289 292
289 846
290 1035
290 291
291 1035
292 293
292 846
293 1001
293 294
294 1001
294 1000
294 1036
295 999
295 869
295 834
296 696
296 312
297 819
297 695
297 298
297 697
298 380
298 1020
299 310
299 312
299 1035
299 762
300 303
300 308
300 310
301 762
301 699
301 764
302 314
302 699
302 779
302 808
303 304
303 306
304 305
304 317
305 589
305 308
306 324
306 709
307 1036
307 834
307 684
308 311
309 310
309 311
312 313
313 314
313 699
314 778
314 1018
315 899
315 897
316 1061
316 801
316 800
316 342
317 322
317 324
318 326
318 639
318 873
319 327
319 639
319 321
320 321
320 327
321 981
322 323
322 589
323 710
323 340
324 722
324 366
325 326
325 869
325 330
326 453
327 328
328 331
328 330
329 330
329 331
331 332
333 874
333 357
333 358
334 626
334 872
334 876
335 609
335 909
335 338
336 607
336 338
336 909
337 909
337 609
339 983
339 985
339 587
340 718
341 965
341 343
342 1023
342 798
343 797
343 798
344 345
344 807
345 794
345 346
346 793
346 347
346 353
347 352
347 348
347 982
348 792
348 349
348 351
349 350
349 791
350 355
350 351
351 352
351 354
352 353
354 355
356 737
356 688
356 828
357 637
357 639
358 628
358 640
359 453
359 630
359 452
359 990
360 361
360 1053
361 629
361 617
362 878
362 363
362 877
363 714
363 870
364 993
364 454
364 551
365 833
365 452
365 366
366 722
367 629
367 368
367 369
368 369
368 990
369 1007
370 989
370 892
370 1006
371 372
371 800
371 965
371 1081
373 1040
373 1057
373 374
374 587
375 384
375 376
375 378
375 1021
376 377
376 1020
376 378
377 988
377 819
378 988
379 385
379 381
379 387
380 743
380 1019
380 382
380 1018
381 682
381 745
382 778
382 707
383 384
383 385
385 386
388 575
388 1056
388 560
388 562
389 390
392 937
392 401
393 607
394 1013
394 1026
394 963
395 396
395 573
396 805
397 805
398 804
399 790
399 1016
401 910
401 750
402 412
402 408
402 917
403 404
403 405
404 917
404 542
405 407
405 406
407 542
407 543
408 473
408 409
409 728
409 410
410 411
410 728
410 1078
411 436
411 1078
412 728
413 726
413 414
413 535
414 541
415 865
415 541
415 538
416 417
416 865
416 423
417 418
417 423
418 1076
418 942
419 420
419 523
419 1077
420 521
420 421
421 522
421 943
422 423
422 943
424 430
424 425
424 429
425 434
425 426
426 427
426 435
426 801
427 456
427 465
428 429
429 586
430 431
430 433
431 432
431 434
434 435
434 437
435 455
435 913
436 437
436 439
436 457
437 438
438 915
439 913
439 475
439 914
440 842
440 492
440 524
441 442
441 525
442 449
442 445
443 444
443 445
443 521
444 522
445 446
446 447
446 448
447 450
447 521
448 449
448 450
449 528
449 527
450 754
451 452
453 548
454 717
455 464
455 933
456 994
456 465
457 474
457 476
457 475
458 723
458 1008
458 729
459 1003
459 510
460 461
460 993
460 992
461 717
462 471
462 466
462 467
463 464
463 465
463 471
464 465
466 467
466 468
467 995
469 470
470 477
470 1008
471 847
472 914
472 934
472 479
473 726
473 474
474 724
474 476
475 476
476 723
477 847
477 1009
478 478
478 1009
479 847
479 480
481 1073
481 1003
481 512
482 536
482 538
482 842
483 484
483 487
483 486
484 485
484 540
485 486
485 729
486 504
487 842
487 539
487 503
488 489
488 503
488 502
489 490
489 520
490 502
490 947
491 518
492 493
492 503
493 494
493 524
494 495
494 496
495 497
495 502
496 521
496 497
497 946
498 499
498 997
498 1071
499 500
500 501
500 526
501 1071
501 526
503 504
504 510
504 520
505 506
505 507
505 512
506 507
507 508
508 509
509 510
511 1073
511 512
511 891
513 845
514 869
515 887
515 866
515 893
516 867
516 517
516 866
517 753
517 887
518 947
518 954
518 519
519 997
519 528
520 954
522 943
523 524
523 1077
525 527
526 529
527 529
528 996
530 531
530 726
530 535
531 532
531 534
532 724
532 533
533 534
533 536
534 535
536 537
537 842
537 725
538 1076
539 723
539 725
543 727
544 727
544 595
545 850
545 849
546 547
546 850
546 785
546 930
547 901
547 850
548 722
548 721
549 550
549 718
549 720
550 984
551 877
551 716
552 553
553 554
554 555
555 924
556 557
556 599
557 599
557 558
559 741
559 600
559 599
560 1045
560 932
561 690
561 689
562 1052
563 564
564 971
564 902
565 931
565 929
566 1034
566 927
566 907
566 908
568 1058
568 802
568 776
570 572
570 704
570 571
571 779
572 659
573 574
575 1056
575 657
575 932
576 663
576 585
577 648
577 584
577 646
577 645
578 885
579 647
579 676
579 580
579 977
580 582
580 978
580 646
581 583
581 584
581 978
582 676
582 979
583 979
583 973
584 675
587 986
588 1072
589 591
590 591
590 765
591 708
594 595
596 597
600 740
601 775
601 603
601 602
601 964
602 775
602 971
603 604
603 775
604 964
606 920
606 906
606 922
607 900
608 900
610 1016
610 790
611 613
611 612
613 615
613 617
614 615
614 616
617 618
617 1054
618 620
618 619
620 621
620 622
622 623
622 640
623 880
623 624
624 625
624 879
625 876
625 626
626 631
627 628
629 630
630 631
631 872
632 638
632 632
633 637
633 634
634 635
634 638
635 636
635 639
636 981
637 638
640 875
641 773
642 643
642 644
643 644
644 773
645 649
645 654
646 647
647 648
648 666
648 649
649 656
649 655
650 662
650 651
650 655
650 661
651 663
651 652
651 662
652 653
654 655
654 661
656 671
656 673
656 664
657 658
659 701
660 662
661 663
664 666
665 667
666 668
667 668
669 670
670 671
671 672
672 674
672 673
672 1074
673 1075
676 966
677 1042
677 1041
678 679
679 936
680 681
680 705
680 706
682 745
682 705
683 799
684 721
684 959
685 1062
687 688
687 812
687 828
689 690
690 932
693 712
693 770
693 970
694 695
695 696
695 819
695 698
696 698
697 698
697 743
700 701
700 810
701 1084
702 703
702 1038
702 704
705 707
707 1019
708 787
708 710
709 711
709 959
710 787
711 721
711 722
713 1023
713 799
714 715
714 833
715 716
715 833
716 877
717 890
718 719
720 1024
721 834
724 725
729 1003
730 1070
730 1069
731 734
732 1027
732 735
733 1029
734 737
735 736
736 1045
738 752
738 1027
739 1033
740 741
742 1033
743 1018
744 745
745 1019
746 1062
748 1082
749 750
749 751
750 751
753 889
753 868
754 951
754 946
755 756
755 848
755 941
756 940
756 864
757 1043
757 907
757 928
758 1049
758 820
759 921
759 820
760 764
760 761
760 762
763 764
765 787
765 983
765 1025
766 925
766 767
766 769
768 772
769 770
769 771
770 772
772 1031
773 774
776 777
778 779
780 983
781 1058
781 1061
781 803
782 803
783 784
783 1022
785 908
785 901
785 940
786 786
786 941
787 984
788 965
788 1040
789 882
789 1085
790 805
795 796
797 1024
797 798
798 800
799 952
800 838
801 1060
801 952
802 804
803 1059
803 1060
804 805
806 1016
808 810
809 810
811 812
813 1027
814 816
814 815
815 817
816 817
817 818
819 1020
820 821
823 825
823 824
824 825
825 826
826 827
829 831
830 831
832 1032
835 836
836 918
836 1068
837 905
840 895
840 1002
840 845
843 844
845 894
845 893
845 895
848 941
848 901
849 931
851 853
852 854
853 854
854 884
855 861
855 857
856 859
857 859
857 860
858 863
859 862
861 1043
861 864
863 907
863 1034
863 1014
868 886
870 878
871 992
872 873
873 874
874 875
875 876
879 1055
879 880
880 1054
883 884
887 888
890 891
890 1073
891 892
892 1005
892 1006
893 894
894 895
896 1039
896 963
896 1012
897 898
898 899
900 987
904 1048
904 905
905 906
906 921
908 928
908 930
910 937
911 912
913 914
915 916
920 921
920 922
925 926
927 930
927 929
928 940
929 980
930 931
933 934
935 936
938 1070
942 1077
942 1076
944 946
944 945
945 948
947 948
948 949
950 951
951 996
952 953
954 955
956 957
958 959
960 961
960 1066
960 975
961 974
961 1067
962 962
963 1010
965 1040
966 977
966 967
967 976
967 975
968 1063
969 1037
969 1029
969 1026
971 972
974 975
974 976
976 977
978 979
980 1015
983 1025
985 986
991 992
991 995
991 993
992 994
994 995
996 1004
997 1071
998 1000
998 999
998 1001
998 1002
999 1000
1000 1036
1001 1002
1005 1006
1005 1007
1006 1007
1008 1009
1010 1012
1010 1013
1012 1039
1014 1034
1021 1064
1023 1024
1028 1037
1041 1042
1043 1044
1045 1049
1045 1047
1046 1052
1046 1068
1047 1050
1047 1052
1048 1050
1048 1049
1049 1050
1050 1051
1051 1052
1051 1068
1053 1055
1054 1055
1058 1059
1060 1061
1063 1065
1063 1064
1066 1067
1080 1081
1080 1082
1082 1083
1084 1085
1084 1086
