0 1469
0 6
0 1667
1 2
1 2158
1 53
1 1469
2 3
2 23
2 2231
3 53
3 2137
3 166
4 852
4 1559
4 2139
4 2137
5 54
5 53
5 2140
6 1407
6 52
7 1872
7 1638
7 1640
8 886
8 893
8 366
9 364
9 18
9 172
9 216
10 217
10 1198
10 172
11 1998
11 1639
11 1863
12 1451
12 1124
12 1123
12 1448
13 2055
13 14
13 1445
14 1979
14 1443
14 15
14 1902
15 1443
16 1390
16 1389
16 1663
17 1656
17 1452
17 1668
18 920
18 214
19 654
19 921
19 879
19 1287
20 500
20 1681
20 132
21 99
21 101
21 501
22 544
22 241
22 247
23 861
24 1457
24 296
24 273
25 26
25 296
25 2095
26 274
26 2124
27 93
27 1315
27 1316
28 2182
28 2084
28 83
29 1633
30 1028
30 1672
31 1329
31 2161
31 2212
31 77
31 2229
32 1363
32 1655
32 1656
33 629
33 1659
33 1715
34 1661
34 1363
34 2058
35 1662
35 1382
35 1661
36 2021
36 39
36 1382
37 38
37 398
37 2021
38 1660
38 1661
39 1519
39 984
39 1939
40 452
40 527
40 750
40 1541
41 505
41 1357
41 536
41 728
42 1348
42 418
42 1900
43 1899
43 844
43 1873
44 98
44 260
44 230
45 2120
45 1591
45 1618
45 229
46 103
46 154
46 1618
47 820
47 49
47 800
48 490
48 1674
49 820
49 815
50 1396
50 1648
50 701
50 1646
50 2154
51 565
51 2059
51 2236
51 193
52 1406
52 54
53 54
55 1165
55 56
55 1170
56 693
56 1158
57 1449
57 1444
57 1493
58 696
58 2094
58 2129
59 60
59 674
59 785
60 2002
60 677
60 400
61 673
61 1383
61 672
62 63
62 449
62 2081
63 540
63 124
64 506
64 320
64 309
64 65
65 707
65 320
65 126
66 203
66 200
66 642
67 127
67 644
67 183
68 445
68 84
68 131
68 127
69 86
69 82
69 249
70 295
70 82
70 294
71 1590
71 228
71 103
72 104
72 73
72 668
73 74
73 1343
74 1736
74 1341
75 1619
75 1683
75 1538
76 490
76 1672
77 1545
77 2212
78 247
78 176
78 83
78 175
79 81
79 97
79 95
80 87
80 119
80 136
81 243
81 94
81 136
82 119
82 225
83 93
84 87
84 92
84 511
85 173
85 1356
85 149
86 554
86 225
87 120
87 135
88 1551
88 178
88 2233
89 100
89 184
89 560
89 92
90 511
90 225
90 2104
91 1490
91 1025
91 207
92 226
93 247
94 95
94 1497
94 244
95 176
95 227
96 227
96 97
96 240
97 173
98 2120
98 651
98 153
99 1342
99 502
100 244
100 226
100 1499
101 132
101 1485
102 1736
102 1340
102 1342
103 156
104 156
105 495
105 505
105 412
105 1387
105 2009
106 1478
106 492
106 2098
106 1738
107 567
107 192
107 2020
107 414
108 659
108 1852
108 567
108 1873
109 2138
109 116
109 561
109 1552
110 883
110 565
110 854
110 1852
111 1570
111 1571
111 113
111 580
112 585
112 1462
112 1571
113 1527
113 860
113 1525
114 569
114 922
114 568
115 1461
115 116
115 117
116 117
117 781
117 1379
118 1600
118 703
118 1956
119 1488
120 1488
120 511
121 545
121 250
121 1853
122 251
122 248
122 2130
123 293
123 258
123 711
124 267
124 534
125 129
125 186
125 126
126 128
127 130
128 707
128 129
128 2169
129 2203
130 131
130 642
131 2203
132 1477
133 491
133 439
133 1321
133 1323
133 2239
134 523
134 1324
135 136
135 226
136 510
137 1577
137 575
137 625
138 1286
138 139
138 312
139 208
139 1332
140 1334
140 1523
140 1332
141 1528
141 142
141 146
142 143
142 2126
143 1532
143 144
144 147
144 1532
145 146
145 580
145 148
146 1536
147 148
147 1529
148 1529
149 239
149 240
149 645
150 1356
150 151
151 152
151 294
152 173
152 1356
153 233
153 234
154 155
154 2183
155 231
155 156
157 1873
157 659
157 1523
158 372
158 164
158 333
159 160
159 334
159 372
160 314
160 920
160 213
161 169
161 162
161 1849
162 170
162 861
163 1511
163 164
163 171
164 165
165 373
165 1849
166 1406
166 167
167 2057
167 168
168 861
168 1933
168 169
169 1510
170 171
170 865
171 2152
172 361
172 656
174 652
174 294
174 295
175 177
175 1556
176 177
177 245
177 1497
178 1499
178 179
178 245
179 180
179 181
180 2182
180 181
181 560
182 569
182 187
182 204
182 2059
183 2250
183 202
183 1381
184 207
184 205
184 445
185 1860
185 1551
185 204
186 1026
186 641
186 188
187 2127
187 1430
187 1489
188 189
188 197
188 2236
189 1770
189 190
189 503
190 1433
190 318
190 442
191 405
191 625
191 317
191 1577
192 194
192 542
193 1431
193 2083
194 195
194 2083
195 196
195 1432
196 542
196 1432
197 1490
197 1024
197 1026
198 2169
198 642
198 2203
199 200
199 2169
199 1386
200 201
201 1380
201 321
202 1380
202 203
203 644
204 783
204 1350
205 206
205 782
205 1379
206 207
206 783
208 209
208 1332
209 210
209 1723
210 878
210 1288
210 1723
211 212
211 313
211 1292
212 213
212 316
212 1294
213 1731
213 2133
214 215
214 1731
215 216
215 221
216 217
217 218
218 1608
218 219
219 220
219 1307
220 221
220 1187
221 1186
222 223
222 1186
222 1196
223 1189
223 1866
223 1187
224 319
224 311
224 529
225 1488
226 243
227 247
227 242
228 229
228 652
228 1590
229 235
230 376
230 651
230 2092
231 262
231 668
232 262
232 501
232 260
232 1312
233 2183
233 234
233 2120
234 260
234 262
235 651
235 646
236 646
236 1325
236 652
237 2091
237 645
237 238
238 239
238 241
239 242
240 242
241 242
241 543
243 244
244 1498
245 1498
245 1556
246 1556
246 2091
246 1551
248 615
248 251
248 259
249 250
249 293
250 259
251 252
252 550
252 304
253 335
254 287
254 335
254 1607
254 255
255 256
255 617
256 257
256 286
257 711
257 653
258 292
258 293
259 2130
259 292
261 2228
261 1312
261 2132
262 502
263 558
263 1853
263 1336
264 2009
264 1733
264 2157
264 1387
265 1541
265 2082
265 726
265 750
266 388
266 1367
267 395
267 530
268 2052
269 270
270 1481
270 271
271 272
271 2052
273 357
273 1457
274 1318
274 1315
275 1592
275 1920
275 1932
276 668
277 278
277 1298
278 279
278 375
279 1297
279 280
280 281
280 282
281 374
281 1494
282 1615
282 284
283 1615
283 1614
283 286
284 286
284 285
285 1616
285 1494
285 287
287 289
288 289
289 335
290 291
290 615
290 616
291 618
291 617
292 618
293 295
296 2228
297 1470
297 563
297 1327
298 299
298 1467
298 1679
299 1466
299 1465
300 1473
300 1468
300 1466
301 302
301 2176
302 2175
303 341
303 1496
304 522
305 343
305 1875
305 2123
305 1241
305 1566
306 1247
306 1248
306 352
307 559
307 1733
307 557
307 558
308 412
308 309
308 413
309 411
309 507
310 538
310 536
310 505
310 411
310 495
311 571
311 534
312 1285
312 873
312 880
313 921
313 314
314 1294
315 1723
315 877
315 1192
316 1293
316 1185
316 2133
317 1328
317 418
318 1509
318 625
319 442
319 320
321 1386
321 322
321 708
322 1381
322 509
323 889
323 324
323 1204
324 1208
324 902
325 367
325 655
325 1210
325 884
326 1266
326 1269
326 896
327 1266
327 331
327 330
328 329
328 918
328 332
329 330
329 1263
330 1265
331 332
331 896
332 363
333 657
333 334
333 364
334 364
334 920
334 372
335 1331
336 928
336 932
337 925
337 928
337 929
338 923
338 2101
338 924
339 2218
339 350
339 340
339 349
339 2101
340 1387
340 2218
341 1495
342 1567
342 2071
342 345
343 2185
343 351
344 1246
344 347
344 2185
345 547
345 2072
346 547
346 347
346 1505
347 352
348 557
348 349
348 1248
349 1247
349 1733
350 1241
350 351
351 352
351 1247
352 353
353 1505
353 552
354 1459
354 355
354 441
354 1460
355 356
355 441
356 1550
356 357
357 1457
358 1435
358 641
358 503
359 1435
359 442
360 414
360 419
360 1349
361 362
361 885
361 901
362 363
362 365
362 1211
363 918
365 900
365 899
366 2184
366 900
366 898
367 892
367 1739
367 1610
368 382
368 915
368 2121
368 383
369 1922
369 904
369 1231
369 906
370 1220
371 1198
371 888
371 890
372 1526
373 586
373 1526
374 375
374 1494
376 1313
376 2092
377 1292
377 1291
377 378
377 878
378 877
378 1191
378 1293
379 1878
379 1183
379 1184
380 1744
380 1301
381 904
381 1221
381 1233
382 383
382 1739
382 904
382 2121
383 384
383 894
384 895
384 892
385 386
385 395
385 592
386 1366
386 1365
387 612
387 388
387 1366
388 592
389 612
389 390
389 1369
389 488
390 391
390 608
391 392
392 393
392 619
393 623
393 394
394 610
394 599
395 1365
396 1385
396 434
396 1383
397 2004
397 2103
397 1376
398 1364
398 1378
399 1707
399 669
399 1375
400 1707
400 401
400 670
402 678
402 427
402 679
402 682
403 682
403 409
403 410
404 1438
404 1580
404 426
405 1579
405 408
405 578
406 1900
406 423
406 1347
407 2204
407 449
407 540
407 577
408 423
408 704
409 1581
409 426
410 681
410 430
410 1578
411 1426
411 493
412 413
412 535
413 2009
413 507
414 415
415 1436
415 416
415 2020
416 419
416 1437
417 418
417 420
417 1850
418 1848
419 421
420 421
422 423
422 1848
422 1901
423 579
424 706
424 425
424 579
425 1576
425 626
425 578
426 448
426 1576
427 447
427 448
428 662
428 1630
428 1686
428 696
429 1601
429 443
429 1136
429 1956
430 627
430 784
430 680
431 627
431 1685
431 433
432 1684
432 443
432 1598
433 1685
433 1937
434 601
434 670
434 603
435 1264
435 436
435 1544
436 437
436 1261
437 1258
437 438
437 2211
438 1978
438 1605
439 1324
439 1323
440 1464
440 441
440 1337
443 2165
444 445
446 1682
446 1537
446 1395
447 449
447 448
448 682
450 1425
450 1360
450 2164
450 606
451 485
451 596
451 1522
452 1360
452 1929
452 609
453 1272
453 2023
453 454
454 2118
454 2214
455 456
455 1177
455 1653
456 1178
456 1635
456 1176
457 2008
457 2156
457 1930
458 1179
458 1189
458 1300
459 874
459 1621
459 1868
459 1866
460 2233
460 781
460 568
460 1461
460 1860
460 2084
461 1399
461 464
461 466
462 463
462 1670
463 464
463 564
464 1548
465 466
465 1459
465 1550
466 1549
467 1260
467 657
467 1511
468 2109
468 2108
468 1588
469 1721
469 1777
469 1773
470 1777
470 1961
470 2087
471 1040
471 1405
471 1049
472 638
472 1820
472 1401
473 474
473 992
473 993
474 762
474 990
475 759
475 476
475 1515
476 2251
476 1514
476 744
476 1515
477 1650
477 1649
477 1600
478 1897
478 1637
479 1644
479 1648
479 1652
480 614
480 1346
480 505
481 937
481 1805
481 935
482 2019
482 1547
483 484
483 1970
483 1589
484 1785
484 1085
485 1370
485 1425
485 613
486 487
486 605
486 1370
487 1927
487 488
488 608
488 1928
489 1671
490 1671
491 492
491 2239
492 1323
493 529
493 532
494 532
494 594
494 537
494 538
495 535
496 2157
496 1628
496 508
496 2250
497 842
497 1895
497 841
498 2099
498 846
499 2099
500 2197
500 1456
501 502
501 2197
502 2128
503 1434
504 1434
505 1387
506 507
506 708
507 509
508 2009
508 509
512 1674
512 1714
512 1491
513 1491
514 1073
514 1414
514 776
515 1061
515 774
515 773
516 1410
516 1916
517 1916
517 1310
518 982
519 732
519 1806
519 940
520 1546
521 1251
521 1242
521 1854
521 924
523 1574
523 1573
524 525
524 1574
526 1215
526 1213
526 1741
527 1367
527 1358
527 1541
528 537
528 1423
528 595
529 533
530 531
530 533
531 532
531 1424
533 534
535 1426
536 539
537 539
538 539
540 577
540 571
541 1214
541 1229
542 2020
543 544
543 1314
544 1316
545 546
545 2130
546 555
546 1853
547 548
548 549
548 550
550 551
551 552
552 555
553 554
554 1336
555 556
556 557
556 558
558 559
559 1336
560 1379
561 1555
561 1559
561 2156
562 563
562 1930
562 2006
562 1327
563 1592
563 1931
564 2125
565 566
565 2060
566 2083
566 567
567 1604
568 2084
569 2060
570 571
570 573
570 576
572 573
573 574
574 2062
574 575
575 2204
576 577
576 2062
578 704
578 1580
579 704
580 855
581 1536
581 872
581 1570
582 871
582 1571
582 1570
582 590
583 587
583 584
583 1462
583 1463
584 1510
584 585
585 1605
586 587
586 590
587 588
588 1768
588 1462
589 590
589 869
589 1768
591 1267
591 1544
592 593
592 1366
593 595
593 2047
594 2047
594 1424
595 2202
595 2048
596 1522
596 1521
597 600
597 598
597 1384
598 604
598 599
599 624
600 1521
600 1385
601 603
601 1520
602 1522
602 603
602 714
603 1385
604 605
604 624
605 607
606 1927
606 609
607 608
607 621
609 1928
610 1365
610 611
611 619
611 612
613 714
613 1732
614 2218
615 616
616 1331
617 618
619 620
621 622
621 623
623 624
625 1507
626 1578
626 627
626 1717
627 2116
628 694
628 1131
628 1132
629 1652
629 1656
630 1663
630 1655
630 1715
631 833
631 984
631 1429
632 633
632 833
632 1512
633 836
633 634
634 835
634 635
635 834
635 2068
636 1008
636 1009
636 996
637 1000
637 1003
637 1009
638 826
638 1820
638 1003
639 1514
639 757
639 744
639 761
640 1513
640 2164
640 1941
641 2141
643 1508
644 1508
645 1325
645 647
646 650
647 650
647 710
648 2248
648 710
648 1355
649 2248
650 2248
651 1355
653 1613
653 1590
654 872
654 1285
655 893
655 891
656 919
656 657
657 918
658 1304
658 2107
659 880
659 1851
660 661
660 667
660 662
661 2093
661 1372
662 2093
663 1659
663 666
663 1361
664 1657
664 667
664 665
665 1698
665 1658
666 1361
666 1657
667 1657
668 1341
669 1520
669 670
670 671
671 672
672 677
673 678
673 2081
674 680
674 679
674 675
675 676
675 678
676 2005
676 677
679 681
680 681
681 682
683 695
683 1630
683 698
684 694
684 685
684 695
685 686
685 1397
686 687
686 1139
687 688
687 1139
688 1760
688 1765
689 1141
689 1759
689 1760
690 1137
690 1759
690 2014
691 1450
691 1444
691 2014
692 693
692 1450
692 1138
693 1453
694 1655
695 2117
696 2117
697 784
697 698
697 1439
697 1630
699 1602
699 1717
699 705
699 700
700 1599
700 1601
701 1134
701 1133
701 1645
701 2154
702 1643
702 1646
702 1134
703 1956
703 2165
705 1936
705 706
706 1717
707 1386
707 708
709 710
709 2092
709 2091
711 1322
712 1378
712 719
712 722
713 725
714 718
715 716
715 723
715 1520
716 717
716 1517
717 720
717 718
718 721
719 720
719 721
720 721
722 2102
722 2004
723 1516
723 1518
724 725
724 1732
724 1938
725 1519
726 737
726 727
727 728
727 742
728 2082
729 730
729 738
729 750
730 944
730 736
731 951
731 732
731 1540
732 955
733 1345
733 737
733 734
734 738
734 943
734 735
735 736
735 1540
736 1540
737 738
737 740
739 926
739 740
739 743
740 1345
740 741
741 742
741 743
742 1346
743 1346
744 745
745 746
745 969
746 747
746 968
747 748
747 967
748 749
748 957
749 750
749 965
750 1360
751 965
751 960
751 752
751 944
752 753
752 959
752 958
753 967
753 754
754 755
754 968
755 969
755 756
756 974
756 757
757 975
757 758
758 762
758 761
759 760
759 2227
759 985
760 761
760 2227
760 1514
761 990
762 763
763 764
763 978
764 978
764 765
765 766
765 973
766 767
766 981
767 1400
767 768
768 983
768 769
769 1951
769 1308
770 1410
770 1404
770 1412
771 1067
771 772
771 1914
772 773
772 1051
773 1062
774 1311
774 1060
775 1070
775 1414
775 1413
776 777
776 1074
777 1757
778 2245
778 1081
778 1757
779 1776
779 2022
779 780
780 1771
780 1773
781 782
781 1379
782 783
782 1860
783 1489
784 785
785 1296
786 2026
786 1988
786 1987
787 788
787 1596
787 1047
788 1827
788 809
789 790
789 802
789 1827
790 802
790 801
790 791
791 816
791 792
792 803
792 793
793 804
793 794
794 2222
794 810
795 2223
795 2222
795 811
796 797
796 2223
796 812
797 798
797 822
797 823
797 821
798 799
798 817
799 1010
799 800
800 1394
801 824
801 1046
802 816
803 804
803 816
804 805
805 810
805 2207
805 1821
806 807
806 1492
806 1821
806 813
807 814
807 1120
808 1128
808 1120
808 1714
808 1906
809 2207
809 1828
810 811
811 812
812 813
813 814
813 821
814 815
815 1128
817 821
817 819
818 819
819 820
823 1031
823 824
824 1030
824 825
825 1981
825 1034
826 1005
826 1818
826 1035
826 1004
827 1005
827 1815
827 1034
828 1815
828 1810
828 1029
829 830
829 1810
829 1032
830 831
830 2249
830 840
830 832
831 1016
831 1976
831 1013
832 1016
832 833
834 835
834 837
834 840
835 839
836 839
837 838
837 1008
839 840
841 844
841 842
842 845
842 1896
843 846
843 1894
843 845
843 2099
844 845
846 1893
847 848
848 849
848 1895
849 850
849 1893
850 1896
850 1894
851 855
851 1530
851 1529
852 1562
852 856
852 1530
853 1417
853 1419
853 856
854 1552
854 882
855 856
855 1525
857 1418
857 858
857 2057
858 859
858 1419
859 1934
859 1527
860 1463
860 1934
861 864
862 1277
862 2232
862 1622
862 2234
862 1415
862 2235
863 868
863 2231
863 1622
864 867
864 868
865 1605
865 867
866 868
866 2216
866 867
869 1569
869 1535
870 871
871 872
872 1534
873 1534
873 881
874 875
874 1876
874 1872
875 1194
875 876
876 1192
876 1191
876 877
877 878
878 879
879 1291
879 1290
880 2126
881 2126
881 1528
882 1284
882 2242
882 1555
883 1280
883 1851
883 2243
884 891
884 902
885 1198
885 887
886 887
886 901
887 891
888 1304
888 889
889 890
890 891
890 902
892 2184
893 2184
894 895
894 896
894 917
895 897
896 897
897 898
898 899
899 900
900 901
903 1278
903 1501
903 1923
905 913
905 907
905 1631
906 913
906 909
907 908
907 910
908 909
908 913
908 912
909 911
910 912
910 1273
911 912
911 916
914 917
914 1273
914 915
915 916
916 2121
917 1269
918 919
919 1211
921 1291
922 1350
922 1600
923 1854
924 925
925 926
925 1766
926 930
927 929
927 2065
927 930
928 929
930 931
932 933
932 2131
933 2063
933 934
934 2131
934 935
935 938
936 937
936 2131
936 2019
937 1547
938 939
938 2065
940 1963
940 942
941 942
942 1966
944 945
945 948
945 951
945 950
946 948
946 954
946 947
947 948
947 1804
948 949
949 952
949 953
950 952
950 1947
951 1804
952 980
953 954
953 1506
954 956
956 1506
956 1539
957 964
957 958
958 966
958 965
959 976
959 960
960 961
961 2061
961 962
962 1947
962 979
962 963
963 981
963 980
967 968
968 969
970 977
970 974
970 971
970 976
971 972
971 975
972 973
972 978
972 977
973 979
974 975
976 2061
976 1949
977 1950
977 2061
979 981
980 982
981 983
982 983
984 985
985 1512
986 987
986 1512
986 991
987 988
987 2067
988 992
988 989
989 995
989 997
990 991
990 2227
991 992
993 994
993 2050
994 997
994 1400
995 999
995 2066
996 2066
996 2068
997 998
998 999
998 1001
999 1000
1000 1001
1001 1002
1002 1400
1002 1820
1003 1004
1004 1005
1006 1007
1007 1008
1007 1009
1010 1014
1010 1013
1010 2249
1011 2162
1011 1502
1011 1015
1012 1013
1012 1015
1012 2162
1014 1033
1014 1031
1015 1973
1016 1019
1017 1020
1017 1974
1017 1018
1018 1022
1018 1019
1019 1429
1020 1973
1020 1021
1021 1973
1021 1022
1022 1975
1023 2127
1024 1430
1024 2127
1025 2237
1025 1027
1026 1027
1027 2237
1029 1816
1029 1030
1030 1032
1030 1031
1031 1819
1032 1033
1033 2249
1034 1816
1035 1818
1035 1830
1036 1042
1036 1043
1036 1957
1037 1043
1037 1795
1037 1048
1038 1058
1038 1039
1038 1980
1039 1040
1039 1049
1040 1041
1042 1043
1042 1044
1044 1048
1044 1046
1045 1046
1046 1047
1047 1594
1048 1082
1049 1052
1050 1069
1050 1055
1050 1057
1050 1052
1050 1056
1051 1069
1051 1057
1052 1053
1053 1054
1054 1055
1055 1058
1055 2018
1056 2163
1056 1057
1057 1062
1058 1059
1060 1061
1060 1063
1061 1062
1061 1063
1062 1064
1063 1064
1064 1065
1065 1780
1065 1070
1065 2163
1066 1780
1066 1980
1066 1787
1067 1915
1067 1068
1068 1069
1068 1915
1070 1071
1071 1073
1071 1072
1072 1078
1072 1784
1073 1074
1074 1756
1075 1080
1075 1079
1075 1078
1076 1776
1076 2244
1077 1942
1077 1961
1077 1079
1078 1946
1079 1758
1080 1756
1080 1081
1081 1758
1082 1794
1082 1958
1083 2145
1084 1087
1084 1991
1084 1085
1085 1099
1086 1844
1086 1835
1087 1719
1087 1845
1087 1088
1088 1089
1088 1953
1089 1954
1089 1586
1090 1954
1090 1091
1090 1952
1091 1092
1091 1104
1092 1892
1092 2192
1093 1115
1093 1892
1093 1112
1094 1953
1094 1099
1094 1847
1095 1110
1095 2033
1095 1096
1096 1111
1096 1097
1097 2196
1097 1098
1099 1676
1100 1101
1100 1952
1100 1582
1101 1102
1101 2054
1102 2054
1102 1103
1103 1104
1103 2189
1104 2187
1105 2196
1105 1106
1105 2195
1105 2073
1106 2041
1106 1107
1107 1108
1107 2040
1108 1110
1108 2039
1109 2037
1109 2036
1110 2037
1111 2038
1111 2041
1112 1113
1112 1886
1113 2111
1113 1117
1114 1115
1114 2110
1114 1847
1115 1847
1116 1117
1116 1886
1117 2195
1118 1119
1118 2053
1119 2032
1119 2033
1120 1121
1122 1672
1122 1663
1122 1668
1123 1124
1123 2056
1124 1125
1125 1393
1125 1126
1126 1127
1126 1130
1127 1906
1127 1130
1128 1907
1129 1673
1129 1452
1130 1673
1131 1133
1131 1998
1132 1440
1132 1396
1133 1645
1134 1645
1135 1136
1135 1647
1135 1648
1135 1651
1136 1651
1137 1138
1137 1711
1138 1155
1139 1142
1139 1140
1140 1710
1140 1141
1141 1711
1142 1146
1142 1143
1143 1150
1143 1144
1144 1710
1144 1145
1145 1148
1145 1709
1146 1147
1146 1151
1147 1148
1147 1159
1148 1150
1149 1151
1150 1151
1152 1161
1152 1153
1153 1159
1153 1154
1154 1708
1154 1709
1155 1156
1155 1708
1156 1169
1156 1157
1157 1168
1157 1158
1158 1167
1159 1160
1162 1904
1163 1822
1163 1902
1163 1904
1164 1165
1164 1634
1164 1443
1164 1389
1165 1166
1170 2240
1170 1985
1171 2241
1171 2035
1171 1990
1172 1173
1172 1990
1172 1174
1175 1176
1175 1178
1175 1746
1176 1177
1177 1653
1178 1746
1178 1636
1179 1874
1179 1881
1180 1181
1180 1743
1180 1742
1181 1182
1181 1743
1182 1871
1183 1877
1183 1865
1184 1881
1184 1864
1185 1186
1185 1190
1186 1187
1187 1188
1188 1189
1190 1191
1190 1196
1191 1876
1192 1193
1192 1194
1194 1195
1194 1993
1196 1876
1197 1455
1197 1302
1197 1307
1199 1205
1199 1200
1200 1201
1200 1206
1201 1202
1201 1207
1202 1203
1203 1207
1203 1204
1204 1303
1205 1210
1205 1206
1206 1207
1206 1209
1207 1208
1208 1209
1209 1210
1211 1212
1213 1232
1214 2122
1214 1223
1215 1216
1215 1741
1215 1232
1216 1217
1216 1233
1216 1234
1217 1218
1217 1227
1218 1219
1218 1227
1218 1221
1219 1220
1219 1226
1220 1221
1220 1225
1222 1240
1222 1227
1222 1234
1223 1240
1223 1224
1224 1227
1224 1225
1225 1226
1225 1228
1226 1227
1228 1230
1228 1229
1231 1233
1231 1741
1232 1234
1234 1238
1235 1236
1235 1240
1235 2208
1237 1238
1238 1239
1241 1242
1243 1244
1244 1245
1244 2071
1245 2185
1245 1246
1246 2072
1248 1249
1250 1251
1251 1766
1252 1256
1253 1254
1253 1256
1253 1806
1254 1345
1254 1257
1255 1257
1256 1257
1258 2152
1258 1259
1259 1261
1259 1260
1260 1263
1261 1264
1261 1262
1262 1265
1262 1263
1264 1270
1265 1270
1265 1266
1267 1268
1267 2229
1268 1632
1268 1544
1269 1271
1270 1271
1271 1632
1272 1275
1272 1734
1273 2015
1274 1545
1274 1275
1274 1722
1275 1735
1276 1329
1276 2234
1276 1277
1278 1631
1278 1279
1279 1606
1279 1500
1280 1281
1280 1532
1281 1531
1281 2150
1282 2149
1282 1283
1282 2147
1283 1531
1283 2149
1283 1284
1284 1562
1285 1534
1285 1286
1286 1287
1287 1728
1288 1724
1288 1289
1289 1726
1289 1728
1290 1724
1290 1725
1292 1293
1294 1926
1295 1769
1296 1686
1296 1687
1297 1299
1297 1298
1298 1299
1299 1614
1300 1881
1300 1301
1302 1454
1305 1966
1306 1307
1306 1455
1308 1309
1309 1310
1311 1413
1312 1984
1312 2197
1313 1314
1313 1318
1313 1984
1314 1317
1315 1317
1316 1317
1317 1318
1318 2124
1319 1564
1320 1321
1320 1572
1320 1573
1321 1337
1324 1573
1325 1356
1326 1327
1326 1669
1326 2173
1327 1472
1328 1507
1328 1509
1329 1925
1329 2211
1329 1978
1329 2234
1330 1331
1333 1334
1333 1335
1333 1523
1333 1730
1334 1729
1336 2136
1337 1338
1338 1339
1338 1464
1339 2238
1339 1477
1340 1341
1340 1342
1343 1344
1343 1420
1344 1420
1347 1348
1347 1936
1348 1349
1349 1351
1350 1351
1351 1604
1352 1353
1352 1603
1352 1899
1353 1936
1353 1602
1354 1355
1357 1359
1357 2082
1358 1359
1358 1423
1359 1541
1361 1362
1362 1363
1362 1565
1364 1377
1364 1660
1367 1368
1370 1371
1372 1688
1372 1373
1373 2093
1373 1689
1374 1715
1374 1658
1374 1660
1375 1376
1375 1377
1376 1516
1377 1378
1380 1381
1382 1662
1383 2081
1383 1384
1384 2081
1388 1668
1388 1449
1388 1393
1388 1451
1389 1390
1390 1448
1390 1391
1391 1448
1391 1392
1392 1449
1392 1451
1393 1451
1394 1502
1394 2162
1395 1637
1395 1537
1395 1683
1396 1646
1397 1398
1397 1440
1399 1670
1399 1669
1401 1402
1401 1403
1402 1403
1402 1404
1402 2016
1403 1405
1404 2016
1405 2016
1407 1408
1407 1475
1408 1859
1408 1475
1409 1667
1409 1857
1409 1665
1411 1539
1412 1914
1415 2134
1415 2232
1416 1469
1416 2134
1416 1856
1417 2057
1417 2137
1419 1527
1420 1421
1421 1422
1422 1737
1423 2049
1424 2135
1425 2164
1426 1427
1428 1429
1428 1662
1428 1913
1430 1490
1431 1542
1431 2236
1432 1770
1433 2020
1433 1436
1434 1435
1436 1437
1437 1509
1439 2097
1439 1575
1441 1447
1441 1445
1441 2056
1441 1448
1441 2055
1442 1450
1443 1445
1444 1453
1446 1453
1452 1671
1454 1455
1456 1458
1456 1464
1457 1861
1458 1464
1458 1611
1459 1460
1459 1550
1460 1611
1460 1612
1461 2233
1462 1463
1463 1769
1465 1678
1465 2179
1466 1678
1467 1470
1467 1472
1468 1473
1470 1472
1471 1967
1471 1474
1471 1472
1472 1679
1473 1679
1475 1924
1476 2181
1476 2178
1476 2179
1477 1485
1478 1483
1479 1487
1479 1480
1480 2098
1481 1564
1481 2225
1482 1487
1482 1738
1484 1487
1485 1738
1486 2225
1489 2155
1489 1490
1493 1762
1493 2094
1495 1496
1495 1567
1496 2123
1497 1498
1498 1499
1500 1501
1502 1503
1504 1505
1506 1539
1507 1509
1510 1849
1511 2152
1513 1938
1513 1940
1515 1939
1516 2000
1517 1518
1519 2021
1521 1522
1524 1873
1524 1919
1524 2151
1525 1527
1528 1536
1530 2149
1531 2105
1533 1534
1538 2001
1542 1770
1542 1543
1546 1963
1548 1681
1548 1627
1549 1612
1552 1555
1553 1561
1553 1563
1553 1559
1554 1561
1554 1563
1554 1560
1555 1561
1557 1560
1558 1560
1562 1563
1564 1572
1566 2167
1566 1568
1567 1568
1568 2166
1572 1573
1576 1581
1576 1580
1577 1579
1578 1581
1579 1580
1582 1585
1582 1583
1583 1585
1583 2199
1584 2200
1584 1952
1584 2186
1585 2198
1586 2186
1586 2199
1587 1971
1587 1797
1587 1970
1588 1971
1589 1970
1589 2108
1592 1680
1592 2045
1593 2046
1594 1595
1594 1596
1596 1962
1597 1597
1597 1987
1598 1599
1598 1685
1599 1601
1601 1956
1602 2165
1603 1899
1603 1604
1606 1631
1608 2107
1608 1609
1611 1612
1614 1617
1615 1617
1617 1999
1619 1642
1619 1664
1620 1874
1620 1865
1620 1621
1622 1623
1624 1861
1625 1861
1625 1626
1625 1627
1626 1627
1626 2132
1629 1769
1632 1862
1633 1634
1635 1998
1635 2151
1636 1638
1636 1755
1637 1682
1637 1683
1638 2151
1640 2151
1640 1644
1641 1642
1642 1643
1642 1664
1643 1664
1644 1650
1645 1994
1647 2154
1647 1650
1649 1897
1651 1652
1653 1654
1658 1659
1665 1855
1665 1858
1666 1858
1667 1856
1669 1670
1673 1905
1675 1821
1677 2178
1677 2177
1677 1678
1677 2175
1680 1931
1684 1935
1684 2096
1686 1687
1687 1691
1688 1689
1688 1918
1689 1917
1690 1692
1690 2069
1690 1699
1691 1696
1691 1695
1692 1694
1693 1701
1693 1695
1694 1917
1694 1700
1695 1696
1696 1697
1697 1699
1697 1833
1698 1983
1698 2114
1699 1702
1700 2246
1700 2230
1701 1703
1702 1704
1702 1833
1703 1705
1703 2205
1704 2246
1704 2070
1705 1706
1707 1834
1708 1709
1710 1711
1712 1713
1712 1712
1713 1968
1713 1714
1716 1717
1718 2075
1718 1838
1718 1801
1719 1839
1719 1837
1720 2079
1720 1836
1720 1992
1721 2109
1724 1726
1725 1727
1725 1728
1726 1727
1727 1728
1731 2133
1736 1738
1736 1737
1738 2238
1739 1740
1743 1869
1744 1878
1745 1747
1746 1747
1747 1750
1748 1749
1748 1750
1749 1751
1750 1753
1751 1752
1752 1753
1752 1755
1753 1754
1755 1863
1756 1757
1758 1778
1759 1762
1760 1764
1761 1762
1762 1763
1765 2094
1765 2042
1766 1767
1768 2153
1771 1774
1771 1772
1772 1775
1773 1774
1774 1777
1775 2022
1776 1778
1778 2022
1779 1790
1779 1782
1779 1785
1780 1787
1781 1787
1781 1784
1782 1783
1782 1788
1785 2024
1786 1788
1788 1791
1789 1791
1791 1792
1793 1795
1795 1980
1796 1797
1797 1798
1798 2144
1798 2143
1799 1800
1799 1842
1799 1843
1799 1841
1800 2145
1800 1972
1801 1843
1801 1955
1801 2077
1802 1839
1802 1837
1802 1991
1802 1840
1803 1804
1806 1807
1808 1809
1808 1813
1808 1810
1809 1814
1809 1812
1811 1813
1813 1815
1816 1817
1818 1831
1822 1824
1822 1823
1823 1825
1823 2209
1826 1903
1827 1829
1831 1981
1831 1832
1833 1997
1834 1997
1834 2090
1835 1840
1835 1836
1835 1839
1836 1840
1837 1991
1838 2079
1838 2113
1843 2113
1844 1845
1845 1846
1848 1901
1851 1852
1855 1857
1856 1857
1863 1868
1864 2034
1864 1874
1865 2034
1866 1874
1866 1876
1867 1993
1868 1872
1869 1880
1870 1871
1870 1877
1870 1879
1871 1880
1872 1993
1875 2123
1878 1881
1878 1879
1879 1880
1882 1884
1882 2193
1882 2074
1883 2190
1883 2194
1883 1885
1884 1885
1887 1888
1887 1889
1888 2190
1888 2192
1889 1890
1890 1891
1891 1892
1893 1894
1895 1896
1897 1898
1899 1900
1900 1901
1902 1979
1903 1904
1903 1979
1905 2210
1905 1907
1906 1907
1908 1909
1909 1910
1909 1911
1910 1913
1910 1912
1911 1912
1911 2247
1912 2210
1913 1974
1914 1915
1917 1918
1918 2230
1921 2119
1922 1923
1922 2119
1923 2119
1925 2235
1925 2216
1930 1931
1931 2008
1932 2045
1932 2046
1933 2224
1933 1934
1935 1935
1937 2096
1937 2097
1938 1939
1939 1940
1940 1941
1940 2251
1941 2251
1942 2085
1942 1944
1943 1946
1944 1945
1944 1946
1947 1948
1953 1954
1955 1972
1959 1988
1960 1960
1960 1961
1963 1964
1965 1966
1969 2220
1974 1977
1978 2211
1981 1982
1983 2089
1983 2114
1984 2095
1985 1986
1987 1988
1989 1990
1992 2080
1992 2076
1995 1995
1995 1996
1996 1997
2003 2004
2006 2125
2006 2007
2008 2044
2008 2138
2010 2013
2011 2013
2012 2013
2013 2014
2015 2214
2015 2161
2017 2018
2018 2163
2024 2026
2024 2025
2026 2027
2027 2030
2027 2028
2029 2030
2030 2031
2032 2032
2033 2193
2033 2194
2036 2039
2038 2040
2042 2043
2042 2129
2043 2142
2044 2146
2045 2046
2047 2048
2051 2052
2053 2054
2055 2056
2059 2060
2062 2204
2064 2065
2066 2067
2067 2068
2070 2070
2071 2072
2075 2080
2075 2076
2076 2077
2077 2220
2078 2143
2079 2080
2086 2087
2087 2088
2089 2090
2095 2228
2095 2124
2096 2097
2100 2151
2104 2250
2104 2221
2106 2107
2108 2109
2110 2111
2112 2113
2114 2115
2118 2214
2136 2221
2137 2140
2138 2156
2138 2182
2139 2160
2139 2140
2139 2156
2140 2159
2143 2144
2144 2145
2147 2148
2147 2150
2148 2149
2148 2150
2157 2221
2158 2232
2158 2231
2161 2229
2168 2210
2170 2186
2170 2199
2170 2198
2171 2173
2172 2173
2173 2174
2175 2180
2176 2180
2176 2181
2178 2179
2180 2181
2187 2191
2187 2192
2188 2189
2189 2191
2190 2191
2193 2194
2195 2196
2198 2200
2200 2201
2206 2207
2212 2213
2215 2216
2215 2235
2215 2217
2219 2220
2221 2250
2222 2223
2225 2226
2230 2246
2238 2239
2240 2241
2242 2243
2244 2245
