0 429
0 212
0 510
0 427
0 447
1 305
1 330
1 306
2 71
2 619
2 240
3 638
3 601
3 282
4 600
4 165
5 454
5 469
5 10
6 9
6 7
6 14
6 629
7 40
7 8
8 41
8 12
9 169
9 576
10 81
10 598
11 171
11 612
11 169
12 548
12 113
13 548
13 53
13 150
14 79
14 73
14 612
15 178
15 16
15 66
16 111
16 65
17 73
17 72
17 563
18 563
18 82
18 167
19 618
19 304
19 287
20 612
20 617
20 619
21 47
21 590
21 54
22 53
22 51
22 267
23 51
23 590
23 627
24 627
24 55
24 57
25 26
25 46
25 628
26 32
26 55
27 152
27 290
27 410
28 29
28 410
28 259
29 109
29 286
30 409
30 109
30 259
31 106
31 107
31 408
32 402
32 45
33 34
33 208
33 36
34 35
34 37
35 36
35 187
36 573
37 38
37 196
38 39
38 438
39 197
39 400
40 635
40 170
40 226
41 242
41 238
42 234
42 43
42 232
43 444
43 105
44 593
44 623
44 594
45 55
45 56
45 471
46 47
46 274
47 261
48 49
48 307
48 100
50 347
50 566
50 425
51 132
52 479
53 629
53 54
54 172
54 469
56 181
56 401
57 621
57 58
57 404
58 59
58 118
59 130
59 131
60 61
60 83
60 251
61 77
61 62
62 83
62 64
63 64
63 66
63 67
64 596
65 595
65 66
67 77
67 178
68 248
68 70
68 251
69 70
70 71
71 638
73 78
74 75
75 253
75 78
76 85
76 77
76 86
78 637
79 173
79 598
80 173
82 172
82 166
83 504
84 475
85 253
85 86
86 177
87 88
87 166
87 89
88 455
88 95
88 91
89 455
89 177
90 93
90 91
90 455
91 95
92 93
92 94
92 455
93 97
95 96
96 276
96 97
97 98
98 281
98 99
98 247
100 639
100 312
101 418
101 306
101 102
102 419
102 420
103 289
103 411
103 420
104 327
104 447
104 429
105 322
105 323
106 110
106 409
107 108
107 408
108 108
109 110
110 293
111 433
111 502
112 169
112 170
112 576
113 236
113 164
114 236
114 115
114 235
115 239
115 116
116 164
116 440
116 117
117 141
117 552
117 445
118 636
118 131
119 267
119 268
120 133
120 139
120 121
121 130
121 122
122 128
122 123
124 555
124 125
124 127
125 126
125 127
127 129
128 556
128 129
129 134
130 133
131 556
132 133
132 268
133 268
134 135
134 552
135 137
135 136
136 142
136 146
137 145
137 138
139 230
139 145
140 141
141 142
142 163
143 144
143 151
143 230
144 146
144 159
145 146
147 148
147 546
147 547
148 149
148 436
149 444
149 545
150 151
150 549
151 160
152 153
152 600
153 154
153 157
154 155
154 299
155 290
155 291
155 302
156 157
157 294
158 321
158 228
158 305
161 162
162 164
162 163
163 549
165 600
165 410
166 175
167 168
167 172
170 171
171 599
173 598
174 175
175 616
176 262
176 263
176 616
177 178
179 180
179 258
179 256
180 190
180 214
181 594
181 471
182 183
182 531
182 529
183 183
184 562
184 559
184 351
185 332
185 350
185 359
186 354
186 362
186 361
187 397
187 188
188 361
188 395
189 566
189 191
190 191
190 214
191 566
192 193
192 397
192 194
193 198
193 194
194 196
194 204
195 204
195 203
195 197
196 197
198 270
198 199
199 613
199 201
200 201
200 400
200 203
201 202
201 613
202 203
202 204
205 207
206 207
207 208
207 209
208 210
209 211
209 210
210 403
212 329
212 447
213 446
213 569
214 257
215 216
216 219
216 218
217 517
217 218
217 224
218 536
220 433
220 431
220 223
221 483
221 272
221 224
222 485
222 223
222 272
223 540
224 518
225 534
225 535
226 242
226 227
227 228
227 634
228 234
228 249
229 586
229 236
230 237
231 238
232 234
232 249
233 235
235 239
238 241
239 546
239 437
242 250
243 305
243 304
243 320
244 246
245 250
246 304
246 306
249 250
251 637
252 253
254 532
254 510
255 258
256 573
256 260
258 355
259 505
260 407
261 262
261 264
262 265
263 494
263 630
266 616
269 293
269 285
270 475
270 271
271 482
271 583
272 275
273 527
273 275
273 500
273 279
274 438
274 277
275 579
276 280
276 488
277 526
277 519
278 498
278 495
278 519
279 487
279 488
280 494
280 501
281 503
282 291
282 288
283 303
283 284
283 291
285 298
285 295
286 293
286 292
287 421
287 418
289 296
289 297
290 544
292 312
292 468
300 422
300 412
301 421
304 415
307 308
307 597
309 461
309 458
309 462
309 314
310 317
310 640
310 313
311 640
312 318
312 313
313 640
314 459
314 460
314 316
315 462
316 537
316 317
317 538
319 320
320 599
322 330
322 329
324 603
324 325
324 602
325 328
325 326
326 507
326 633
327 602
327 610
328 591
328 611
329 508
330 331
331 426
331 578
332 337
332 388
333 381
333 377
333 386
334 383
334 381
335 337
335 557
335 372
336 341
337 338
338 341
338 340
339 342
340 531
340 349
341 342
341 561
342 343
344 351
345 351
346 349
348 350
349 562
350 559
352 356
352 357
352 355
353 355
353 359
353 360
354 359
354 357
357 358
361 362
362 632
363 366
363 478
363 372
364 365
364 480
364 366
366 370
367 371
368 369
369 371
369 387
371 372
372 388
373 378
373 375
373 377
374 384
374 567
374 383
375 379
376 567
377 387
378 568
378 384
379 568
380 385
380 381
380 383
382 384
387 394
388 392
389 396
389 393
389 391
390 396
391 398
391 395
392 394
392 396
394 398
395 397
398 399
400 613
401 402
401 403
402 403
404 636
404 405
405 625
405 623
405 620
406 636
408 409
412 419
412 413
413 418
413 414
414 421
414 417
416 419
420 584
422 423
424 425
424 481
427 429
427 428
430 431
431 503
432 433
434 435
435 449
435 547
438 439
439 474
439 528
440 452
440 442
441 445
443 446
444 451
445 448
446 450
449 565
453 629
453 454
456 462
457 458
458 467
462 465
463 465
464 539
465 466
469 470
471 593
472 479
472 473
474 582
474 622
475 477
476 477
479 482
482 514
484 485
485 489
486 489
487 490
487 491
488 489
492 496
492 493
492 494
493 497
493 614
497 498
497 500
498 579
499 614
500 581
502 575
502 503
504 597
504 596
506 507
507 592
508 603
508 509
510 513
511 513
512 513
514 589
514 516
515 517
517 535
518 589
518 615
519 522
520 523
521 523
523 528
524 528
525 583
530 531
533 608
539 540
539 541
540 542
543 601
543 639
543 544
544 601
546 547
548 550
549 551
552 553
554 556
558 559
560 562
563 564
567 568
569 620
569 570
570 571
570 572
573 574
576 577
579 580
583 585
586 587
588 589
590 628
593 594
595 596
595 597
599 617
602 603
604 610
604 611
604 606
605 606
605 609
605 610
607 608
608 611
612 637
614 631
617 618
618 619
620 626
623 624
624 626
624 625
625 626
627 628
634 635
638 639
