0 1
1 3
1 931
1 1026
2 7
2 1035
2 824
3 5
3 8
3 253
3 357
4 1194
4 6
4 7
4 1143
5 357
5 1100
5 255
6 256
6 1034
7 1143
8 1033
8 1142
8 823
9 258
9 1035
9 599
10 959
10 608
10 805
10 1058
10 1099
11 959
11 126
11 920
12 1098
12 15
12 373
12 332
13 14
13 1148
13 15
14 328
14 1098
15 343
16 675
16 17
18 864
18 162
18 1169
19 20
19 162
19 1169
20 1028
20 161
21 874
21 1178
21 1177
22 934
22 1111
22 261
23 24
23 1050
23 804
23 903
24 526
24 1050
24 1049
25 105
25 104
25 660
26 828
26 114
26 667
26 827
27 591
27 927
27 997
28 927
28 29
29 30
29 1168
30 848
30 1168
30 31
31 35
31 32
32 731
32 35
33 612
33 618
33 611
34 851
34 476
34 1031
35 1107
36 686
36 482
36 479
37 482
38 867
38 864
39 1127
39 816
39 40
40 49
40 817
41 222
41 74
41 51
41 307
42 45
42 1158
42 1159
43 50
43 47
43 1091
44 220
44 218
44 46
44 217
45 334
45 125
46 191
46 1167
47 1126
48 1024
48 119
48 214
48 1157
49 817
49 1084
50 815
50 1084
51 74
51 220
52 936
52 54
52 323
52 377
53 212
53 194
53 953
54 1062
54 1112
54 1108
55 1126
55 1127
56 318
56 459
56 63
57 58
57 926
57 318
58 59
58 463
59 60
59 1097
60 61
60 76
61 62
61 1155
62 63
62 522
63 524
64 65
64 89
64 90
65 811
65 524
65 535
66 318
66 1124
67 1087
67 809
68 468
68 467
68 466
69 466
70 1186
70 1182
70 113
70 1183
71 1063
71 1180
72 110
72 111
72 950
72 1186
73 124
73 1163
73 100
73 361
74 221
74 223
75 349
75 806
75 221
76 462
76 100
76 1164
77 233
77 861
77 812
78 812
78 200
78 233
79 252
79 239
79 357
80 81
80 215
80 218
81 1100
81 357
82 101
82 1003
82 330
83 333
83 84
83 87
83 1007
84 527
84 87
85 86
85 542
85 960
86 87
86 542
88 330
88 1195
88 328
88 331
89 90
90 91
91 474
91 955
92 995
92 95
92 486
93 94
93 96
93 487
94 1059
94 96
95 995
96 99
97 99
97 106
97 109
98 655
98 845
98 106
99 106
100 1192
101 903
101 1002
102 103
102 105
102 596
103 818
103 938
104 922
104 938
105 596
107 108
107 810
107 845
108 846
108 810
109 675
109 846
110 113
110 1189
110 1190
111 195
111 1123
112 1189
112 1185
112 113
112 462
113 1187
113 1186
114 658
114 660
114 922
115 1027
115 116
115 1155
115 347
116 380
116 379
117 119
117 121
117 210
118 217
118 254
118 306
119 185
119 120
120 914
120 1108
120 123
121 122
121 236
122 237
122 210
123 319
123 210
123 238
124 125
124 354
124 1162
125 340
126 963
126 778
127 956
127 492
127 609
127 957
128 129
128 1082
128 651
129 638
129 993
130 668
130 949
130 948
131 691
131 948
131 872
132 236
132 233
132 356
132 1156
133 199
133 232
133 820
134 1130
134 230
134 820
135 173
135 883
135 797
136 691
137 952
137 141
137 228
138 140
139 212
139 299
139 268
140 142
140 141
141 144
142 143
143 205
144 205
145 1134
145 182
145 911
146 907
146 910
146 1134
147 385
147 391
147 1150
148 149
148 458
149 402
150 160
150 1017
150 876
151 353
151 186
151 350
152 1039
152 891
152 244
153 442
153 1105
153 430
153 443
154 442
154 444
154 1021
155 906
155 1119
156 274
156 184
156 299
156 954
157 183
157 296
157 1056
158 982
158 304
158 208
159 441
159 453
159 450
160 1023
160 991
161 165
161 164
162 163
163 865
163 164
164 172
165 171
165 172
166 1176
166 167
166 1174
167 875
167 464
168 176
168 464
168 174
169 362
169 1139
169 1140
170 1137
170 1138
170 362
171 173
171 1138
172 173
174 567
174 175
175 580
175 176
176 900
177 566
177 556
177 572
177 561
178 547
178 363
179 363
179 180
180 893
181 965
181 490
181 556
182 287
182 911
183 1055
184 855
184 408
184 958
185 1157
185 236
186 242
186 207
186 244
187 188
187 245
187 249
188 246
188 251
188 206
189 190
189 352
189 246
190 235
190 250
190 237
191 919
191 917
192 1167
192 323
192 919
193 194
194 815
195 853
195 198
196 1114
196 853
196 1110
197 198
197 335
197 1114
198 1190
199 228
199 202
200 335
200 201
200 334
201 232
201 202
201 312
202 1145
202 1092
203 1110
203 408
203 853
204 316
204 1110
204 1114
206 207
206 353
207 245
208 394
208 407
209 1145
209 954
209 952
209 953
211 212
213 1146
213 1159
213 214
213 1157
214 1024
215 917
215 239
216 218
216 1100
216 217
219 254
219 260
219 259
219 256
220 355
220 306
221 223
222 224
222 223
224 341
224 348
225 228
225 230
225 226
227 231
229 231
230 231
232 812
233 862
234 236
234 235
234 237
235 356
235 352
237 238
238 916
239 250
239 916
240 241
240 243
240 242
241 1039
243 244
243 1039
244 247
245 247
246 252
247 248
247 1116
248 891
248 890
249 1117
249 251
250 252
250 916
251 252
251 253
253 1118
254 255
254 262
255 1142
255 1034
256 257
257 1194
257 259
258 1067
258 1194
259 1136
260 262
260 882
260 1136
261 1193
261 1067
262 263
262 264
263 326
263 307
263 264
264 1195
265 284
265 289
265 279
265 970
266 292
266 270
266 269
267 268
267 291
267 270
268 273
269 293
269 1055
269 294
270 273
271 272
271 1056
271 273
272 274
272 1131
274 300
274 1057
275 282
275 798
275 816
276 278
276 280
276 279
277 279
277 798
277 278
280 803
280 289
281 285
281 291
281 817
283 284
284 290
286 293
287 803
287 801
287 288
288 289
288 980
290 292
290 291
290 969
292 293
293 979
294 295
295 304
296 297
296 1057
297 305
297 298
298 303
298 301
299 1131
300 302
300 301
301 303
302 303
304 910
306 307
308 309
308 315
308 311
309 958
309 317
310 317
311 312
311 1092
312 316
313 315
314 315
316 317
319 914
319 320
320 321
320 322
320 914
321 918
321 322
322 323
324 329
324 325
324 327
326 329
326 327
328 329
330 804
330 935
331 1003
331 951
331 1005
332 373
332 1072
332 333
333 1005
333 1006
333 376
334 336
335 336
336 337
337 338
337 340
339 340
341 342
341 348
342 369
342 343
343 368
344 365
344 345
344 369
345 348
345 349
346 382
346 505
346 921
347 382
347 1027
349 366
350 351
350 861
351 862
351 352
351 356
352 353
354 1113
354 1024
355 1167
358 360
358 359
359 360
360 361
361 461
362 544
364 499
364 365
364 371
365 504
366 383
366 504
367 369
367 370
367 371
368 372
370 472
370 372
371 472
371 475
372 375
373 951
374 1072
374 375
374 376
375 469
376 1160
377 379
377 1163
378 379
378 380
378 937
378 936
380 383
381 382
383 505
384 385
384 386
384 389
385 390
386 912
386 387
387 388
387 395
388 398
388 389
389 390
390 392
391 393
391 392
392 401
393 404
393 401
394 395
394 396
395 398
396 1046
396 400
397 1046
397 404
397 399
398 400
399 400
399 401
402 1150
402 403
403 405
403 1150
404 406
406 423
406 420
407 857
407 1047
408 807
409 417
409 410
409 413
410 417
410 411
411 420
411 425
412 413
412 415
412 807
413 897
414 1181
414 419
414 1179
415 416
415 1181
416 419
416 1181
417 418
418 896
418 1010
419 1037
419 1180
419 1038
420 421
421 425
421 423
421 424
422 495
422 874
422 424
423 495
424 426
425 426
426 1009
427 437
427 1119
427 913
428 429
428 913
428 1104
429 430
429 432
430 1021
431 1021
431 432
431 434
432 437
432 433
433 438
433 434
434 436
434 435
435 441
435 444
436 439
436 441
437 438
438 439
439 440
442 443
443 449
444 446
445 450
445 446
445 448
446 447
447 448
447 449
448 451
449 451
450 451
452 453
452 452
453 455
454 988
454 456
455 983
455 457
456 992
457 1120
457 1122
458 1045
458 1120
459 460
461 462
461 1188
462 1097
463 926
463 1097
463 1185
464 899
465 899
465 468
465 467
466 1087
467 468
469 473
469 474
470 513
470 471
470 472
473 1065
473 513
474 1160
475 512
475 516
475 518
476 1032
476 618
477 621
477 588
477 614
477 1032
478 582
478 584
478 605
478 594
479 480
479 694
480 705
480 697
481 1030
481 1031
481 737
483 485
483 484
483 887
484 887
484 886
485 888
486 996
486 1059
487 993
487 994
488 813
488 852
489 781
489 790
489 1129
490 491
490 562
491 1101
491 1044
492 533
492 1196
493 713
493 728
493 694
494 496
494 1045
494 497
495 497
497 1166
498 502
498 504
498 506
498 507
499 502
499 518
500 501
500 502
500 506
501 509
501 517
503 506
503 507
503 921
505 507
508 1027
508 511
508 510
509 510
509 921
510 902
512 513
512 521
513 520
514 516
514 515
514 517
515 521
515 516
515 924
517 518
519 523
519 955
519 811
520 521
520 1065
522 924
522 925
522 524
523 955
523 1065
525 539
525 537
525 532
526 957
526 530
527 540
527 529
528 534
528 539
528 1133
529 536
530 537
530 533
531 536
531 541
532 542
532 541
533 538
534 1133
536 859
537 538
538 1198
539 1133
540 541
540 923
543 544
543 545
545 549
545 1141
546 1093
546 1094
546 548
547 870
547 553
548 550
548 553
550 1096
550 1095
551 1043
551 870
551 871
552 871
552 1140
552 553
554 555
555 574
555 1060
556 901
556 577
557 572
557 565
558 568
558 1061
558 562
559 900
559 563
559 1147
560 1147
560 564
560 1088
561 571
561 580
562 579
563 580
563 1044
564 900
564 578
565 576
565 573
566 576
566 577
567 575
567 573
568 579
568 1061
569 578
569 809
569 1147
570 573
570 576
570 574
571 901
571 1061
574 575
575 1016
578 1087
579 1044
581 587
581 998
581 805
582 593
582 586
583 589
583 585
583 615
583 584
584 587
585 593
585 619
586 623
586 588
587 589
588 593
589 591
590 624
590 605
590 631
591 620
592 598
592 599
592 594
594 608
594 607
595 604
595 597
595 605
596 609
597 603
597 601
598 603
598 601
599 1058
600 608
601 602
602 604
602 609
603 607
604 818
606 827
606 628
606 828
609 639
610 616
610 620
610 1168
611 733
611 617
611 616
612 615
612 616
613 617
614 619
614 618
615 620
615 619
617 929
618 743
621 622
621 623
621 629
622 625
622 624
623 624
625 627
625 631
626 632
626 633
626 629
627 629
627 630
628 632
628 633
630 633
630 634
631 634
632 851
634 1135
635 837
635 833
635 838
636 1086
636 656
636 835
637 648
637 659
637 1128
638 1083
638 647
639 649
639 1008
640 643
640 826
640 829
641 834
641 831
641 650
642 646
643 832
643 830
644 656
644 1066
644 667
645 663
645 661
645 654
646 666
646 653
647 662
647 1083
648 657
648 661
649 660
650 831
650 652
651 666
651 665
652 839
652 842
653 657
654 663
654 666
655 1202
655 840
656 664
661 838
663 665
665 836
667 826
667 829
668 858
668 740
669 670
670 832
670 1200
671 674
672 810
673 674
674 841
675 846
676 680
676 681
676 677
678 681
678 680
679 680
681 888
682 887
682 996
683 707
683 700
683 693
684 710
684 729
684 698
685 725
685 716
685 697
686 722
686 1106
687 1029
687 728
687 692
688 713
688 690
688 720
689 706
689 729
689 714
690 693
690 725
691 940
692 699
692 1029
693 707
694 725
695 704
695 715
695 707
696 1048
696 724
696 701
697 716
698 711
698 729
699 730
700 710
700 723
701 724
702 717
702 1073
702 1074
703 721
703 722
703 726
704 708
704 715
705 964
705 709
706 730
706 714
708 727
708 711
709 964
709 726
710 723
711 727
712 718
712 945
712 731
713 720
714 717
715 724
716 943
717 728
718 726
718 721
719 1078
719 1077
719 1073
720 723
721 738
722 964
731 929
732 942
732 947
732 734
733 734
733 941
734 735
735 744
735 739
736 744
737 740
737 1200
738 1106
738 742
739 949
739 743
740 741
741 1200
741 858
743 744
745 752
745 748
745 750
746 756
746 751
746 759
747 850
747 756
747 767
748 1151
748 813
749 852
749 1107
749 752
750 751
750 1152
751 752
753 758
754 769
755 764
756 765
757 762
757 769
757 766
758 763
758 768
759 767
759 768
760 766
760 768
760 767
761 763
762 784
762 775
763 764
763 766
764 769
764 1153
766 1064
769 770
771 773
771 777
771 789
772 795
772 785
772 961
773 779
773 783
773 786
774 795
774 780
774 785
775 793
775 849
776 791
776 792
776 786
776 779
777 787
777 1054
778 783
778 782
779 788
780 791
780 786
781 814
781 795
783 794
783 785
784 791
784 790
784 792
785 786
788 793
788 1154
790 1129
792 793
793 1132
796 962
796 821
799 801
799 803
800 802
800 801
804 1049
805 959
806 825
806 936
807 808
808 856
808 1022
809 1087
811 925
812 1130
814 821
815 1084
816 1127
818 938
819 820
822 944
823 824
823 1033
824 1026
826 827
827 828
828 922
829 831
830 842
830 832
833 838
833 1085
834 1085
834 1086
835 836
835 837
836 837
839 860
839 840
839 843
840 843
841 845
841 860
842 844
843 873
844 860
844 1025
847 1204
848 849
848 850
849 850
851 1030
854 857
854 856
855 856
855 982
857 1022
861 862
863 1052
863 864
863 992
866 1144
866 1023
866 1052
867 884
867 868
868 1051
868 884
869 1139
869 1125
869 1137
874 1178
876 1173
876 880
877 878
877 1199
877 879
879 1199
879 1172
880 1173
880 1170
881 1170
881 1053
881 1199
882 935
882 1193
882 1195
883 885
883 884
889 1001
889 1091
889 1090
890 891
890 931
892 1182
893 966
893 967
894 968
895 965
895 967
895 968
895 966
896 1179
896 897
897 1179
898 1149
898 1036
898 1037
899 900
899 1036
901 1089
903 1165
904 960
904 1050
904 1165
905 909
905 907
905 912
906 908
906 909
907 912
908 911
908 909
910 1134
915 1166
915 1014
915 1015
917 918
918 919
920 959
920 1099
924 925
926 1191
928 929
930 1008
930 1066
931 1115
932 1067
932 933
932 934
933 934
933 956
935 1111
936 937
937 1192
939 946
939 940
939 941
940 942
941 942
943 944
943 945
944 946
945 946
947 948
947 949
950 1186
950 1123
951 1005
952 1145
953 954
956 957
960 1165
961 963
961 962
962 963
965 966
967 968
969 973
969 972
970 971
970 974
971 972
971 974
972 973
973 975
974 976
975 979
975 977
976 978
976 980
977 978
977 979
978 980
981 982
983 985
983 984
984 985
984 986
985 987
986 988
986 989
987 990
987 991
988 989
989 990
990 991
993 994
994 995
996 1059
997 998
999 1020
999 1000
999 1001
1000 1001
1000 1019
1002 1003
1002 1004
1003 1004
1004 1007
1004 1006
1005 1006
1006 1007
1008 1066
1009 1010
1009 1011
1010 1011
1011 1175
1012 1013
1012 1016
1012 1176
1013 1172
1013 1016
1014 1177
1014 1015
1015 1171
1017 1122
1017 1121
1018 1019
1018 1020
1019 1020
1022 1047
1024 1062
1024 1108
1026 1035
1030 1031
1033 1143
1033 1142
1034 1142
1034 1143
1036 1149
1037 1038
1038 1063
1040 1174
1040 1149
1040 1175
1041 1052
1042 1069
1042 1068
1045 1166
1046 1047
1049 1111
1053 1169
1053 1144
1055 1056
1056 1057
1058 1099
1062 1108
1062 1113
1068 1071
1068 1069
1069 1070
1070 1109
1070 1130
1073 1075
1074 1076
1074 1075
1075 1080
1077 1080
1077 1079
1080 1081
1085 1086
1090 1091
1102 1103
1103 1104
1103 1105
1104 1105
1106 1107
1112 1161
1112 1113
1115 1118
1115 1116
1116 1117
1117 1118
1120 1121
1120 1122
1121 1122
1123 1180
1124 1184
1129 1153
1136 1193
1137 1138
1139 1140
1144 1170
1146 1158
1146 1159
1151 1152
1152 1153
1155 1164
1156 1157
1156 1158
1161 1162
1162 1163
1163 1192
1164 1192
1171 1172
1171 1173
1174 1176
1175 1178
1176 1177
1182 1184
1183 1184
1183 1187
1183 1191
1184 1191
1185 1187
1188 1189
1188 1190
1196 1198
1197 1198
1201 1202
1202 1204
1203 1204
