0 2685
0 2593
1 825
1 974
1 968
1 746
2 1048
2 2402
2 1029
2 1057
3 2522
3 2492
3 2491
4 25
4 20
4 2391
5 18
5 27
5 238
5 25
6 34
6 588
6 23
7 22
7 67
7 34
8 9
8 22
8 29
9 19
9 10
9 38
10 30
10 11
10 46
11 12
11 45
12 13
12 30
13 2392
13 121
14 2390
14 2391
15 2390
15 32
15 33
15 236
16 236
16 17
17 18
17 21
18 31
19 29
19 214
19 30
20 26
20 30
20 214
22 23
23 24
23 28
24 27
24 587
25 587
26 587
26 215
27 588
28 29
28 215
32 2459
32 238
32 33
33 235
34 237
35 375
35 372
35 2153
35 2392
36 37
36 108
36 375
36 377
37 118
37 2170
37 116
39 47
39 43
39 72
40 97
40 55
40 72
40 98
41 223
41 42
41 76
41 102
42 43
42 66
43 44
43 81
44 45
44 47
45 121
45 46
46 47
48 2143
48 2503
48 2701
48 2502
49 50
49 2143
49 95
49 219
50 221
50 51
51 217
51 52
52 64
52 104
52 93
53 720
53 54
53 2314
54 105
54 85
54 125
55 2420
55 74
55 231
56 57
56 71
56 96
56 2420
57 59
57 58
58 2502
58 94
59 60
59 96
60 61
60 2720
61 62
61 94
62 63
62 220
63 64
63 78
64 79
65 80
65 103
65 86
66 102
66 103
68 2141
68 69
68 73
68 2340
69 70
69 97
69 2703
70 71
70 231
71 231
72 73
73 97
74 99
74 2421
75 100
75 76
75 99
76 77
76 100
77 78
77 102
78 79
78 80
79 88
80 87
81 82
81 113
82 83
82 112
83 111
83 119
83 103
84 90
84 86
84 119
85 107
85 123
85 106
86 87
86 91
87 88
88 92
89 100
89 2418
89 2419
90 91
90 106
90 110
91 92
91 105
92 93
93 104
94 220
94 95
95 2245
96 2421
98 99
98 223
100 101
104 2314
105 2314
105 106
106 109
107 109
107 120
108 378
108 557
108 2155
109 110
109 117
110 111
110 118
111 119
111 112
112 113
113 121
114 2519
114 1734
114 115
115 1736
115 1735
116 117
116 2155
117 120
117 118
118 2170
120 2157
121 122
123 125
123 124
124 720
124 232
125 720
126 1523
126 230
126 1522
127 1478
127 389
127 388
128 1734
128 1768
128 1767
129 2196
129 130
129 302
130 882
130 883
131 2475
131 132
131 845
132 203
132 133
133 134
133 202
134 201
134 200
135 288
135 176
135 847
136 848
136 293
136 294
137 1053
137 1041
137 849
137 981
138 1055
138 1053
138 1037
139 194
139 184
139 2651
140 196
140 2651
140 846
141 843
141 837
141 213
142 1043
142 2272
142 1044
142 2270
143 2111
143 2109
143 2117
144 2117
144 1196
144 1181
145 2526
145 2527
145 1068
146 427
146 147
146 2152
147 148
147 401
148 402
148 411
149 412
149 411
149 150
150 412
150 1727
151 1725
151 1726
151 1727
152 1706
152 425
152 153
153 402
153 154
154 403
154 2754
155 407
155 156
155 1724
156 433
156 2451
157 158
157 2451
157 1729
158 1730
158 1729
159 2104
159 1730
159 1766
160 486
160 2200
160 2104
161 162
161 1773
161 2194
161 1778
162 1851
162 163
162 2799
163 1829
163 1875
163 164
164 1809
164 165
165 1863
165 1877
166 1895
166 167
166 1863
167 2252
167 704
168 685
168 679
168 169
169 1940
169 2100
170 2100
170 2339
170 681
171 680
171 2099
171 2338
172 2242
172 691
172 697
173 2200
173 1759
174 198
175 186
175 187
175 198
176 177
176 210
176 190
177 178
177 192
177 2541
178 179
178 185
178 2540
179 208
179 180
180 188
180 181
180 207
181 286
181 184
182 186
182 183
182 185
183 187
183 191
184 189
185 192
186 201
187 194
188 191
188 189
189 191
190 192
190 200
193 197
193 202
193 198
193 195
194 2653
195 2652
195 199
195 2653
196 197
196 199
197 203
199 2650
200 201
201 202
202 203
203 204
204 282
204 845
205 2540
205 288
205 290
206 2673
206 208
206 2542
207 2673
207 208
208 2540
209 210
210 212
211 212
212 2731
212 213
213 847
214 215
216 1549
216 1517
216 1516
217 218
217 221
218 234
218 219
219 221
220 2244
222 2418
223 2243
224 1522
224 1521
224 1550
225 1524
225 1721
225 1523
226 229
226 715
226 228
226 1716
227 1716
227 1679
227 1697
228 233
228 716
228 718
229 1720
229 1721
230 1720
230 2816
232 233
232 1731
233 714
234 713
234 714
237 2144
237 589
238 611
238 589
239 242
239 245
239 2560
240 241
240 255
240 254
241 243
241 242
242 244
243 246
243 250
244 245
244 248
244 252
245 256
246 248
246 247
248 249
250 251
250 1410
251 1343
251 1381
252 2538
252 253
253 2432
253 257
254 1306
254 672
254 676
255 1375
255 2560
256 1378
256 2432
257 1381
257 258
258 1379
258 609
258 608
259 1102
259 1235
259 1096
259 1098
260 1096
260 1110
260 1135
260 1207
261 2745
261 2425
261 1208
262 335
262 536
263 1395
263 1386
263 264
264 1171
264 1172
265 1172
265 273
265 2414
266 1172
266 1174
266 1171
267 1161
267 1173
267 1165
268 341
268 275
268 332
269 331
270 272
270 271
270 1153
271 331
271 333
271 2583
272 273
272 1152
273 278
274 2414
274 2415
274 276
274 278
275 331
275 278
276 1392
276 338
277 341
277 2415
277 278
279 280
279 879
279 878
280 886
280 881
281 284
282 283
282 846
282 2282
284 2382
284 846
285 2534
285 1054
285 857
286 2544
286 2361
287 289
287 847
287 848
288 289
289 290
290 291
291 2542
291 2659
292 2661
292 2663
292 2657
292 2659
293 2531
293 2660
294 2371
294 849
295 2112
295 893
295 892
296 2296
296 1328
296 2294
297 857
297 859
297 2276
298 2532
298 860
298 855
299 862
299 861
299 2197
299 2615
300 863
300 301
300 2429
301 869
301 866
301 302
302 303
303 887
303 306
304 1141
304 1328
304 2112
305 307
305 306
305 888
306 888
307 1139
307 1137
308 539
308 1136
308 1143
309 539
309 310
309 1144
310 311
310 914
311 1147
311 1146
312 1239
312 2739
312 2646
312 2623
313 2623
313 1260
313 1250
313 1251
314 674
314 316
314 798
314 799
315 316
316 1246
316 2646
317 1206
317 318
317 543
318 1327
318 1206
318 2356
319 1198
319 2359
319 1212
320 1200
320 1183
320 2400
321 1384
321 322
321 329
322 644
322 327
323 1335
323 340
323 339
324 325
325 327
325 1337
326 613
326 1339
326 328
326 647
327 1338
328 1340
328 1338
329 1391
329 610
329 1400
330 1330
330 337
330 336
332 382
332 334
333 382
333 383
334 1330
334 2277
334 383
335 336
336 2583
337 1411
337 2176
338 1397
338 1329
338 1331
339 351
339 1333
340 342
340 343
341 346
342 1331
342 343
343 345
344 345
345 346
346 349
347 380
347 349
347 351
348 350
349 350
350 351
352 353
352 680
353 681
353 2417
354 355
354 912
354 962
355 356
355 930
356 929
356 357
356 1151
357 2423
357 358
358 359
358 939
359 2423
359 938
360 1155
360 537
360 2423
361 2727
361 577
361 563
362 364
363 602
363 2727
363 364
363 577
364 366
364 2726
365 567
365 574
365 2101
366 567
366 605
366 565
367 369
367 569
367 617
368 369
369 2154
370 374
370 616
370 562
371 374
371 559
371 378
372 373
372 560
373 377
373 559
374 560
375 376
377 378
379 2266
379 569
379 2154
380 1412
380 2277
381 2277
381 1330
381 1411
382 383
384 1487
384 1494
384 2430
385 1510
385 1508
385 386
385 1495
386 387
386 392
387 388
387 2347
388 2345
389 390
389 1478
390 391
390 1479
391 392
391 395
392 2501
393 394
393 1482
393 1483
394 1519
394 1480
395 1479
395 1480
396 708
396 1711
396 1710
397 398
397 1713
397 1709
398 426
398 399
399 400
399 427
400 1723
400 561
401 402
401 1723
402 403
403 411
403 404
404 412
404 431
404 405
405 432
405 406
406 1724
406 407
407 408
408 531
408 409
409 410
409 435
410 1726
410 435
413 414
413 2333
413 2350
414 1685
414 1689
415 711
415 1704
415 1703
416 417
416 1712
416 1708
417 426
417 418
418 2447
418 429
419 2446
419 1733
420 2497
420 1732
420 439
420 1740
421 1739
421 445
421 2497
422 2781
422 423
422 454
423 424
423 2504
424 1691
424 1681
425 1723
425 561
426 427
428 561
428 1706
428 1705
429 2152
429 571
430 1775
430 2194
430 2219
431 2755
432 1724
432 2754
433 531
433 532
434 435
434 699
434 1725
436 437
436 1745
436 556
437 2488
437 444
437 438
438 1739
438 443
438 445
439 440
439 2497
440 441
440 2306
441 442
441 2306
442 445
442 443
442 558
443 444
444 1738
445 2306
446 2325
446 1753
446 2326
447 2319
447 1756
447 448
448 1752
448 2602
449 1960
449 2602
450 2601
450 451
450 1962
451 1961
451 1983
452 2013
452 2010
452 2014
452 2187
453 2187
453 2011
453 2005
454 463
454 482
455 468
455 469
455 471
456 457
456 471
456 465
457 466
457 467
458 459
458 473
458 519
459 460
459 518
460 2241
460 461
461 2813
461 462
462 487
462 2618
463 468
463 705
464 465
464 470
464 479
465 466
466 467
467 473
468 2781
469 481
469 705
470 481
470 471
472 2439
472 473
472 477
472 479
473 483
474 497
474 2515
474 2385
475 476
475 2620
475 484
476 1729
476 484
477 478
477 520
479 480
480 481
480 706
482 706
482 1695
483 517
483 499
484 485
485 516
485 486
486 2104
487 488
487 502
488 492
488 508
488 527
489 508
489 490
489 527
490 526
490 495
491 2596
491 2493
492 493
492 2618
493 2753
493 524
494 522
494 2469
494 2753
495 2469
495 2596
496 497
496 2454
496 2517
497 498
498 499
498 2517
499 2505
500 511
500 501
500 512
501 514
501 510
502 514
502 510
503 505
503 504
503 516
504 506
504 508
505 507
505 506
509 510
509 517
509 2385
511 511
512 2103
513 514
513 513
515 516
517 2385
518 2814
518 1692
519 519
520 521
520 1764
521 522
521 529
522 2128
523 523
523 2618
524 524
525 525
525 527
526 526
528 529
528 528
529 530
530 530
531 532
532 1728
533 740
533 747
533 1069
534 2010
534 1964
534 2394
534 1961
535 1962
535 2010
535 1968
536 1154
536 537
537 2365
538 2364
538 1149
538 1148
539 1144
540 2362
540 1143
540 1144
541 961
541 950
541 2362
542 2348
542 908
542 893
543 1199
543 1179
544 2524
544 966
544 969
545 1416
545 2695
545 649
545 612
546 583
546 615
546 1418
547 1418
547 1432
547 1424
547 615
548 1429
548 1451
548 1424
549 1451
549 1430
549 1438
550 1437
550 1474
550 1438
550 1435
551 1475
551 1462
551 1473
551 1459
552 821
552 2524
552 824
553 824
553 820
553 2525
554 2612
554 2670
554 2671
555 2593
555 2334
555 2605
556 1741
556 1742
557 1735
557 2156
558 562
558 1735
559 560
561 1722
562 2386
563 564
563 594
564 2159
564 2727
564 2725
565 2726
565 2101
565 566
566 576
566 592
566 2798
567 575
568 595
568 575
568 582
569 2266
570 2209
570 579
570 2080
571 2448
571 2446
571 2447
572 2520
572 573
573 2156
573 1736
574 575
574 595
575 605
576 2725
576 2804
577 603
578 2463
578 2080
578 631
579 581
579 2209
580 2080
580 581
580 2201
580 2225
581 2213
582 604
582 618
583 584
583 585
584 614
584 1421
585 606
585 649
585 648
586 650
586 606
588 589
589 590
590 591
590 2697
591 2473
591 2697
592 593
592 601
592 2381
594 597
594 2336
595 618
596 2463
596 2210
596 619
597 617
598 1751
598 2165
598 1750
599 2165
599 2324
599 2387
600 2388
600 2444
600 2327
601 2381
601 2121
603 604
603 619
604 605
607 2767
607 608
607 609
608 1419
609 610
609 1378
610 1383
610 1384
611 2697
611 2472
611 2177
612 613
612 647
613 2759
613 2473
614 1423
614 615
616 2154
616 2153
617 2687
618 619
620 795
620 2228
620 2230
621 794
621 632
621 795
622 2078
622 794
622 2226
623 2233
623 2122
623 2125
624 2186
624 625
624 628
625 626
625 628
626 1971
626 1972
627 1970
627 629
627 1971
628 1970
629 630
629 1970
630 2460
630 2461
631 2102
631 2209
632 633
632 795
633 634
633 781
634 786
634 781
635 2063
635 2226
635 641
636 2075
636 2076
636 783
637 2057
637 642
637 791
638 2057
638 639
638 1957
639 643
639 1957
640 2056
640 1956
640 643
641 2056
642 2173
642 2057
643 2490
644 1339
644 645
645 1415
645 647
645 1414
646 1415
646 1385
646 648
647 648
648 649
649 2179
650 2179
650 1416
651 1427
651 1440
651 1425
652 2009
652 666
652 2168
653 2043
653 663
653 656
654 660
654 2127
655 657
655 660
656 2032
656 665
657 1969
657 662
658 2335
658 2038
659 2224
659 2042
659 2039
661 674
662 1969
663 2047
663 2036
664 2049
664 2050
665 2032
666 2127
667 2436
667 724
668 1464
668 670
668 2131
669 1465
669 670
670 1466
671 723
671 1254
671 1255
671 2744
672 1311
672 676
673 731
673 733
674 797
675 1406
675 2131
675 2369
676 2369
677 731
678 1628
678 1607
678 1624
679 2252
679 685
679 1928
680 683
681 682
682 683
682 684
683 684
685 2549
686 2253
686 2254
686 2549
687 1950
687 2256
687 702
688 2551
688 2169
688 2260
689 2169
689 1916
689 690
690 697
690 696
691 692
691 2242
692 1765
692 693
693 694
693 1765
694 698
694 695
695 696
695 698
696 697
698 699
699 1725
700 2255
700 701
700 1908
701 1908
701 2256
702 2256
702 2258
703 2258
703 2251
703 2257
704 2252
704 2253
705 706
706 1677
707 711
707 2353
707 1715
708 710
708 709
709 710
709 2231
710 1715
711 718
712 713
712 719
712 2816
713 719
714 717
715 2845
715 1719
716 717
716 2845
717 2844
718 2105
719 2844
719 1719
721 2424
722 2430
722 728
723 2370
723 1252
724 1498
725 726
725 1498
726 1489
727 1325
728 2150
729 1607
729 1609
730 1307
730 1312
732 1591
732 733
734 1665
734 2440
734 2383
735 2416
735 2351
735 2464
736 736
736 2395
737 2511
737 738
737 2396
738 738
739 740
739 754
739 2489
740 813
741 2522
741 752
741 753
742 2268
742 752
742 751
743 749
743 748
743 744
744 749
744 762
745 757
745 762
745 755
746 765
746 965
746 761
747 2268
747 748
748 2268
749 750
750 2684
750 756
751 2489
751 753
752 753
754 2397
754 2489
755 757
755 756
756 812
757 758
758 2547
758 759
759 761
759 760
760 2248
761 2683
762 767
763 764
763 767
763 2545
763 977
764 970
764 971
765 2547
765 768
766 768
766 974
766 972
767 2548
768 2548
769 2189
769 2081
769 1958
770 2074
770 774
770 772
771 776
771 777
771 2373
772 776
772 790
773 777
773 775
773 779
774 775
774 2074
775 779
776 790
777 2094
778 779
778 2206
778 2212
780 2088
780 2087
780 2085
780 2086
781 2076
782 783
782 785
782 784
783 785
784 786
784 2077
785 2074
786 2077
787 791
787 2065
787 788
788 789
788 2173
789 2236
789 2173
790 2068
791 2065
792 2125
792 2186
792 2124
793 2229
793 2078
793 2079
794 2226
796 2228
796 2193
796 2229
798 1069
798 799
800 801
800 811
800 2685
801 811
801 802
802 810
802 803
803 810
803 804
804 805
804 813
805 812
805 806
806 807
806 814
807 814
807 808
808 809
808 819
809 818
809 810
811 2669
812 2669
813 2594
814 815
815 2611
815 816
816 2611
816 2672
817 2610
817 2608
817 2612
818 819
820 2475
820 2525
821 822
821 823
821 824
822 2525
822 823
823 2670
825 975
825 826
826 975
826 827
827 842
827 828
828 829
828 843
830 831
830 842
830 1040
831 832
831 838
832 833
832 839
832 1040
833 849
833 834
834 839
834 835
835 836
835 840
836 2805
836 841
837 2805
837 848
838 840
838 839
839 840
841 844
841 2805
842 844
843 844
849 850
850 1041
850 851
851 2371
851 2641
852 855
852 1041
852 854
853 2269
853 1054
853 2271
854 858
854 2534
855 858
856 2276
856 2291
856 2532
857 2533
858 2533
859 861
859 2276
860 2641
860 2532
861 862
862 2686
862 864
863 2615
863 867
863 2614
863 2686
864 2367
864 2614
865 870
865 2197
865 2293
865 2295
867 2197
867 868
868 870
868 2429
869 2428
869 2429
870 2428
871 872
871 875
871 2543
873 874
873 875
874 875
876 880
876 877
876 879
877 878
877 880
878 879
880 2368
881 886
881 882
882 883
883 884
884 885
884 2196
885 2196
885 886
887 889
887 2279
888 890
891 2299
891 2298
891 2297
892 2114
892 2349
893 2112
894 2349
894 904
894 2348
895 900
895 896
895 899
896 897
896 900
897 898
897 906
898 1163
898 899
899 1163
900 2114
901 2758
901 923
901 2363
902 2363
902 941
902 925
903 937
903 931
903 938
903 929
904 907
904 2348
905 909
905 923
905 2757
906 2758
906 928
906 2757
907 2762
907 909
908 950
908 951
909 919
910 911
910 915
910 948
911 947
911 956
912 963
912 958
913 914
913 963
913 2766
914 963
915 944
915 916
915 924
916 2763
916 917
918 921
919 920
919 921
919 924
921 922
923 2363
924 941
925 927
925 931
926 928
926 927
926 1167
927 928
929 936
929 939
930 936
930 933
931 935
932 933
933 2761
934 2761
935 940
935 937
936 937
938 939
940 941
940 2761
942 943
942 947
942 946
944 946
944 947
945 946
948 949
948 951
949 955
949 951
950 952
952 955
952 954
953 954
954 955
956 962
956 957
957 957
958 959
958 2643
959 960
959 2642
960 961
960 962
961 2765
961 2644
964 2524
964 2609
965 969
965 967
966 969
966 967
966 968
967 968
970 978
970 977
971 2545
971 972
972 995
973 979
973 995
973 982
974 982
975 976
977 2838
979 985
979 980
980 981
980 1035
980 983
981 1040
981 1042
982 983
983 984
985 986
985 1035
986 987
986 1004
987 988
987 1032
988 1031
988 989
989 997
989 2834
989 1028
990 1012
990 1013
990 991
991 1014
991 1011
992 1014
992 993
992 1026
993 1026
993 1021
994 1010
994 1016
994 2523
995 996
996 1000
997 1001
997 1027
997 999
998 1001
998 1002
998 999
999 1012
1000 1007
1001 2833
1002 1004
1002 1003
1003 1003
1004 1005
1005 1007
1005 1006
1006 1006
1007 1008
1008 2809
1008 1010
1009 1010
1009 1011
1012 2840
1013 1013
1014 1015
1015 1015
1016 1017
1016 1026
1017 1017
1018 2491
1018 1020
1018 1019
1019 1020
1019 1025
1020 1021
1021 1022
1022 2278
1022 1023
1023 1024
1023 2278
1024 1083
1024 1025
1025 1077
1027 1062
1027 2278
1028 1028
1029 1030
1029 1062
1030 1030
1031 1048
1031 1046
1032 1033
1032 1035
1033 1034
1033 1044
1034 1042
1034 1036
1036 1036
1037 1039
1037 1042
1037 1038
1038 1039
1038 2272
1039 2271
1043 2526
1043 1044
1044 1045
1046 1051
1046 1047
1048 1049
1049 1051
1049 1050
1051 1052
1053 1055
1054 1055
1056 1059
1056 1058
1056 2274
1057 1061
1057 1060
1058 1059
1058 1060
1059 1061
1060 1061
1062 1088
1063 1064
1063 1088
1063 1067
1063 2835
1064 1065
1064 2836
1064 2682
1065 1066
1065 1080
1066 2330
1066 2837
1068 2331
1068 2332
1069 1070
1070 1071
1070 2684
1071 1090
1071 2332
1072 1074
1072 2487
1072 1073
1073 1090
1073 1092
1074 1075
1074 1101
1075 1076
1075 1101
1076 2571
1076 1101
1077 2267
1077 1084
1078 1082
1078 1084
1078 1081
1079 1082
1079 2280
1079 1081
1080 2329
1080 1082
1081 1083
1083 1084
1083 1085
1084 1087
1085 1086
1085 2281
1087 2267
1088 1089
1089 1089
1090 2474
1091 2474
1091 2303
1091 2118
1092 2331
1092 2528
1092 2530
1093 2572
1093 2571
1093 1127
1094 1105
1095 2742
1095 2739
1095 1242
1096 1132
1097 1123
1097 1118
1097 1210
1098 2648
1098 2571
1099 1130
1099 2646
1099 1231
1100 1103
1100 1105
1100 1101
1102 1103
1102 2648
1103 1104
1105 2817
1106 1133
1106 1108
1106 2819
1107 1108
1107 2821
1107 2818
1108 2822
1109 1115
1110 1123
1110 1122
1111 1124
1112 1114
1112 1115
1112 2823
1113 1134
1113 1114
1113 2824
1114 2825
1115 1116
1117 1118
1117 1125
1117 2826
1118 1119
1120 1134
1120 1122
1120 1121
1122 2828
1123 2827
1124 1125
1124 2574
1125 1126
1126 2402
1126 2113
1127 1131
1127 1128
1128 1129
1128 1131
1129 1225
1129 1131
1130 1233
1130 2575
1132 1133
1132 2820
1133 1135
1134 1135
1136 1138
1136 1143
1137 1138
1137 1139
1138 1140
1139 1142
1140 1141
1140 1142
1141 1142
1145 1146
1145 1150
1145 1151
1146 1147
1147 1148
1148 1149
1149 1150
1150 1151
1152 1153
1152 1168
1153 1155
1154 1156
1155 1156
1157 1158
1157 1162
1157 1169
1158 1159
1158 2427
1159 1160
1159 1164
1160 1161
1160 1165
1161 1162
1162 1169
1163 2426
1164 1166
1164 2427
1164 2426
1165 1167
1166 1166
1167 1168
1168 1173
1169 1221
1170 2582
1170 2581
1170 2579
1171 1389
1173 1174
1174 1175
1176 1186
1176 1177
1176 1180
1177 1178
1177 2399
1178 2400
1178 1328
1179 2114
1179 2404
1181 1197
1181 2530
1182 2666
1182 1183
1182 1184
1183 1198
1184 1188
1184 2399
1184 1185
1185 2666
1185 1187
1186 1189
1186 1188
1187 1188
1187 1191
1188 1193
1189 1195
1189 1193
1190 1192
1190 1191
1190 1194
1191 1192
1192 1193
1192 1194
1193 1197
1194 1196
1195 1197
1195 2529
1196 1197
1198 1203
1199 2355
1199 1204
1200 1201
1200 2404
1201 1202
1201 2404
1202 1203
1202 2405
1203 1204
1204 1205
1206 2715
1207 1214
1207 1208
1208 2737
1209 1245
1209 2737
1209 1244
1210 1211
1210 1212
1211 2360
1211 1214
1212 2116
1213 2691
1213 2425
1213 1214
1215 1216
1215 1222
1215 1223
1216 1217
1216 1218
1217 2849
1217 1219
1219 1220
1219 1222
1220 1221
1221 1351
1221 2578
1222 1345
1223 1224
1223 2715
1225 1226
1225 2829
1226 2575
1226 2576
1227 1229
1227 1228
1227 2647
1229 1231
1229 1230
1231 2830
1232 2565
1232 1239
1232 2566
1233 2565
1233 2573
1234 2572
1234 1236
1234 1235
1235 2679
1236 2832
1236 1237
1237 2680
1237 1240
1238 1240
1238 1239
1238 2680
1240 2564
1241 1268
1241 2510
1241 1264
1242 2509
1242 2510
1243 2738
1243 1244
1243 1280
1244 1245
1245 1281
1246 2645
1246 2624
1247 2640
1247 1248
1247 2635
1248 2370
1248 1325
1249 2645
1250 2562
1251 2626
1251 2638
1251 1253
1252 1253
1252 2689
1253 2688
1255 2431
1255 1259
1256 2747
1256 2631
1256 1259
1256 1267
1257 2630
1257 2632
1257 1306
1258 1266
1258 1268
1258 2562
1259 1261
1260 2431
1260 2577
1261 1266
1261 2563
1262 2744
1262 2748
1262 1307
1263 2559
1263 1290
1263 2632
1264 1269
1264 1280
1265 1279
1265 1280
1265 1282
1265 1284
1266 1267
1267 2736
1268 1270
1269 1271
1269 1278
1270 1271
1270 2736
1271 1277
1272 2556
1272 1274
1272 1273
1273 1275
1273 1274
1274 2561
1275 1276
1275 1277
1276 2561
1276 2553
1277 2554
1278 2553
1278 1279
1278 2554
1279 2559
1281 1282
1281 2569
1282 1284
1283 1348
1283 1295
1283 1300
1283 2136
1284 2555
1285 1291
1285 2555
1285 1286
1286 1292
1287 1288
1287 1305
1287 1292
1288 1289
1288 1304
1289 1290
1289 1303
1290 1314
1291 1344
1291 1292
1293 1294
1293 1344
1293 1295
1294 1296
1294 1305
1295 1296
1296 1304
1296 1301
1297 1314
1297 1313
1297 2552
1298 2552
1298 1303
1298 1300
1299 2716
1299 2136
1299 2580
1299 2581
1300 1301
1301 1302
1302 1304
1302 1303
1304 1305
1306 2634
1307 2747
1308 2747
1308 1308
1309 1310
1309 2746
1310 2631
1311 1312
1311 2133
1312 2139
1313 2633
1313 1314
1315 2629
1315 1374
1315 1316
1317 2735
1318 1320
1318 2735
1319 1372
1319 1321
1319 1320
1319 2558
1321 1324
1321 1323
1322 1323
1323 1324
1324 1368
1324 1366
1325 1326
1327 1327
1329 1336
1329 1335
1329 1331
1330 2583
1331 2415
1332 1333
1333 1334
1334 2472
1334 1335
1334 2175
1335 1337
1336 1391
1336 1398
1336 1337
1337 1342
1338 1339
1338 1342
1340 1341
1340 2759
1341 1342
1341 2175
1343 1409
1343 1380
1344 2567
1345 2717
1345 2567
1346 1366
1346 2535
1346 2536
1347 2535
1347 1348
1347 1350
1348 1350
1349 1350
1349 1388
1349 1353
1351 1352
1351 1355
1352 1353
1352 1354
1353 1354
1354 1355
1355 2129
1356 1359
1356 1365
1356 1360
1357 1360
1357 1358
1357 2132
1358 1362
1358 2138
1359 2137
1359 2130
1360 1361
1362 2539
1362 2135
1363 2539
1363 2846
1363 1369
1364 2539
1365 2537
1365 2557
1366 1367
1368 1371
1368 1369
1369 1371
1370 1371
1372 1374
1372 2558
1373 2558
1374 1376
1375 1377
1375 2628
1376 2628
1376 1377
1377 2846
1378 2432
1379 1382
1379 1419
1380 1382
1380 1448
1381 1382
1382 1449
1383 1400
1383 1394
1384 1414
1384 1385
1385 1413
1386 1401
1386 1389
1387 1401
1387 1405
1387 1388
1388 1394
1389 1390
1391 1399
1392 1395
1392 1403
1393 1399
1393 1396
1393 1403
1393 1394
1395 1402
1396 1405
1396 1402
1397 1403
1397 1398
1398 1399
1399 1400
1401 1404
1402 1403
1402 1404
1404 1405
1406 1407
1407 1408
1408 1409
1411 2178
1413 1415
1413 1414
1416 1417
1416 2179
1418 1425
1419 1420
1420 1422
1420 1449
1421 1422
1421 2767
1422 1423
1423 1452
1424 1425
1426 1427
1426 1429
1426 1428
1427 1439
1428 1430
1428 1431
1429 1430
1431 1439
1431 1438
1432 1452
1432 1433
1433 1434
1433 1453
1434 1435
1434 1454
1434 1451
1435 1461
1435 1455
1436 1444
1436 1502
1436 1446
1437 1472
1437 1442
1437 1446
1439 1442
1440 1445
1440 2343
1441 1445
1441 1444
1441 1443
1442 1443
1443 1446
1443 1445
1444 1471
1446 1477
1447 1477
1447 1469
1447 1472
1448 1455
1448 1457
1448 1450
1449 1450
1449 1453
1450 1454
1452 1453
1453 1454
1454 1455
1455 1458
1456 1458
1456 1463
1456 1460
1457 1460
1457 1458
1458 1461
1459 1461
1459 1474
1460 1464
1461 1462
1462 1463
1463 1465
1464 1466
1465 1466
1467 2436
1467 1499
1467 1468
1468 1491
1468 1500
1469 1470
1469 1491
1470 1502
1470 1477
1470 1497
1471 2346
1471 2343
1471 2347
1472 1475
1472 1474
1473 2424
1473 1475
1475 1476
1478 2142
1479 1482
1480 1513
1481 1483
1481 2148
1481 1484
1482 1484
1483 1484
1483 1520
1485 1520
1485 2719
1485 2500
1486 2144
1486 2696
1486 2149
1487 1488
1487 1493
1488 1500
1488 1489
1489 1490
1489 1499
1491 1501
1492 1493
1492 1501
1492 1504
1493 1494
1494 2699
1495 2698
1495 2699
1496 1497
1497 1503
1498 1499
1499 1500
1500 1501
1502 1506
1503 1508
1503 1504
1503 1506
1504 2698
1504 1505
1506 1509
1507 1509
1507 1507
1508 1509
1510 2150
1510 1511
1510 2501
1511 2700
1511 2501
1512 1513
1512 1518
1512 1529
1513 1514
1514 1515
1514 1519
1515 1516
1515 2500
1516 2500
1517 1518
1517 1549
1518 1541
1519 1520
1521 1550
1521 2374
1522 1523
1524 1668
1524 1525
1525 1526
1525 2507
1526 2499
1526 1527
1527 2374
1527 1570
1528 1532
1528 1529
1528 1541
1529 1530
1530 1531
1530 1533
1531 1533
1531 1532
1532 1540
1533 1548
1534 1535
1534 1548
1534 2183
1534 1545
1535 1587
1535 2181
1536 1537
1536 1540
1536 1568
1537 1538
1537 1543
1537 1542
1538 1552
1538 1551
1539 1541
1539 1540
1539 2438
1542 2607
1542 2438
1543 1565
1543 2151
1544 1545
1545 1546
1547 1548
1549 2711
1550 2709
1551 2506
1551 2607
1552 1553
1552 1565
1553 1554
1553 1565
1554 1564
1554 1576
1555 1593
1555 1594
1555 1591
1556 1559
1556 1566
1556 1557
1557 1596
1557 1592
1558 1592
1559 2151
1559 1561
1560 1561
1560 1593
1560 1581
1561 1562
1562 1563
1562 2151
1563 1581
1563 1579
1564 2750
1564 1579
1566 1569
1566 1567
1567 1589
1567 1597
1568 1569
1570 1672
1570 2499
1571 1572
1571 1672
1571 1576
1572 1577
1572 1573
1573 1583
1573 1574
1574 1584
1574 1575
1575 1580
1575 1576
1577 1639
1577 1582
1578 1634
1578 2780
1578 1635
1579 1580
1580 1584
1581 1584
1581 1582
1582 1583
1583 1584
1585 1587
1585 1598
1585 1586
1586 1597
1586 1589
1587 1588
1588 1588
1589 1624
1590 1595
1590 1627
1590 1624
1591 1595
1592 1593
1594 1594
1595 2776
1597 2800
1598 2700
1598 1608
1598 2802
1599 1609
1599 1604
1600 1601
1600 1608
1600 2802
1601 1605
1601 1625
1602 1614
1602 1615
1602 1617
1603 1604
1603 2434
1603 1609
1604 1619
1605 1612
1605 1606
1606 1620
1606 1608
1607 1623
1610 2801
1611 1612
1611 1613
1611 1625
1612 1614
1613 1615
1613 1614
1615 1616
1616 1618
1616 2435
1617 2435
1617 2801
1618 1619
1618 2433
1619 2433
1620 1623
1620 1621
1621 1623
1621 1622
1625 1626
1625 2802
1626 1626
1627 1632
1627 1630
1628 1629
1628 2803
1629 1632
1630 1630
1631 1632
1631 1633
1633 1633
1634 2441
1634 2310
1635 1636
1635 2779
1636 1643
1636 2780
1636 1637
1637 1647
1637 1639
1638 1641
1638 1656
1638 1643
1639 2780
1640 1648
1640 1644
1640 1641
1641 1642
1643 1644
1644 1647
1644 1646
1645 1673
1645 1646
1645 1670
1645 1678
1646 1647
1646 1648
1648 1677
1649 2770
1649 1650
1649 1656
1650 1658
1650 1653
1651 1651
1651 2772
1652 1653
1652 1655
1652 1658
1653 1654
1654 1664
1654 2383
1654 1655
1655 2773
1656 1657
1657 1667
1658 1663
1659 1663
1659 1660
1660 1661
1661 1666
1661 1665
1661 1675
1662 1663
1662 1675
1662 1667
1663 1664
1664 1665
1666 1666
1668 2507
1668 1669
1669 2494
1669 1684
1670 1674
1670 1671
1671 1674
1671 2508
1672 1673
1673 1674
1675 1676
1676 2439
1676 1701
1677 1678
1677 2439
1678 1683
1679 1697
1679 1721
1679 2350
1680 1695
1680 1682
1680 1690
1680 2333
1681 1693
1681 1687
1682 2227
1682 2333
1682 1684
1682 1683
1683 1684
1685 1698
1685 1686
1686 1687
1686 1700
1687 1688
1688 1689
1688 1693
1689 1690
1690 1694
1692 1692
1693 1694
1694 1695
1696 1697
1696 1718
1696 1717
1698 1702
1698 1700
1699 1707
1699 1705
1699 1704
1700 1706
1701 1764
1701 2600
1702 1718
1702 1703
1703 1704
1705 1722
1707 1710
1707 1714
1708 1712
1708 1711
1709 1713
1709 1712
1710 1711
1713 1714
1714 1722
1715 2353
1716 1717
1717 1718
1719 1720
1726 1727
1730 1766
1731 2231
1731 2354
1732 2495
1732 2498
1732 2265
1733 2495
1733 2498
1734 2265
1736 1737
1736 2519
1737 2520
1737 2519
1738 2386
1738 1746
1739 2488
1740 1741
1740 1744
1741 1743
1741 2488
1742 2496
1742 2107
1743 2308
1743 1744
1743 2496
1744 2444
1745 1746
1745 1747
1746 1747
1747 2106
1748 1749
1748 1751
1748 2234
1749 1750
1749 1751
1750 1751
1752 1758
1752 2707
1753 2323
1753 2315
1754 1756
1754 1755
1754 2240
1755 1977
1755 1981
1755 2305
1756 1757
1757 1977
1757 1978
1758 2250
1758 2313
1758 2707
1759 1761
1760 2724
1760 1763
1760 2852
1761 1763
1761 1762
1761 2723
1763 2723
1764 2443
1765 1766
1767 1768
1767 1772
1768 1769
1769 1770
1769 1777
1770 1771
1770 1777
1771 1772
1771 1773
1772 1773
1774 1775
1774 1777
1774 1776
1775 1776
1776 2312
1778 2482
1778 1789
1779 1790
1779 2694
1779 1781
1780 1793
1780 2694
1780 1785
1781 1782
1782 1783
1783 1785
1783 1784
1785 1786
1787 2457
1787 1788
1787 1796
1788 1851
1788 1858
1789 2457
1789 1792
1790 2483
1790 1791
1791 2784
1791 2785
1792 2480
1792 2694
1793 2791
1793 2790
1794 2791
1794 1795
1794 1832
1794 1796
1796 1861
1796 1858
1797 1807
1797 2783
1797 2799
1798 1799
1798 2783
1799 1803
1799 1800
1800 1801
1800 1803
1801 1805
1801 1802
1803 1804
1806 2799
1807 2794
1807 1808
1809 1810
1809 1909
1810 1811
1810 1815
1811 2412
1811 1915
1812 2412
1812 1813
1812 1916
1813 1814
1813 1817
1815 1825
1815 2797
1816 1820
1816 1822
1816 1817
1817 1827
1818 1819
1818 1823
1818 1825
1820 1821
1820 1823
1823 1824
1825 1826
1828 1829
1829 1830
1831 1839
1831 1833
1831 1834
1832 1833
1832 1959
1833 2485
1834 1864
1834 1837
1835 1864
1835 1889
1835 1867
1835 1887
1836 1892
1836 1890
1836 1918
1838 1839
1838 1841
1838 2792
1839 1840
1841 1926
1841 1842
1842 1842
1843 1926
1843 1924
1843 1844
1845 1924
1845 1875
1845 1846
1846 1848
1846 1847
1848 1849
1848 1850
1851 1859
1852 1853
1852 1859
1852 1858
1853 1857
1853 1855
1854 1855
1855 1856
1859 1860
1861 1861
1862 1862
1862 2791
1863 2191
1864 2704
1864 1866
1865 1921
1865 2262
1865 2839
1866 1867
1866 2667
1866 1869
1867 1904
1867 1868
1869 1870
1869 1871
1870 1870
1871 1874
1871 1877
1872 1874
1872 1873
1875 1876
1876 1876
1877 1880
1878 1879
1878 1882
1878 2793
1880 1882
1880 1881
1881 1881
1882 1885
1883 1885
1883 1886
1883 1884
1884 2713
1884 1885
1887 1888
1887 1921
1889 1890
1889 1922
1890 1891
1892 2337
1892 1893
1894 1939
1894 2796
1894 1919
1895 1899
1895 1900
1895 1896
1896 1897
1896 1898
1901 1903
1901 2191
1901 1904
1902 1903
1902 2795
1904 1905
1905 1907
1905 2841
1906 2841
1908 1909
1909 1911
1910 2551
1910 1930
1910 2550
1911 2551
1911 1912
1912 1912
1913 1915
1913 2550
1913 1934
1914 1915
1916 2169
1917 2843
1918 2261
1918 2408
1918 2410
1919 1920
1919 2619
1921 2263
1922 1923
1922 2264
1924 1925
1926 1927
1928 1929
1928 1939
1930 2550
1930 1934
1930 1932
1931 1932
1932 1936
1933 1936
1934 1936
1935 1936
1937 2337
1937 1938
1937 2728
1939 1940
1940 2619
1941 1948
1941 2406
1941 2328
1942 2406
1942 1943
1942 2328
1943 1944
1943 2808
1943 1946
1945 1946
1946 1947
1948 1949
1948 2806
1949 1949
1950 2259
1950 2251
1951 2017
1951 2008
1951 2007
1952 2053
1952 2015
1952 2017
1953 2053
1953 2052
1953 1954
1954 2052
1954 2167
1955 2050
1955 2052
1956 2172
1956 2056
1957 2171
1960 2601
1961 2010
1962 1963
1962 2313
1964 1965
1964 2304
1965 2393
1965 1987
1966 1967
1966 1989
1966 2001
1967 1984
1967 2022
1968 2003
1968 1969
1971 1972
1972 1973
1973 1974
1973 2216
1974 1975
1974 1979
1974 1981
1975 1979
1975 1976
1976 1978
1976 1977
1978 1982
1979 1980
1980 2307
1980 2283
1981 2217
1982 1983
1982 1990
1983 1987
1984 1993
1984 1985
1985 1989
1985 1986
1986 1988
1986 1991
1987 1991
1988 1990
1988 2732
1988 1996
1989 2393
1990 1991
1992 1997
1992 2031
1992 1996
1993 2031
1993 2030
1994 2030
1994 2018
1994 2284
1994 2049
1995 1997
1995 2029
1995 1999
1996 1998
1997 1998
1998 2000
1999 2000
2002 2003
2003 2004
2005 2006
2005 2009
2006 2007
2006 2016
2007 2008
2008 2168
2009 2168
2011 2692
2011 2021
2011 2025
2012 2016
2012 2015
2012 2692
2013 2023
2013 2394
2016 2017
2018 2022
2018 2027
2019 2239
2019 2022
2019 2027
2020 2603
2020 2021
2020 2239
2021 2692
2023 2025
2023 2024
2025 2026
2027 2028
2029 2031
2029 2030
2032 2033
2033 2043
2033 2034
2034 2045
2034 2035
2035 2044
2035 2039
2036 2037
2036 2335
2037 2044
2037 2040
2038 2042
2038 2040
2039 2041
2040 2041
2041 2042
2043 2046
2044 2048
2045 2048
2045 2046
2046 2047
2047 2048
2049 2051
2051 2812
2051 2284
2053 2054
2054 2224
2055 2126
2055 2490
2058 2060
2058 2171
2058 2172
2059 2060
2059 2063
2059 2235
2060 2061
2062 2235
2062 2066
2062 2174
2063 2064
2065 2068
2066 2237
2066 2067
2066 2236
2068 2072
2069 2070
2069 2072
2069 2377
2070 2071
2070 2073
2070 2811
2071 2073
2071 2373
2071 2372
2072 2379
2073 2380
2075 2076
2075 2174
2077 2213
2078 2079
2079 2232
2081 2083
2081 2082
2082 2198
2082 2810
2083 2084
2083 2089
2084 2088
2084 2096
2085 2086
2085 2087
2085 2094
2086 2189
2087 2096
2087 2088
2089 2091
2090 2092
2090 2377
2090 2093
2091 2092
2092 2095
2093 2199
2094 2095
2094 2097
2095 2372
2095 2096
2097 2203
2097 2098
2097 2246
2099 2808
2099 2338
2100 2339
2101 2381
2102 2458
2102 2462
2102 2230
2103 2518
2105 2354
2105 2353
2106 2234
2106 2107
2107 2234
2108 2115
2108 2111
2108 2116
2109 2117
2109 2110
2110 2113
2110 2115
2111 2116
2113 2115
2114 2349
2118 2299
2118 2300
2119 2286
2119 2289
2119 2677
2120 2290
2120 2291
2120 2288
2121 2193
2121 2233
2122 2123
2122 2233
2123 2124
2123 2232
2124 2232
2125 2186
2129 2580
2129 2581
2134 2537
2136 2580
2140 2658
2140 2815
2140 2654
2141 2147
2141 2703
2142 2341
2142 2342
2143 2702
2144 2340
2145 2146
2145 2342
2145 2703
2146 2342
2146 2503
2147 2149
2147 2341
2148 2701
2148 2702
2149 2340
2150 2430
2152 2498
2153 2389
2155 2156
2155 2157
2156 2157
2158 2160
2158 2461
2158 2460
2160 2162
2160 2161
2161 2162
2161 2164
2162 2163
2163 2166
2163 2164
2164 2166
2165 2166
2170 2392
2171 2172
2174 2235
2175 2471
2176 2459
2176 2178
2177 2178
2177 2459
2180 2182
2180 2184
2180 2847
2181 2182
2181 2184
2182 2700
2184 2848
2185 2186
2187 2190
2188 2189
2191 2192
2193 2229
2194 2195
2198 2198
2202 2213
2202 2693
2202 2208
2203 2207
2203 2204
2204 2207
2204 2205
2205 2210
2205 2211
2206 2208
2206 2212
2207 2212
2208 2693
2210 2211
2211 2693
2214 2223
2214 2240
2214 2220
2215 2217
2215 2216
2215 2222
2216 2222
2217 2220
2218 2222
2218 2219
2218 2221
2219 2221
2220 2223
2221 2223
2227 2350
2227 2333
2227 2494
2228 2230
2231 2354
2235 2237
2236 2237
2238 2239
2240 2317
2247 2608
2247 2609
2247 2612
2248 2249
2249 2608
2250 2312
2250 2707
2251 2258
2253 2549
2254 2257
2254 2255
2255 2257
2259 2260
2262 2839
2265 2495
2266 2386
2269 2270
2269 2271
2270 2272
2273 2274
2274 2275
2284 2285
2285 2285
2286 2288
2286 2287
2287 2288
2287 2292
2289 2678
2289 2290
2290 2291
2292 2301
2292 2302
2293 2294
2293 2295
2294 2296
2295 2298
2296 2297
2297 2298
2299 2300
2300 2301
2301 2302
2302 2303
2303 2474
2308 2444
2308 2496
2309 2779
2310 2779
2310 2311
2311 2777
2311 2778
2312 2313
2315 2320
2315 2319
2315 2322
2316 2322
2316 2321
2316 2317
2317 2318
2318 2320
2318 2323
2319 2321
2320 2322
2320 2323
2321 2322
2324 2326
2324 2387
2325 2327
2325 2326
2327 2388
2328 2807
2329 2330
2331 2528
2331 2332
2334 2584
2334 2605
2336 2733
2336 2804
2337 2808
2338 2339
2341 2342
2343 2344
2344 2345
2344 2346
2345 2346
2346 2347
2350 2494
2351 2352
2351 2464
2352 2468
2355 2356
2355 2357
2356 2357
2357 2358
2358 2360
2358 2359
2359 2360
2361 2658
2361 2521
2362 2642
2364 2365
2364 2622
2365 2366
2367 2367
2368 2368
2371 2664
2372 2373
2374 2506
2375 2376
2376 2378
2376 2377
2379 2380
2381 2462
2383 2384
2384 2442
2387 2388
2390 2391
2393 2394
2395 2396
2395 2397
2396 2397
2398 2399
2400 2401
2402 2403
2406 2407
2408 2409
2409 2410
2410 2843
2411 2412
2413 2414
2416 2513
2416 2589
2418 2419
2419 2720
2420 2421
2422 2738
2422 2509
2425 2718
2426 2427
2428 2429
2431 2690
2433 2434
2434 2435
2434 2801
2436 2437
2440 2600
2441 2442
2443 2493
2445 2448
2445 2446
2445 2520
2447 2448
2449 2455
2449 2452
2449 2516
2450 2456
2450 2451
2450 2455
2452 2453
2452 2456
2453 2514
2453 2617
2454 2516
2454 2514
2455 2456
2456 2620
2457 2787
2460 2461
2462 2463
2464 2467
2465 2467
2465 2466
2466 2467
2466 2468
2469 2470
2471 2756
2471 2472
2473 2696
2473 2695
2475 2477
2476 2477
2477 2478
2479 2481
2479 2786
2479 2479
2480 2790
2481 2482
2481 2483
2482 2483
2484 2485
2484 2484
2485 2486
2487 2684
2490 2616
2491 2522
2499 2508
2502 2503
2507 2508
2509 2510
2512 2585
2512 2613
2512 2586
2513 2588
2513 2589
2514 2515
2515 2617
2516 2517
2518 2620
2518 2617
2523 2523
2526 2527
2527 2528
2528 2529
2529 2530
2533 2534
2535 2536
2536 2537
2542 2656
2543 2676
2543 2675
2545 2546
2547 2548
2552 2735
2553 2554
2555 2569
2556 2630
2556 2736
2559 2561
2560 2846
2565 2831
2567 2568
2568 2570
2568 2569
2572 2575
2578 2579
2582 2717
2582 2716
2584 2587
2584 2588
2585 2592
2585 2586
2586 2587
2587 2588
2589 2590
2590 2591
2590 2592
2591 2621
2591 2592
2593 2595
2594 2605
2594 2595
2595 2669
2596 2597
2597 2598
2597 2599
2601 2602
2604 2616
2606 2607
2608 2609
2610 2672
2610 2613
2611 2671
2613 2672
2614 2686
2615 2686
2616 2668
2619 2843
2623 2626
2624 2627
2624 2625
2625 2637
2625 2645
2625 2639
2626 2627
2626 2646
2627 2636
2627 2743
2628 2629
2629 2633
2630 2631
2632 2634
2633 2634
2635 2640
2635 2638
2636 2638
2636 2637
2637 2639
2639 2640
2641 2655
2642 2643
2643 2764
2644 2644
2648 2649
2650 2652
2650 2651
2652 2653
2654 2663
2654 2655
2655 2662
2656 2658
2656 2657
2657 2658
2659 2660
2660 2661
2661 2664
2662 2664
2662 2663
2665 2666
2669 2685
2670 2671
2673 2674
2675 2676
2675 2678
2676 2677
2677 2678
2679 2742
2679 2681
2680 2741
2681 2741
2691 2691
2695 2696
2698 2699
2701 2702
2704 2839
2704 2705
2706 2816
2706 2710
2708 2712
2709 2711
2709 2710
2710 2712
2711 2712
2714 2715
2716 2717
2720 2721
2722 2852
2723 2724
2724 2852
2725 2726
2729 2731
2730 2731
2733 2734
2733 2804
2737 2738
2739 2740
2741 2742
2749 2750
2749 2749
2750 2751
2752 2752
2752 2753
2754 2755
2757 2758
2759 2760
2767 2768
2769 2769
2769 2771
2770 2771
2770 2772
2771 2772
2773 2775
2773 2774
2781 2782
2784 2784
2785 2785
2787 2789
2788 2789
2793 2793
2794 2794
2795 2795
2796 2796
2800 2800
2809 2809
2813 2813
2814 2814
2833 2834
2840 2840
2841 2842
2844 2845
2849 2850
2849 2851
