0 1015
0 618
0 738
1 618
1 2
2 955
3 4
3 954
3 619
4 620
4 5
5 616
5 6
6 481
6 475
6 622
7 393
7 989
7 391
7 402
8 99
8 891
8 84
9 45
9 104
9 84
9 46
10 46
10 982
10 173
11 385
11 394
11 846
11 19
12 915
12 917
12 169
13 171
13 1019
13 1018
14 1071
14 170
14 1043
15 309
15 466
15 17
16 464
16 463
16 111
17 833
17 159
17 832
18 1069
18 304
18 1058
19 20
19 24
20 397
20 847
20 394
21 396
21 399
21 847
22 403
22 38
22 676
23 622
23 100
23 1015
23 740
24 677
24 989
25 41
25 385
25 40
26 989
26 40
26 27
26 31
27 32
27 969
28 29
28 35
28 32
29 30
29 34
30 31
30 36
31 32
33 34
33 761
35 970
35 842
36 951
36 40
36 39
37 38
37 39
37 951
38 1001
39 41
41 1001
42 772
42 43
42 392
43 400
43 170
43 391
44 969
44 920
44 921
45 947
45 46
45 83
47 917
47 204
47 918
48 312
48 233
48 834
48 979
49 1073
49 833
49 628
50 172
50 51
51 175
51 787
52 289
52 291
52 292
53 246
53 54
53 820
54 325
54 245
55 923
55 924
55 77
56 57
56 259
56 258
57 61
57 60
57 192
58 261
58 194
58 66
59 1011
59 60
59 262
60 265
61 675
61 850
61 62
62 711
62 328
62 63
63 709
63 196
64 710
64 326
64 251
65 325
65 314
65 247
66 381
66 98
66 273
67 288
67 716
67 945
68 183
68 856
68 443
68 70
68 965
69 70
69 890
71 1081
71 558
72 187
72 73
73 972
73 563
74 972
74 567
75 987
75 789
75 778
75 985
76 910
76 791
78 923
78 890
79 909
79 806
79 692
80 540
80 806
80 152
81 176
81 102
81 841
81 796
82 460
82 436
82 725
82 991
83 84
83 812
83 150
84 180
85 181
85 146
85 444
86 841
86 408
86 996
87 408
87 88
88 536
89 530
89 90
89 927
90 927
90 91
90 495
91 489
91 496
92 491
92 552
92 496
93 649
93 551
94 1007
94 981
94 95
95 1002
95 96
96 648
96 981
97 1043
97 171
97 1044
98 373
98 382
98 755
99 446
99 891
100 458
100 433
100 609
101 451
101 607
101 893
102 103
102 841
102 993
103 791
103 790
104 910
104 179
105 946
105 944
105 945
106 107
106 131
106 772
107 108
107 129
108 109
108 154
108 112
109 164
109 167
109 912
110 133
110 167
110 860
111 135
111 983
111 994
112 914
112 917
113 140
113 133
113 155
114 134
114 136
114 140
115 126
115 120
115 127
115 159
116 125
116 127
116 1045
117 126
117 159
117 157
118 119
118 158
118 122
118 124
119 143
119 139
120 121
120 122
122 123
124 143
124 141
125 141
125 145
126 127
128 467
129 957
129 778
130 242
130 1038
130 810
131 242
131 993
132 155
132 138
132 133
134 135
134 994
135 160
136 160
136 137
137 808
137 139
138 467
138 166
138 156
139 162
139 809
140 808
141 144
142 143
144 999
144 145
145 467
146 743
146 594
146 768
147 587
147 816
147 589
147 591
148 925
148 1064
148 1061
149 1055
149 1061
149 186
150 811
150 607
151 392
151 393
151 772
152 553
152 470
152 909
153 358
153 1036
153 1035
154 1060
155 156
156 808
158 159
158 162
160 162
161 308
161 309
161 162
163 1060
163 164
164 1019
164 165
165 167
165 166
166 171
167 168
168 169
168 860
168 913
169 994
170 171
170 676
172 173
172 380
173 982
173 986
174 797
174 982
174 744
175 786
175 781
176 666
176 829
176 790
177 966
177 178
177 990
178 790
178 947
178 794
179 1031
179 944
180 892
180 1031
180 1030
181 819
181 182
183 1041
183 1079
184 586
184 185
184 582
184 592
185 593
185 585
186 584
187 973
187 565
188 346
188 340
188 352
189 190
189 316
189 901
190 252
190 669
190 670
191 209
191 314
191 319
192 193
192 673
192 674
193 265
193 215
194 755
194 753
195 328
195 253
195 256
195 327
196 712
196 285
197 248
197 710
197 253
198 251
198 286
198 282
199 203
199 405
199 201
199 202
200 407
200 201
200 405
200 406
201 202
201 407
202 488
203 405
203 204
204 205
205 206
205 404
206 694
206 365
207 680
207 679
207 869
208 688
208 881
208 885
209 707
209 313
210 803
210 317
210 707
211 838
211 367
211 836
212 1049
212 1048
213 1050
213 754
213 755
214 751
214 754
214 215
214 750
215 674
215 756
216 354
216 673
216 355
216 849
217 858
217 218
217 287
217 286
218 219
218 857
218 713
219 283
219 317
219 281
220 339
220 346
220 341
221 539
221 222
221 409
221 540
222 668
222 414
223 224
223 228
223 667
224 225
224 416
225 667
225 421
226 1082
226 992
226 971
227 422
227 228
227 425
228 412
229 230
229 761
229 231
230 231
231 719
232 637
232 638
232 963
232 964
232 962
233 234
233 235
234 235
234 745
235 275
236 275
236 237
237 276
237 748
238 749
238 239
238 277
239 278
239 279
240 746
240 278
240 988
241 968
241 979
241 976
241 833
242 469
243 1030
243 819
243 244
244 444
244 447
244 445
245 570
245 924
245 568
246 248
246 247
247 315
247 249
248 249
249 250
250 252
250 710
251 252
253 254
254 255
254 943
255 709
255 710
256 258
256 257
257 328
257 675
258 675
259 260
259 266
260 291
260 724
261 720
261 1011
262 750
262 265
263 264
263 753
263 750
266 267
266 724
267 268
267 723
268 270
268 721
269 271
269 288
269 721
270 272
270 722
271 273
271 722
272 1011
272 720
273 720
274 303
274 301
274 687
276 277
278 279
279 280
280 747
280 749
281 670
281 282
282 669
283 329
283 331
284 858
285 326
285 286
285 858
288 290
289 294
289 290
290 291
293 295
293 782
293 784
294 782
294 295
295 296
296 300
296 297
297 362
297 359
298 359
298 299
298 358
299 784
299 786
300 381
300 361
301 302
301 679
302 680
302 682
303 775
303 776
304 766
304 845
305 1069
305 306
305 845
306 1034
306 307
308 464
308 310
309 310
310 465
310 406
311 466
311 916
311 956
312 916
312 834
312 956
313 316
313 315
314 315
316 317
317 708
318 321
318 1005
318 323
318 320
319 321
319 320
320 803
321 322
322 699
322 351
323 351
323 695
324 961
324 325
324 347
326 709
329 384
329 330
330 1087
330 331
331 859
332 335
333 335
333 919
334 702
334 335
334 336
336 700
336 760
336 338
337 338
338 341
339 575
339 572
340 695
340 700
341 342
343 821
343 578
343 344
344 345
344 346
345 821
345 1047
347 821
347 348
347 820
348 699
348 696
349 1047
349 696
349 350
350 352
350 697
350 695
351 698
352 1047
353 878
353 384
353 756
355 356
355 674
357 375
357 852
357 362
358 366
359 360
360 366
360 839
361 851
361 362
361 852
363 729
363 694
363 365
364 365
364 717
364 1035
366 372
367 369
367 759
368 370
368 759
368 371
369 694
369 370
370 371
371 729
372 759
372 377
373 758
373 757
374 376
374 758
374 375
375 378
376 377
376 379
377 379
378 839
378 379
380 468
380 787
381 851
382 902
382 851
383 384
385 387
386 388
386 390
386 389
387 388
387 390
388 1001
389 396
389 846
390 846
391 401
392 393
394 395
395 847
395 396
395 846
397 779
397 398
398 401
398 399
398 847
399 400
400 401
401 402
402 779
403 1007
403 848
403 762
404 1010
405 406
407 662
408 903
409 903
409 410
410 414
410 411
411 424
411 423
412 424
412 413
413 415
413 414
415 1000
415 668
416 420
416 477
417 823
417 477
417 827
418 827
419 470
419 421
419 420
420 421
422 429
422 995
423 429
423 795
424 995
425 426
425 427
426 428
426 427
427 735
428 736
428 429
430 1025
430 826
430 1024
431 824
431 1075
431 435
431 825
432 434
432 610
432 623
432 896
433 608
433 732
434 608
434 732
435 1014
435 894
435 479
436 1014
436 731
437 731
438 726
438 1074
438 1075
439 441
439 440
439 442
442 777
442 985
443 743
443 742
444 819
444 818
445 892
445 950
445 853
446 451
446 950
447 853
447 814
447 603
448 950
448 853
448 949
449 853
449 450
449 603
450 1065
450 1066
451 454
451 452
452 949
452 453
453 456
453 455
454 893
454 740
454 456
457 459
457 1017
457 461
457 731
458 893
458 461
459 811
459 460
460 812
460 1039
461 462
463 465
463 918
464 465
468 788
468 799
469 1038
469 898
470 471
470 480
471 486
471 553
471 481
472 473
472 486
472 487
473 474
473 483
474 482
475 610
475 623
475 480
476 828
476 823
476 734
477 478
478 479
478 1070
479 825
479 897
480 1070
481 487
482 487
482 615
482 554
483 484
483 485
483 805
484 693
485 486
485 553
488 764
488 773
489 813
489 495
490 491
490 493
490 497
490 504
491 813
492 493
492 998
492 507
492 501
493 500
493 503
494 507
494 508
494 501
495 904
495 499
496 813
497 500
497 813
497 499
498 500
498 513
498 507
498 499
499 514
501 502
502 503
502 505
503 504
504 552
504 546
505 506
506 549
506 546
506 548
507 510
508 510
508 516
509 510
509 516
509 512
509 520
510 511
511 513
511 512
511 518
512 518
513 514
514 519
514 515
515 904
515 905
515 524
517 524
517 519
517 522
518 519
520 521
521 522
522 523
523 525
523 542
524 526
525 534
525 539
526 533
526 527
527 534
527 538
528 529
528 538
528 535
529 530
529 536
530 532
531 533
531 905
531 532
532 533
534 537
535 536
535 537
537 538
539 1051
540 542
541 542
543 549
543 548
543 649
543 544
544 545
544 650
544 550
546 547
546 550
548 549
549 550
550 650
551 650
551 552
553 693
555 613
555 737
555 952
556 557
556 738
558 663
558 559
559 560
559 1081
560 561
560 974
561 663
562 1053
563 567
563 565
563 564
564 566
564 664
565 664
566 568
566 665
567 665
568 570
569 570
571 574
571 572
571 714
572 573
573 574
575 576
575 578
576 577
577 714
578 715
579 581
579 582
579 583
580 586
580 581
580 1064
581 925
582 587
583 584
583 925
584 925
585 1063
585 586
587 588
588 589
588 590
589 590
590 598
591 817
591 592
592 593
593 817
594 595
594 816
595 597
595 596
596 599
596 816
597 599
597 814
598 605
598 599
600 1067
601 605
601 606
601 602
602 604
602 1065
603 604
604 815
605 815
607 855
608 609
609 623
610 895
611 804
611 613
611 614
612 804
612 617
612 613
614 1040
614 616
615 1040
616 804
617 617
620 621
620 622
622 623
624 634
624 963
624 647
624 630
625 642
625 627
625 626
626 628
626 638
627 628
627 1012
629 630
629 1046
629 642
630 631
631 632
632 633
633 635
633 634
634 831
635 831
635 830
635 636
636 1006
636 1003
637 644
637 645
638 639
638 642
639 640
639 641
640 643
640 641
641 644
643 655
643 659
644 655
645 646
648 959
648 911
651 652
651 658
651 654
652 653
652 661
653 654
654 659
655 656
656 657
656 807
657 660
657 658
658 807
659 807
662 834
662 956
663 900
664 900
665 948
666 795
666 736
667 668
669 670
671 849
672 712
672 850
672 849
673 850
674 854
676 1071
678 993
678 966
678 967
679 870
680 681
681 684
682 684
682 683
683 1021
684 1026
685 776
686 687
687 958
688 865
688 882
688 689
689 690
689 888
690 866
690 691
691 1086
691 764
692 693
692 909
696 697
697 698
698 699
700 701
701 930
701 935
701 934
702 940
702 937
703 704
703 940
703 1052
705 941
705 1057
705 935
706 802
707 802
711 712
714 715
715 820
716 965
716 946
717 835
717 718
719 981
719 1007
720 722
721 722
721 723
723 724
723 1028
724 1029
725 727
725 1074
726 733
726 727
727 971
728 959
729 730
731 732
733 1082
733 734
734 826
735 1023
735 736
738 1015
739 740
741 742
742 743
744 990
744 797
746 977
746 747
747 749
751 756
751 752
751 1048
753 754
757 836
757 1049
758 902
761 762
762 763
764 865
765 1068
766 767
769 771
770 771
770 962
773 774
773 775
775 776
777 957
777 778
779 780
781 788
781 785
782 783
783 785
783 784
785 786
787 1033
788 1033
789 917
789 987
791 792
793 794
795 796
796 903
797 798
798 799
799 967
800 1005
800 980
800 801
802 803
806 909
808 809
811 855
811 812
812 1032
814 815
816 817
822 991
822 971
823 824
824 825
826 1024
827 828
828 1024
829 997
829 992
830 1046
831 1006
833 1073
833 968
836 837
839 840
841 926
843 1008
843 844
843 884
844 887
844 889
848 928
848 1007
849 858
852 902
855 1017
856 890
860 994
861 866
862 865
863 867
863 866
863 864
868 874
868 869
868 871
869 878
870 1020
870 872
871 873
871 876
872 876
872 883
873 875
873 874
873 880
874 1054
875 876
875 1009
875 1008
877 879
877 1054
877 880
878 1054
880 1009
881 1020
881 886
882 887
882 922
883 884
884 885
885 887
891 892
894 896
894 897
895 897
895 896
899 900
904 906
905 906
906 927
907 908
908 965
908 946
910 947
912 913
912 914
913 915
914 915
916 968
916 979
917 918
920 970
921 969
921 970
923 924
928 1071
928 1044
929 930
929 931
929 934
930 937
932 932
932 941
933 934
933 933
935 936
936 936
937 938
938 938
939 940
939 939
941 942
944 945
947 991
949 1066
952 954
952 953
953 955
954 955
957 990
958 1086
958 1020
959 960
962 964
963 964
966 967
973 1053
975 977
976 977
976 978
982 985
984 1037
985 986
986 1036
986 987
987 1037
987 1036
988 988
989 993
990 1038
991 997
992 997
1002 1004
1002 1003
1003 1004
1004 1006
1005 1027
1008 1009
1013 1014
1016 1017
1018 1019
1018 1060
1022 1082
1022 1023
1022 1025
1023 1025
1030 1031
1035 1037
1036 1037
1041 1042
1041 1076
1042 1062
1042 1077
1043 1044
1048 1050
1049 1050
1053 1081
1055 1056
1058 1059
1058 1073
1061 1062
1062 1063
1063 1064
1065 1067
1066 1067
1068 1072
1068 1069
1074 1075
1078 1079
1079 1080
1083 1084
1084 1085
1084 1086
