0 598
0 1022
0 594
1 152
1 86
1 820
2 71
2 838
3 690
3 6
4 361
4 691
4 70
5 56
5 360
5 691
6 163
6 157
7 10
7 8
7 900
8 11
8 899
9 900
9 16
9 899
10 561
10 558
11 12
11 13
12 13
12 971
13 552
14 733
14 552
14 880
15 961
15 733
15 551
16 558
16 551
16 943
17 879
17 18
17 733
17 30
18 581
18 21
19 586
20 170
20 509
20 24
21 990
21 25
21 22
22 30
22 580
23 184
23 580
23 169
24 25
26 580
26 27
26 28
27 184
27 168
28 32
28 29
29 31
29 30
31 32
31 33
31 34
32 33
32 168
33 186
34 35
34 733
36 987
36 297
36 738
37 738
37 47
37 759
38 754
38 943
38 901
39 963
39 576
39 460
39 965
40 965
40 305
40 52
40 51
41 434
41 937
41 936
42 1070
42 320
42 210
43 328
43 330
43 847
44 894
44 166
44 608
45 1060
45 149
45 355
46 1023
46 453
46 120
47 987
47 723
47 984
48 316
48 326
48 792
49 1083
49 1084
49 1066
50 316
51 576
51 330
52 721
52 53
52 919
53 54
53 423
54 793
54 55
55 349
55 847
56 692
56 654
57 871
57 58
57 989
58 382
58 384
59 60
59 540
59 163
60 61
60 528
60 539
61 654
61 344
61 647
62 63
62 361
62 380
63 597
63 605
64 646
64 647
64 151
65 67
65 392
66 818
66 385
67 840
67 70
68 138
68 386
69 70
69 138
69 388
71 385
71 388
72 614
73 75
73 83
73 82
74 76
74 83
74 134
75 92
75 131
76 133
76 88
77 78
77 137
77 1032
78 356
78 612
78 137
79 82
79 89
79 84
80 833
80 465
80 835
80 906
81 89
81 85
81 94
82 797
82 795
83 84
84 85
84 833
85 353
85 1021
86 87
87 332
88 133
88 883
89 90
90 91
92 93
92 132
95 467
95 494
95 466
96 97
96 101
96 1050
97 865
97 569
98 115
98 99
98 569
99 100
99 113
100 883
100 101
101 1051
101 883
102 104
102 105
102 974
103 417
103 422
103 424
104 849
104 513
105 119
105 423
105 849
106 995
106 107
106 470
107 118
107 116
108 642
108 786
108 109
109 112
109 111
110 111
110 113
110 112
111 122
112 860
113 115
113 114
114 122
114 116
114 975
115 116
115 277
116 719
117 474
117 472
117 118
117 513
118 975
118 974
119 975
119 458
119 721
120 187
120 458
120 918
121 122
123 125
123 155
123 144
124 303
124 640
124 128
125 882
125 126
126 135
126 640
127 681
127 295
127 296
128 1055
128 303
129 635
129 136
129 346
130 738
131 132
131 459
132 613
133 1082
134 1082
134 832
134 836
138 966
139 140
139 457
139 150
140 141
140 457
141 142
141 148
142 302
142 148
143 144
143 302
143 155
144 640
145 860
145 146
145 155
146 786
146 147
147 890
147 786
148 454
148 304
149 355
149 454
150 455
150 456
151 691
151 648
151 152
152 361
153 819
153 354
153 605
154 834
154 819
154 906
156 844
156 537
156 689
157 158
157 382
158 542
158 159
159 160
159 383
161 543
161 542
161 162
162 163
164 853
164 435
165 560
165 937
166 193
166 560
167 315
168 750
168 185
168 507
169 178
169 170
170 174
171 1087
171 799
171 585
172 586
172 799
172 808
173 179
173 455
173 985
173 355
173 1041
174 810
174 584
175 723
175 810
175 812
176 739
176 182
176 178
177 734
177 181
177 507
178 183
178 582
179 183
179 182
180 1042
180 181
180 182
180 734
181 439
183 724
184 582
185 511
185 579
186 579
186 750
187 1081
187 451
187 452
188 439
188 448
188 447
188 450
188 1059
189 865
189 296
189 569
189 866
190 191
190 217
190 291
190 1038
191 831
191 1037
191 192
192 217
192 872
193 208
193 559
194 196
194 412
194 694
195 608
195 208
195 671
195 672
196 236
196 411
197 235
197 237
197 198
198 400
198 238
198 246
199 1075
199 1086
199 263
200 259
200 420
200 256
201 246
201 238
201 243
201 244
202 410
202 644
202 404
203 204
203 429
203 644
204 428
204 411
204 431
205 412
205 206
205 428
206 412
206 397
206 207
207 672
207 427
207 209
207 432
208 209
209 516
210 351
210 670
210 211
211 409
211 427
212 681
212 864
212 277
213 720
213 214
213 864
214 680
214 944
214 269
215 289
215 291
215 290
216 872
216 866
216 217
216 1080
217 1080
218 476
218 229
218 480
219 478
219 221
219 673
220 227
220 221
220 225
221 222
222 223
222 225
222 224
224 571
224 481
224 396
225 228
226 227
226 232
226 230
227 229
227 228
228 394
228 928
229 230
230 231
231 232
231 869
232 818
233 394
233 928
233 391
233 395
234 869
234 870
234 861
234 248
234 364
235 694
235 241
236 1002
236 241
237 240
237 238
239 570
239 410
239 1002
240 241
240 244
242 570
243 897
243 704
244 415
245 704
245 246
245 1096
247 402
247 401
247 592
248 401
248 400
248 861
249 978
249 251
249 695
250 251
250 1020
250 1096
251 868
252 280
252 715
252 735
253 776
253 1096
253 784
254 261
254 263
254 257
254 272
255 779
255 1091
255 704
256 897
256 898
257 258
257 260
258 263
258 259
259 1075
260 280
260 1093
261 265
261 262
262 369
262 471
262 473
264 267
264 271
264 273
265 269
265 267
266 267
268 273
268 269
268 275
270 945
270 275
270 281
271 272
271 698
272 280
273 274
274 275
274 276
276 703
276 279
277 719
278 1009
278 1007
278 703
278 1012
279 701
279 736
281 944
281 798
282 946
282 284
282 288
283 284
284 1010
285 287
285 714
285 288
286 1012
286 946
286 947
287 288
287 638
289 292
289 290
290 624
290 1006
291 686
292 1005
292 1036
293 294
294 295
294 1079
296 687
297 298
297 299
298 299
298 628
299 300
300 915
300 773
300 301
301 984
301 1064
301 987
302 915
303 915
304 885
305 452
305 917
306 852
306 370
306 310
307 371
307 712
307 308
307 757
308 372
308 309
309 1031
309 851
310 311
311 576
311 312
312 749
312 313
313 1085
313 315
313 958
314 329
314 960
314 576
315 316
316 792
317 706
317 325
317 327
318 435
318 1070
318 319
319 320
319 321
320 973
321 706
321 973
322 973
322 323
322 769
323 407
323 1069
324 856
324 413
324 349
325 1067
325 326
325 912
326 327
326 437
327 436
328 910
328 911
329 330
329 1084
331 820
331 606
331 354
332 855
332 380
332 688
333 718
333 904
333 922
334 603
335 824
335 339
336 821
336 823
336 599
337 338
337 1014
338 339
339 1025
340 743
340 341
340 1003
341 343
341 342
342 343
342 648
343 645
344 731
344 651
345 746
346 1055
346 631
347 976
347 879
347 977
348 349
348 350
348 1023
349 1076
350 1066
350 910
351 1033
351 607
351 1068
352 894
352 607
353 354
353 833
355 455
356 993
357 613
358 740
358 359
358 692
359 740
361 590
362 527
362 826
362 926
362 496
363 526
363 828
363 697
364 572
364 402
364 523
364 524
365 482
365 841
365 842
366 504
367 1090
367 932
367 573
368 519
368 766
368 574
369 994
369 764
370 1047
371 850
371 462
372 555
372 712
373 892
373 891
373 557
374 604
374 705
374 567
375 627
375 376
375 1028
376 626
377 595
377 594
377 597
377 604
378 575
378 873
378 381
379 529
379 528
379 690
380 591
381 967
381 873
382 948
383 948
384 989
384 948
384 1078
385 389
386 614
386 387
387 390
387 840
388 615
389 390
389 855
390 838
391 393
391 928
391 818
392 861
392 393
393 395
394 593
394 396
395 397
395 593
396 571
397 398
398 432
398 593
399 516
399 710
399 432
400 401
400 861
402 695
402 592
403 404
403 418
403 408
403 417
404 405
405 430
405 406
406 769
406 407
407 938
408 413
408 416
408 938
409 431
409 769
410 419
411 429
413 1076
414 416
414 793
414 1076
415 420
415 570
416 417
418 514
418 419
419 515
420 515
420 1075
421 513
421 425
421 422
422 423
424 425
424 473
425 426
427 428
429 1002
430 431
430 644
433 517
433 936
433 710
434 446
434 443
435 436
436 437
438 642
438 1063
438 641
439 1046
439 449
440 441
440 469
440 598
441 468
441 905
442 922
442 464
442 905
442 941
443 444
443 445
443 446
444 593
444 446
445 942
445 571
447 1063
447 448
448 449
448 790
449 790
450 643
450 896
450 1062
451 1081
451 545
452 1083
453 919
453 787
454 457
455 457
456 1065
456 985
459 1052
459 613
459 797
460 963
460 1047
461 1047
462 556
462 463
462 1049
464 921
464 468
464 466
465 466
465 467
465 921
466 922
467 1021
468 913
469 475
470 720
470 471
471 998
472 473
472 474
473 1086
474 764
475 941
475 718
476 477
476 484
477 478
477 483
478 482
479 480
479 492
479 870
480 707
481 881
482 483
483 484
484 929
485 930
485 846
485 929
486 487
487 1073
487 1074
488 668
488 846
489 761
489 490
490 491
491 707
491 492
492 767
493 494
493 603
494 495
496 500
496 589
496 978
497 925
497 501
497 981
498 926
498 499
498 925
499 500
499 501
499 502
500 501
503 763
503 746
503 816
504 518
504 842
505 1089
505 518
505 521
506 1058
506 510
506 791
506 790
507 739
508 1045
508 1060
508 1042
509 878
510 512
510 511
511 512
512 758
514 515
514 1086
516 709
517 709
517 559
518 530
519 531
519 530
520 532
520 574
520 979
521 1034
521 530
522 932
522 536
522 523
523 536
524 536
524 695
524 589
525 535
525 589
525 827
526 1035
526 923
527 837
527 981
528 538
529 688
529 537
530 843
531 532
533 697
533 534
533 1035
533 1090
534 932
534 535
535 536
537 688
540 541
540 543
541 696
541 845
542 543
542 544
545 546
545 579
546 550
546 549
546 547
547 588
547 548
548 549
549 917
551 565
552 562
553 562
553 564
553 565
554 1085
555 891
555 954
556 901
556 755
557 953
557 558
559 560
562 563
565 566
567 568
567 1026
568 604
568 1028
572 573
572 1073
573 979
574 931
575 838
575 967
577 912
577 1071
577 856
578 940
578 1066
578 939
579 755
581 875
581 877
582 583
586 587
590 591
590 730
591 873
592 868
594 605
595 596
595 599
595 606
596 597
596 820
596 601
597 1028
598 606
599 601
599 600
601 602
602 821
602 645
607 608
607 893
609 635
609 610
611 614
611 796
612 795
612 796
616 621
616 619
616 617
617 618
617 619
618 618
619 624
620 622
620 621
621 622
623 1006
623 625
623 624
626 950
628 914
628 636
629 630
629 631
629 773
630 632
631 773
632 633
633 634
633 636
634 774
634 635
636 774
637 638
637 639
638 639
641 970
641 1058
642 643
643 775
645 920
645 933
646 647
646 649
646 731
648 649
649 666
650 659
650 662
650 651
651 902
652 662
652 653
652 816
653 814
653 1016
654 655
655 656
655 657
656 817
656 657
657 817
658 817
658 815
658 814
659 661
659 660
660 859
660 661
660 988
661 662
663 664
663 1016
663 665
667 731
668 761
669 730
670 927
670 671
671 1072
672 1072
674 675
674 683
674 682
675 676
675 685
676 678
676 677
677 682
677 678
678 679
679 680
681 682
683 684
684 685
686 729
687 687
690 855
693 694
695 978
697 825
698 736
698 737
699 700
699 701
699 736
700 716
700 737
701 702
702 703
702 1012
704 898
705 1026
705 1030
706 1069
707 708
709 710
711 712
713 714
714 798
715 716
715 737
716 717
717 785
717 735
718 858
718 904
719 863
720 863
721 722
722 789
722 787
723 811
724 1053
724 983
725 726
725 935
725 1022
726 727
726 982
727 778
727 1040
728 935
728 1038
728 1037
729 1079
730 873
730 837
731 794
732 924
734 1019
735 781
739 1019
740 871
741 755
742 753
742 749
742 756
743 1025
743 752
744 757
745 751
745 754
745 747
746 762
748 750
754 757
760 876
760 874
762 1014
762 763
763 859
763 988
764 765
766 841
766 999
768 938
770 907
770 1062
770 772
771 772
771 775
771 908
772 775
776 779
776 784
777 783
778 782
778 780
779 781
780 783
781 785
784 785
787 788
792 1067
795 1052
796 1052
797 1052
798 944
799 800
800 801
800 804
802 808
803 811
804 805
804 806
807 810
808 811
809 812
812 1053
813 968
813 1003
814 1015
816 988
819 906
821 822
821 920
822 934
822 823
822 920
823 824
824 934
825 828
825 827
826 828
826 827
826 966
829 835
829 832
829 836
830 832
830 831
830 839
830 1051
831 1050
831 839
834 839
834 835
837 840
841 843
842 843
847 1071
848 849
850 852
850 851
851 852
853 1088
853 854
854 1033
854 893
856 1069
857 858
857 904
859 1004
859 1014
860 1024
862 964
862 911
862 912
863 864
865 867
866 867
867 872
869 870
874 876
874 875
875 877
876 878
877 878
879 972
879 880
880 972
884 1001
884 909
884 991
885 887
885 1000
886 991
886 1001
886 888
887 889
887 1000
888 889
888 992
889 890
890 992
891 892
893 1088
895 896
896 1063
897 898
899 900
901 916
902 1017
902 903
905 941
906 921
907 909
907 908
908 909
910 964
911 1071
916 943
916 961
917 963
918 1058
918 1081
919 1023
920 933
923 1089
924 975
924 970
925 926
929 931
930 931
930 980
933 934
935 1022
936 937
939 1085
939 940
940 1067
943 961
945 1010
945 1009
946 947
946 1011
947 1008
949 950
950 1030
951 954
952 953
953 954
955 956
956 957
956 958
958 960
959 960
962 964
963 965
966 967
968 1004
969 970
971 1077
972 976
973 1069
974 975
976 977
976 1077
977 1077
979 980
980 1074
983 1065
983 986
983 985
984 1064
986 1057
989 1078
991 992
994 995
994 996
995 997
996 997
996 998
997 998
1000 1001
1005 1008
1005 1006
1006 1008
1007 1011
1007 1010
1009 1010
1011 1012
1013 1016
1014 1025
1018 1019
1021 1095
1027 1030
1029 1030
1033 1068
1034 1035
1034 1090
1037 1038
1037 1040
1039 1040
1041 1042
1041 1060
1043 1045
1043 1044
1043 1046
1044 1045
1044 1061
1046 1059
1047 1048
1048 1049
1050 1051
1053 1054
1055 1056
1059 1061
1061 1062
1064 1065
1068 1070
1073 1074
1079 1080
1083 1084
1091 1093
1091 1092
1093 1094
