0 3404
0 65
0 2240
1 2
1 2241
2 27
2 3217
3 2240
3 224
3 29
4 21
4 20
4 1515
5 529
5 2333
5 6
6 3872
6 1321
7 306
8 2218
8 3221
9 267
9 293
9 291
9 288
9 265
10 1396
10 287
10 296
11 3199
11 1396
11 12
12 13
12 289
12 16
13 847
13 846
13 841
14 838
14 846
14 844
15 1354
15 519
15 1353
16 290
16 2291
17 18
17 816
17 724
18 211
18 815
18 396
19 407
19 406
19 211
20 1516
20 3724
21 1514
21 1511
22 3291
22 3289
22 3156
22 3290
23 504
23 24
23 3213
24 67
24 504
25 68
25 3290
25 67
26 3661
26 3462
27 28
27 3218
28 1151
28 31
29 1428
29 3667
30 3384
30 1428
30 2538
31 228
31 3667
32 33
32 39
32 35
33 34
33 61
34 35
34 1120
35 66
36 37
36 41
36 42
37 38
37 71
38 224
38 3447
39 3448
39 2139
39 59
40 41
40 3455
40 3448
41 42
42 71
42 3658
43 558
43 556
43 557
44 558
44 559
44 560
45 564
45 559
45 555
45 3687
46 49
46 556
46 3687
46 1516
46 1518
47 189
47 3446
47 187
47 559
48 194
48 188
48 189
49 1518
49 1342
49 1339
49 2221
50 412
50 301
50 216
50 302
51 212
51 197
51 299
51 198
52 154
52 145
52 445
52 2360
53 54
54 55
54 3462
55 1458
55 3150
56 3073
56 1464
56 3151
56 1465
57 3339
57 58
57 69
58 1464
58 1463
59 60
59 225
59 3447
60 61
60 225
61 527
62 138
62 3737
63 68
63 1520
63 3737
64 65
64 3217
64 1520
65 66
66 2241
67 1520
69 70
69 3339
70 3452
70 3368
70 3727
71 87
71 1771
71 1142
72 1507
72 1142
72 3363
72 3321
73 3631
73 3078
73 3806
73 1453
74 75
74 1262
74 78
75 78
75 76
75 84
76 229
76 84
77 1253
77 229
77 1256
78 3320
79 3378
80 3889
80 3325
81 83
81 108
81 1151
82 1152
82 1277
82 3782
83 1250
83 2394
84 3619
85 86
85 1150
86 2390
86 1257
86 1149
87 1377
87 1505
88 1474
88 1506
88 1480
89 3336
89 1501
89 1495
89 1272
89 3337
90 96
90 94
90 91
91 93
91 1977
92 3636
92 1957
92 3739
92 3863
93 1772
93 94
94 95
95 3741
95 96
96 3148
97 2420
97 1251
97 3470
98 99
98 2424
98 1855
98 3286
99 100
99 2123
100 101
100 2426
101 102
101 2426
102 110
102 103
103 3874
103 1248
104 2412
104 3874
104 3875
105 2426
105 2117
105 2412
106 1248
106 3705
106 109
106 110
107 1248
107 3281
108 2413
109 3705
109 2413
110 3782
111 2510
111 3333
111 112
112 113
112 2510
113 2530
113 1034
113 3473
114 744
114 872
114 1074
115 2544
115 1081
115 1082
115 743
116 927
116 3884
116 928
117 159
117 118
117 1113
117 1522
118 159
118 1105
118 651
118 930
119 2534
119 3419
119 1375
120 2535
120 2534
120 121
121 122
121 461
122 461
122 123
123 3375
123 2533
124 2533
124 125
124 2535
125 126
125 2533
126 3106
126 1436
126 2738
127 3293
127 385
127 532
128 498
128 496
128 495
128 383
129 346
129 367
129 351
129 368
130 667
130 668
130 131
131 670
131 634
131 367
132 155
132 133
132 2361
132 684
133 134
133 683
133 454
134 2305
134 682
134 443
135 434
135 435
135 425
136 860
136 1122
136 440
136 535
137 3145
137 909
137 3092
138 1398
138 3738
139 1493
139 141
139 3095
140 1493
140 1122
140 535
141 1215
141 3092
141 3145
142 143
142 1121
142 2240
143 3738
143 3093
144 2385
144 684
144 681
145 156
145 146
146 3362
146 445
146 2307
146 2308
146 147
147 3385
147 3362
148 401
148 398
148 602
149 2302
149 1091
149 3159
150 1761
150 578
150 3815
151 161
151 3827
151 569
151 1763
152 153
152 3714
152 570
152 1765
152 3842
153 1767
153 160
153 2144
154 446
154 663
154 156
155 452
155 643
155 456
156 1670
157 2385
157 647
157 643
158 3252
159 3898
159 1112
160 3714
160 547
160 2144
161 167
161 1788
161 1790
162 3097
162 3901
162 3096
162 3714
163 3665
163 3901
163 3768
164 165
164 1989
164 3895
165 1954
165 2076
166 2079
166 2456
166 2455
167 1278
167 2352
167 3214
168 3246
168 169
168 2350
168 3214
169 2350
169 3279
170 2054
170 2053
170 2059
171 2051
171 1665
171 2059
172 2224
172 2233
172 2234
173 3126
173 174
173 3090
175 1764
175 3808
175 571
175 1762
175 3125
176 542
176 3125
176 543
176 1410
177 549
177 3487
177 550
178 193
178 204
179 3877
179 584
179 607
179 1283
179 3342
180 629
180 630
180 626
181 859
181 3657
181 242
181 3138
182 2357
182 186
182 183
183 184
183 2339
184 2339
184 185
185 2338
185 2358
186 2338
186 2357
187 562
187 188
188 189
188 190
189 2546
190 206
190 207
191 192
191 206
191 195
192 205
192 193
192 3820
193 194
193 208
194 2253
195 3820
195 554
195 567
196 208
196 2253
196 3666
197 200
197 262
197 213
198 200
198 818
199 818
199 3091
199 3143
200 3326
201 554
201 548
201 551
202 526
202 554
202 203
203 1333
203 526
203 3302
204 205
204 207
205 207
205 206
208 209
209 3826
209 3923
210 549
210 553
210 2295
211 407
212 213
212 3729
212 298
213 261
213 501
214 3832
214 298
214 3161
214 216
215 261
215 265
215 250
215 252
216 300
216 299
217 1773
217 3783
217 3313
217 1785
218 219
218 748
218 1698
219 747
219 1694
219 1693
220 974
220 985
220 986
221 1309
221 1136
221 1093
221 1090
222 1169
222 1734
222 1754
222 1757
223 1524
223 1329
223 1281
224 560
225 2140
226 2140
226 3447
226 3446
226 561
226 3725
227 255
227 257
227 698
227 254
228 1428
228 3097
229 1970
230 3632
230 3680
230 1155
231 3176
231 3442
231 3710
231 1224
231 3180
232 236
232 233
232 1233
233 236
233 3438
234 235
234 3437
234 3438
235 3437
235 3311
236 1238
237 239
237 238
237 737
238 3270
238 239
239 2530
240 1032
240 1043
240 1040
241 1032
241 872
241 885
242 3490
242 2332
243 245
243 2332
243 3493
244 1710
244 1823
244 3222
244 3223
245 390
245 851
246 247
246 258
246 259
247 274
247 693
247 248
248 1400
248 3094
249 280
249 275
249 250
249 251
250 280
250 260
251 252
251 274
251 279
252 266
253 281
253 503
253 276
253 2288
254 904
255 3843
255 699
256 902
256 911
256 2599
256 910
257 906
257 3844
258 502
258 1125
259 502
259 275
260 261
260 501
261 264
262 264
262 263
262 291
263 292
263 3326
264 265
265 266
266 267
266 279
267 285
267 278
268 278
268 272
268 274
269 270
269 297
269 288
270 277
270 285
271 437
271 439
271 438
272 277
272 1402
272 1400
273 1509
273 3211
273 1510
273 1519
274 275
275 503
276 535
276 282
276 284
277 286
277 3211
278 279
278 286
280 503
280 281
281 282
281 501
282 283
282 3729
283 284
283 3729
284 439
285 286
287 289
287 294
288 294
289 293
289 290
290 292
291 292
292 293
293 294
294 295
295 296
295 297
296 1394
297 3211
298 299
299 3142
300 816
300 301
300 3141
301 817
302 3161
302 408
303 816
303 817
303 724
304 1132
304 305
304 1405
305 307
305 1101
306 1102
306 1207
307 2492
307 3342
308 375
308 694
308 695
309 372
309 374
309 310
309 375
310 534
310 533
311 373
311 370
311 312
312 351
312 339
313 1096
313 580
313 1087
313 587
314 315
314 458
314 664
315 665
315 662
315 458
316 828
316 3164
316 490
316 2382
316 2373
317 331
317 318
317 2358
318 329
318 328
319 329
319 327
319 320
320 324
320 835
320 321
321 2382
321 834
322 323
322 474
322 462
322 475
323 835
323 327
323 326
324 330
324 325
325 828
325 831
326 834
326 2383
327 328
328 475
329 330
330 331
331 831
331 829
332 1443
332 491
332 490
333 334
333 1712
333 1443
333 335
333 342
334 335
334 357
334 1712
335 336
335 356
336 342
336 2366
336 355
337 1437
337 2367
337 344
337 2366
338 341
338 339
338 2367
339 340
339 534
340 341
340 495
340 499
341 1437
341 494
342 1440
343 1712
343 485
343 362
344 345
344 355
345 346
345 353
345 352
346 2359
347 367
347 2359
347 348
348 349
348 365
349 350
349 2359
350 2364
350 366
351 352
351 369
352 2367
353 355
353 358
354 1397
354 359
354 358
354 2363
355 356
356 2363
356 358
357 363
357 2363
358 2364
359 360
359 363
359 1397
360 361
360 364
361 362
361 640
362 363
362 486
364 3423
364 635
365 366
365 3423
366 1397
367 668
368 669
368 666
369 370
369 669
370 371
370 662
371 661
371 372
372 373
373 534
374 377
374 376
375 376
376 545
377 379
377 378
378 533
378 380
379 546
379 380
380 498
380 381
381 546
381 386
381 382
382 384
382 383
383 3165
384 3294
384 386
385 3165
385 2335
386 2333
387 2334
387 388
387 546
387 696
388 389
388 393
388 394
389 391
389 390
390 394
391 392
391 851
392 393
392 3285
392 3352
393 696
394 395
395 853
395 852
396 2277
396 402
396 3828
397 722
397 2306
397 398
398 594
399 400
399 599
399 2306
400 648
400 602
401 602
401 3159
402 3159
402 403
403 404
403 3387
404 405
404 2254
405 820
405 819
406 2255
406 2275
407 1354
407 500
408 411
408 426
408 412
409 410
409 421
409 412
409 417
410 420
410 411
411 419
412 413
413 414
413 421
414 416
414 415
415 2307
415 817
416 417
416 421
417 418
417 445
418 427
419 2304
419 420
422 423
423 2304
423 424
424 432
424 425
424 433
425 3638
426 431
426 429
427 2387
427 428
428 433
428 720
429 3638
429 432
430 437
430 435
430 3638
431 2304
431 432
433 2305
434 2305
434 436
435 436
436 2389
437 440
438 439
438 2293
440 441
441 442
441 908
442 908
442 907
443 454
443 455
444 460
444 455
444 445
445 3867
446 447
446 450
446 2360
446 3866
447 3373
447 3866
448 664
448 458
448 663
448 449
449 459
449 3373
450 460
450 2362
450 3373
451 3373
451 671
451 456
451 452
452 644
452 670
453 2362
453 454
453 460
453 2361
454 455
456 2361
456 2362
457 672
457 459
457 666
457 3373
458 459
459 665
460 3868
461 2597
462 463
462 480
463 480
463 3596
464 469
464 484
464 465
465 466
465 479
466 1320
466 467
467 468
467 3163
468 3163
468 469
469 484
470 471
470 1320
470 481
470 473
471 3405
471 472
472 474
472 473
473 3597
474 2383
475 480
476 483
476 481
476 479
476 1320
477 3419
477 482
477 483
478 3419
478 479
478 930
478 509
479 483
481 482
482 483
484 485
485 486
486 640
487 2383
487 488
487 3405
488 489
488 2382
489 490
489 836
491 1438
491 492
492 2373
492 3164
493 824
493 494
493 1437
494 496
494 495
496 497
497 2335
497 826
498 499
499 533
500 821
500 822
502 503
503 2288
504 2260
505 3310
505 731
505 655
506 729
506 733
506 725
506 654
507 866
507 2552
507 887
508 2589
508 3481
508 2595
509 652
509 3419
510 2097
510 2438
510 2006
511 1664
511 1861
511 3099
511 3376
512 2449
512 3565
512 3813
513 3219
513 2451
513 3742
513 3560
514 3334
514 2481
514 3104
515 2450
516 1281
516 1241
516 1132
517 2481
517 1280
517 1241
518 519
518 815
518 3637
519 838
520 524
520 1316
520 2279
521 819
521 820
522 523
523 2279
523 2280
523 525
524 3196
524 525
525 3347
526 2294
527 3217
527 1120
528 2336
528 2337
528 531
529 531
529 530
530 531
530 3293
532 2335
532 2336
536 1319
536 1305
536 1313
537 3488
537 538
537 3383
537 2300
538 2298
538 3488
538 2299
539 2296
539 572
539 1308
540 2219
540 541
540 2296
541 2297
541 543
541 2219
542 1765
542 571
543 2297
544 1284
544 1300
544 1299
545 695
545 546
547 2353
547 2354
548 3923
548 3820
549 551
550 551
550 3923
552 553
553 2246
555 556
555 558
556 557
557 1517
560 3726
561 3725
561 1118
562 564
562 563
563 1118
563 565
563 567
564 3105
564 566
565 1340
565 3105
566 2221
566 3105
566 3687
567 2294
568 1279
568 2340
568 570
568 3827
569 2340
569 1764
570 571
570 1135
571 2340
572 2222
572 573
573 2299
573 2223
574 3382
574 1292
574 1302
575 576
575 1308
575 579
576 579
576 577
577 1309
577 578
578 1309
578 2472
579 1308
580 581
580 592
580 1095
581 2311
581 3347
582 583
582 586
582 609
583 611
583 612
584 585
584 590
585 1129
585 586
586 612
586 589
587 2311
587 2312
588 589
588 2312
588 591
589 590
589 591
590 1087
590 2312
591 610
592 1097
592 3346
592 1284
593 594
593 3385
593 3160
593 3600
594 722
594 3829
595 856
595 2321
595 3292
596 619
596 597
596 598
597 601
597 617
598 617
598 618
599 619
599 618
600 614
600 633
600 616
601 632
601 616
602 603
603 648
603 3198
604 617
604 605
604 615
605 3381
605 618
606 633
606 611
606 608
607 1130
607 621
608 2316
608 2315
609 2315
609 610
610 3830
611 2322
612 1129
612 3380
613 3197
613 615
613 3381
614 2318
614 615
614 3645
616 617
619 649
620 622
620 1282
620 621
621 624
622 1131
622 2322
623 625
623 2323
623 624
623 631
624 626
625 629
625 631
625 626
627 628
627 2324
627 2330
628 630
628 2328
629 2328
630 2331
631 2327
632 712
632 3133
633 2318
634 3423
634 642
635 2384
635 646
636 2384
636 1098
636 639
637 638
638 691
638 639
639 939
639 681
639 645
639 687
640 2386
641 645
641 646
641 2384
642 646
642 2365
643 644
644 2365
644 647
645 2385
647 2365
648 3381
649 650
649 2320
649 723
650 677
650 658
651 653
651 864
652 2567
652 2565
653 654
653 656
654 655
655 1110
656 1107
656 1109
657 1109
658 1671
658 675
659 3160
659 2308
659 676
660 675
660 661
660 694
661 662
663 1670
663 3866
664 1670
665 669
665 666
666 673
667 674
667 668
667 673
670 671
671 3373
671 674
672 674
672 673
675 2320
675 1671
676 677
676 1671
677 3160
678 688
678 3643
678 939
679 688
679 690
679 686
680 685
680 686
680 682
681 685
682 683
683 685
683 684
686 687
687 690
688 689
689 690
689 939
691 692
691 3193
693 903
693 3738
694 3292
694 695
695 696
696 3292
697 929
697 706
697 709
698 703
698 911
699 703
699 705
700 707
700 706
700 705
701 713
701 707
701 2266
701 714
702 713
702 719
702 716
703 704
704 705
704 919
704 707
706 3426
707 3426
708 709
708 3425
708 710
709 717
710 711
710 714
711 718
711 717
712 2327
712 2325
713 715
714 715
714 3425
715 716
716 718
717 718
719 920
719 720
720 2389
721 3160
721 2306
721 723
721 722
723 2306
724 2292
725 863
725 726
726 727
726 729
727 2544
727 728
728 880
728 867
729 730
731 3642
731 733
732 739
732 3852
732 737
733 734
734 735
734 738
735 740
735 738
735 741
736 2545
736 737
736 740
737 1082
738 1116
739 741
739 740
741 3642
742 2544
742 744
742 877
743 744
743 1075
744 875
745 1526
745 3669
745 1525
745 746
746 1351
746 1350
746 749
747 986
747 1696
748 1818
748 754
748 1816
749 1927
749 1699
750 776
750 751
750 2217
751 3669
751 762
751 1526
752 795
752 753
752 1351
753 795
753 754
754 2527
755 756
755 1528
755 1527
756 2528
756 757
757 763
757 762
757 758
758 766
758 759
759 760
759 1537
759 1538
760 770
760 761
760 769
761 1530
761 762
763 1536
763 764
763 1529
764 1535
764 1534
764 765
765 1532
765 1533
765 1541
766 1537
766 1541
767 1537
767 1539
767 1542
768 1538
768 1544
768 1552
768 769
769 1556
770 780
770 771
771 1549
771 772
772 779
772 773
773 1617
773 774
773 1548
774 778
774 1612
775 2216
775 1629
775 1601
775 2215
776 2529
776 3552
777 3551
777 778
777 2529
778 779
779 780
780 1530
781 814
781 1576
781 2793
781 1573
782 3543
782 3358
782 3542
783 3811
783 3124
783 2678
783 2679
784 1617
784 786
784 785
785 788
785 3327
786 2667
786 2677
786 1572
787 1616
787 2667
787 1613
788 1558
788 1548
788 1547
789 794
789 3538
789 790
790 794
790 1545
791 1365
791 2147
791 803
792 805
792 793
792 1365
793 3740
793 808
793 1828
794 3553
795 1699
795 797
796 1781
796 982
796 1785
796 1784
797 3878
797 1818
797 2480
798 1806
798 1810
798 2527
799 1804
799 3906
799 1893
800 802
800 806
800 3906
801 2515
801 807
801 3906
802 803
802 1810
803 804
804 805
806 807
806 808
807 945
808 2526
809 1894
809 2512
809 2515
810 2511
810 1803
810 1894
811 936
811 2511
811 943
811 959
812 1590
812 1600
812 1591
813 814
813 1590
813 1592
814 2681
815 3143
815 1354
816 818
817 3601
819 2255
821 837
821 1352
822 823
823 837
824 1438
825 826
826 827
827 828
827 2373
829 833
829 830
830 831
832 833
833 2374
834 835
836 836
837 1331
838 839
840 849
840 3199
840 848
840 1393
841 842
841 849
842 845
842 844
843 2268
843 1391
843 845
844 2268
845 2269
846 847
847 3637
848 2269
848 849
850 852
850 2334
850 3493
851 859
851 3352
852 853
853 855
854 855
854 3493
856 3824
856 3285
857 3353
857 3285
857 3823
858 859
858 3134
860 1122
860 907
861 1125
861 1493
861 2288
862 1106
862 864
862 2556
862 2566
863 2559
863 2558
864 2565
865 2578
865 2577
865 866
866 869
867 2554
867 868
868 878
868 2553
869 873
869 2553
870 874
870 3569
870 873
871 1027
871 874
871 876
872 2539
873 878
874 879
875 876
875 1028
876 2539
877 880
877 1028
878 2555
879 2555
879 1028
880 2554
881 1240
881 3480
881 1242
882 1016
882 1014
882 1024
882 886
883 884
883 886
883 2543
884 2540
884 1027
885 2543
885 898
886 1029
887 998
887 889
888 1012
888 3431
888 901
888 1000
889 1084
889 2642
890 3379
890 899
890 1065
891 2633
891 3477
891 1011
892 1064
892 2611
892 893
893 1056
893 1071
894 2536
894 895
894 1067
895 2537
895 1051
896 1048
896 1051
896 2532
897 1049
897 3365
897 1048
898 1021
898 3364
898 3365
898 1466
899 2617
899 1066
899 1026
900 901
900 1001
900 1000
901 3129
901 3429
902 903
902 2599
903 3689
903 1123
904 906
905 906
907 918
908 917
909 915
909 910
910 912
911 912
912 913
913 916
913 915
914 915
914 916
914 917
916 1117
917 920
920 921
922 3149
922 1468
922 1378
923 3337
923 3615
923 924
923 1268
924 1492
924 1488
925 1383
925 1483
925 3752
926 1383
926 1381
926 1471
927 3882
927 1126
927 1114
927 3736
928 1126
928 1128
928 3735
929 3735
929 1115
929 3845
930 1105
931 1356
931 934
931 1715
932 1703
932 933
932 1707
933 1717
933 1715
933 935
934 1716
934 938
934 940
935 954
935 3186
936 937
936 958
936 3747
937 964
937 938
937 944
938 965
938 949
940 1704
940 949
940 941
941 942
941 950
941 1902
942 1909
942 1900
942 1702
943 2516
943 3747
944 951
944 3747
945 2514
945 3888
946 1895
946 947
946 951
946 2518
947 1898
947 2518
948 1908
948 1898
948 1360
948 1900
949 950
949 951
950 2518
952 1692
952 1691
952 1701
953 3186
953 1721
953 1717
953 1719
954 1720
954 967
954 1356
955 963
955 1691
955 967
956 1695
956 970
956 1803
956 957
957 959
957 960
958 966
958 959
960 961
960 992
961 963
961 966
962 995
962 992
962 963
964 966
964 969
965 968
965 969
967 1355
968 969
968 1355
970 1693
970 1674
971 975
971 2489
971 1787
971 1801
972 1787
972 2489
972 1690
973 1813
973 3128
973 2491
974 1814
974 1800
975 980
975 976
975 1814
976 981
976 977
977 3343
977 1811
978 979
978 982
978 1817
979 980
979 984
979 981
980 1800
981 982
982 1811
983 985
983 986
983 984
984 1816
985 1800
987 3343
987 1787
987 2490
988 3688
988 2490
988 1812
989 1689
989 2493
989 1677
989 1813
990 1683
990 1686
990 1679
990 1700
991 1673
991 994
991 1674
992 1673
993 1701
993 1700
993 3914
994 1675
994 996
994 995
995 1692
996 1676
996 1674
997 2259
997 1126
997 3734
998 999
999 3129
1000 2622
1001 2617
1001 1010
1001 2622
1002 1026
1002 1004
1002 1014
1003 1004
1003 1006
1003 1010
1004 1005
1006 1009
1006 1008
1007 1008
1008 1009
1009 1010
1013 1024
1013 1014
1013 1015
1016 1018
1016 1023
1017 1229
1017 1026
1017 1050
1018 1021
1018 1019
1019 1025
1019 1020
1019 1023
1020 1229
1020 1022
1021 1025
1022 1050
1022 1025
1022 1045
1023 1024
1023 1229
1027 3480
1029 1030
1029 1240
1030 1031
1030 1242
1031 1243
1031 2552
1031 1242
1032 1033
1034 1040
1034 3472
1035 2603
1035 1039
1035 3472
1036 1037
1036 2214
1036 2603
1036 2602
1037 2212
1037 1038
1040 1041
1041 3647
1041 1042
1043 1159
1043 1466
1044 3764
1044 1159
1044 3646
1046 1047
1046 2551
1046 2550
1047 1048
1047 1049
1049 1050
1051 2532
1052 2532
1052 1055
1053 1057
1053 1056
1053 1061
1054 1055
1054 1067
1054 1069
1055 1162
1056 1162
1057 1220
1057 1059
1058 1060
1058 1220
1058 1063
1058 2606
1059 1060
1059 1061
1059 2606
1060 1216
1061 1218
1062 1063
1063 1216
1064 2607
1064 2608
1065 1066
1065 3476
1066 2551
1067 1068
1068 1069
1068 1227
1069 1071
1070 1071
1072 1084
1073 1074
1074 1075
1075 1076
1076 1078
1077 1079
1078 1079
1079 1080
1080 1153
1081 1153
1081 1082
1083 1084
1085 1090
1085 2310
1085 1283
1086 2310
1086 1088
1086 1087
1087 1089
1088 1093
1088 1090
1089 3876
1089 2310
1091 1426
1091 1092
1092 1426
1092 3087
1093 1096
1094 1096
1094 1095
1094 3418
1095 3584
1097 3347
1097 1284
1098 2386
1099 1100
1099 3652
1099 3655
1099 3301
1100 1172
1100 1186
1100 2498
1101 1102
1101 1823
1102 2497
1102 1103
1103 1823
1103 1710
1103 2497
1104 1722
1104 2505
1104 3185
1105 2598
1106 2557
1106 2561
1108 1109
1110 1111
1110 3898
1111 3898
1111 1112
1111 3857
1112 1113
1112 1114
1113 3883
1113 3884
1114 3882
1115 3844
1115 2259
1118 2546
1119 3096
1119 1768
1119 3726
1120 1121
1121 3404
1122 3092
1123 1124
1123 1215
1125 3095
1126 2259
1127 1149
1127 1146
1127 1640
1129 1130
1130 3380
1131 3380
1131 2322
1132 2475
1133 1136
1133 1157
1133 1407
1134 1135
1135 2356
1135 2355
1136 1408
1136 3644
1137 1139
1137 2473
1137 1138
1138 1139
1138 3644
1139 1241
1140 3452
1140 3077
1140 3322
1141 1143
1141 1769
1142 1143
1144 2472
1145 1640
1145 1641
1145 3616
1146 1147
1146 1163
1147 1164
1147 1148
1148 1149
1148 1150
1150 3619
1151 3718
1152 2538
1152 3634
1154 1415
1154 3402
1154 3103
1155 2404
1155 2402
1156 3313
1156 1157
1156 1415
1157 2475
1157 1407
1158 1159
1160 1406
1160 2488
1160 1283
1161 1162
1163 1166
1163 1730
1163 1734
1164 1166
1164 3629
1165 1168
1165 1166
1165 2380
1167 1168
1167 1169
1167 3629
1168 2380
1169 3624
1169 3694
1170 3698
1170 3621
1170 3441
1171 2501
1171 1213
1171 1189
1172 1180
1172 3748
1172 1193
1173 1193
1173 1179
1173 1195
1173 1190
1174 2501
1174 1175
1174 1177
1174 2508
1175 1184
1175 1189
1176 1177
1176 1723
1176 1179
1177 1178
1178 1184
1178 1180
1179 1180
1181 3784
1181 1182
1181 1228
1183 3784
1184 1185
1185 2502
1185 1187
1186 2502
1186 3299
1187 1188
1187 1189
1188 1213
1188 2503
1190 1199
1190 1201
1191 1198
1191 1201
1191 1203
1192 1196
1192 1198
1192 1197
1193 1196
1194 1822
1194 1195
1195 1722
1196 1197
1197 3748
1198 1819
1199 1822
1199 1200
1200 1540
1200 1202
1201 1202
1202 1204
1203 1204
1203 1820
1204 2496
1205 2495
1205 2497
1205 1212
1206 1210
1206 2493
1206 1540
1207 1208
1207 2492
1208 1210
1208 1209
1209 1725
1209 2493
1210 1211
1210 2495
1211 1724
1211 1212
1212 2496
1213 1214
1214 1913
1214 1916
1214 2655
1215 3095
1216 1221
1217 1218
1218 1221
1219 1220
1221 2607
1222 1223
1222 1225
1222 2379
1223 2379
1223 1226
1224 3442
1224 3621
1225 3711
1225 3176
1228 2443
1228 3706
1230 1231
1230 2443
1230 1234
1231 3440
1231 1232
1232 1233
1232 3439
1233 1234
1234 3705
1235 3441
1235 3439
1235 1236
1235 3622
1236 3807
1236 3296
1237 2413
1238 3282
1238 1246
1239 1240
1244 1346
1244 2482
1244 3825
1245 3758
1245 1417
1245 1609
1246 1247
1246 3282
1246 3705
1247 1248
1247 3705
1247 3281
1249 2391
1249 2395
1249 3634
1250 1251
1250 1277
1251 3470
1252 1252
1252 3216
1252 3717
1253 1981
1253 1254
1254 1959
1254 1255
1255 1256
1255 1960
1256 1969
1257 1261
1257 3806
1258 1260
1258 1262
1258 1259
1259 1260
1259 1261
1260 3078
1261 1266
1262 1263
1263 1264
1263 1267
1264 1266
1265 1267
1265 1266
1268 1272
1268 1269
1269 1270
1269 1496
1269 3071
1270 1271
1270 1446
1271 3750
1271 3615
1272 1496
1272 1494
1273 1984
1273 2002
1273 2017
1274 1996
1274 2094
1274 1275
1275 1978
1275 1276
1275 3833
1276 3833
1276 3835
1276 3460
1277 2138
1278 1279
1278 2209
1279 1790
1279 2356
1280 3825
1280 2472
1281 3825
1282 2323
1283 3876
1283 3877
1284 3196
1285 3583
1285 1292
1286 3414
1286 3411
1286 3418
1287 3411
1287 1298
1287 1295
1288 1291
1289 3417
1290 3648
1290 3417
1290 3583
1291 3745
1291 3413
1292 2222
1293 1294
1293 2301
1293 3648
1294 2301
1294 1295
1294 1298
1295 1296
1295 3879
1296 3880
1297 3584
1297 3664
1297 3346
1298 3648
1298 3416
1299 1301
1299 3879
1300 1313
1300 1301
1302 3873
1303 1306
1303 3382
1303 1304
1304 1305
1305 1306
1306 2300
1307 3346
1310 3383
1311 1312
1311 1334
1312 3821
1313 1315
1314 1334
1314 1317
1314 2280
1315 1318
1315 3821
1316 2280
1316 1317
1317 1318
1318 3196
1319 1319
1321 3870
1321 2738
1321 3927
1322 1323
1322 1326
1322 3561
1323 1330
1323 1324
1324 2451
1324 1325
1325 2451
1325 3334
1326 1327
1326 2352
1327 3815
1327 2341
1328 2243
1328 3335
1328 1386
1329 3335
1329 1708
1330 3103
1330 3220
1331 1389
1331 1392
1332 3284
1332 3409
1332 2710
1332 2504
1334 3749
1335 1336
1335 2248
1335 3200
1336 2309
1336 3201
1336 2249
1337 3859
1337 2294
1337 1340
1337 2547
1338 2309
1338 3818
1338 3819
1339 1513
1339 1342
1339 3207
1340 2265
1341 1342
1341 1345
1341 3204
1341 3818
1342 2264
1342 2220
1343 1344
1344 1345
1344 3207
1345 3205
1346 1347
1346 1429
1346 1414
1347 1429
1347 1414
1348 1933
1348 1413
1348 1429
1349 2484
1349 1630
1349 1350
1350 3354
1351 1541
1351 1531
1352 1353
1352 1389
1353 2271
1355 1356
1357 2524
1357 2521
1357 2704
1357 3397
1358 1907
1358 1921
1358 2523
1358 2521
1359 1890
1359 1937
1359 1885
1359 1934
1360 1363
1360 1897
1361 1908
1361 1362
1361 1364
1361 1830
1362 1882
1362 1911
1363 2513
1363 1895
1364 2514
1364 1896
1364 1897
1365 1366
1366 1828
1366 1367
1367 1368
1367 1826
1368 1826
1368 1369
1369 1827
1369 1373
1370 1929
1370 1373
1370 3909
1371 3372
1371 2898
1371 1372
1372 2524
1372 3195
1373 3195
1373 1930
1374 2894
1374 2900
1374 2895
1376 3149
1376 1485
1376 1377
1377 1485
1378 3659
1379 1470
1379 1468
1379 1380
1380 1454
1380 1455
1380 3659
1381 1470
1381 2509
1382 1473
1382 1384
1382 1506
1383 1476
1384 1502
1384 1475
1385 1386
1385 3685
1385 3220
1386 3219
1387 1388
1388 1392
1388 1390
1389 2268
1390 1393
1391 1392
1391 1393
1394 1395
1394 3211
1395 2250
1395 3206
1395 1396
1396 3203
1397 2364
1398 3689
1399 2263
1399 2260
1399 1401
1400 1403
1401 1403
1401 1519
1402 1403
1402 1519
1404 3345
1404 3783
1404 3313
1405 1406
1405 2488
1406 1407
1407 3313
1409 2491
1409 3340
1409 3341
1409 2493
1409 3127
1411 3486
1411 3487
1411 3922
1412 2740
1413 1431
1413 1525
1414 3100
1415 3102
1416 1418
1416 1417
1416 1431
1417 2664
1418 2216
1418 1430
1419 1602
1419 1622
1419 2665
1420 1422
1420 2722
1420 3495
1421 3496
1421 3106
1421 1423
1422 1423
1422 2723
1423 2723
1424 1641
1424 1731
1424 1735
1425 1739
1425 3173
1426 3347
1427 3890
1427 2538
1427 3218
1430 2217
1430 1431
1430 3669
1432 2666
1432 2215
1432 3555
1432 2216
1433 3305
1433 2463
1433 1434
1434 2459
1434 2159
1435 2152
1435 2165
1435 3558
1436 3494
1436 3929
1437 1440
1438 1439
1439 1441
1439 1440
1440 2366
1442 1443
1444 1448
1444 1449
1444 1456
1444 1457
1445 1452
1445 3752
1446 1452
1446 3751
1447 2210
1447 1489
1447 1488
1448 1451
1448 2509
1449 3071
1449 1451
1450 3750
1450 1490
1450 1486
1451 1452
1453 1491
1453 3078
1454 3072
1454 1456
1455 1456
1455 2509
1457 3071
1457 3072
1458 3150
1458 1459
1458 3151
1459 1462
1459 1461
1460 1461
1461 1462
1462 1463
1464 3076
1465 3339
1465 3074
1465 3075
1466 3364
1467 1636
1467 3587
1467 3322
1468 1478
1469 1480
1469 1478
1469 1505
1470 1472
1471 1472
1471 1476
1471 1473
1472 1477
1473 1475
1473 1474
1474 1477
1475 1476
1477 1479
1478 1485
1478 1479
1479 1480
1481 1482
1481 1486
1481 1503
1483 1484
1483 3751
1486 1487
1487 1489
1487 3363
1488 1490
1489 3613
1490 3613
1491 1492
1491 2210
1492 3336
1493 2288
1494 1500
1494 1495
1495 1497
1496 1500
1497 3616
1497 1499
1498 1499
1499 1500
1501 3631
1501 3614
1502 1503
1502 3363
1503 1504
1505 1507
1506 1507
1508 3093
1508 1521
1508 2262
1509 3088
1509 1510
1510 3210
1510 3209
1511 3716
1511 1512
1512 1514
1512 3209
1512 3716
1512 3599
1513 1518
1513 1514
1513 3209
1514 1515
1515 1516
1515 1518
1516 1517
1517 3724
1519 3211
1522 2598
1522 3193
1523 3667
1523 1524
1523 3561
1524 2351
1525 1630
1526 1527
1527 1531
1528 1531
1528 1541
1530 2529
1538 1542
1540 2661
1540 1721
1540 2494
1542 1543
1544 1550
1544 1545
1545 1550
1546 1547
1546 1552
1547 1557
1548 1549
1549 1556
1550 1554
1551 3329
1551 1565
1551 1558
1552 1553
1552 1556
1553 1555
1553 1557
1554 1565
1554 1555
1554 1564
1555 1559
1557 1559
1558 1559
1560 1561
1560 1563
1560 3538
1561 1562
1561 3329
1562 1563
1562 1571
1563 3537
1564 1566
1565 1566
1567 3546
1567 1584
1567 3547
1567 3548
1568 1569
1568 3537
1568 3772
1569 3771
1569 1570
1570 3548
1570 3536
1571 3536
1571 3330
1572 3545
1572 3359
1573 1574
1573 3773
1574 3541
1575 3541
1575 1577
1575 1576
1576 1588
1577 1579
1577 1578
1578 3539
1578 1587
1578 3540
1579 3918
1579 2684
1580 1582
1580 3774
1580 3918
1581 1582
1582 1583
1583 3918
1583 1585
1583 2683
1584 1585
1584 3545
1585 1586
1586 3544
1586 2683
1587 2682
1587 3539
1588 3540
1588 1589
1589 2681
1589 3436
1590 3421
1591 1598
1591 1596
1592 1596
1592 1594
1593 1595
1593 1600
1593 1598
1594 1596
1594 1597
1595 2774
1595 1597
1597 1598
1599 2787
1601 1628
1601 2217
1602 1603
1602 2662
1603 1604
1604 1605
1605 1606
1606 1607
1607 1608
1609 1610
1611 1623
1611 1622
1612 1629
1612 1615
1613 1615
1613 1614
1614 2215
1614 2666
1614 1618
1615 1616
1616 1617
1618 1619
1618 1622
1619 1620
1619 1624
1621 1626
1621 1624
1621 3123
1622 1626
1624 2667
1625 2668
1625 1627
1626 1627
1628 3552
1628 3550
1629 3550
1630 1933
1631 1636
1631 1632
1631 1635
1632 3068
1632 1633
1633 1635
1633 1639
1634 1639
1634 1637
1634 1731
1635 1638
1636 1637
1637 1638
1637 3798
1638 1639
1640 1643
1641 1642
1643 1648
1643 1644
1643 1646
1645 3173
1645 1646
1645 1735
1646 3172
1646 1647
1649 1729
1649 1650
1649 1744
1651 3796
1651 1652
1651 1654
1652 1759
1652 1656
1653 1659
1653 1654
1653 1658
1654 1655
1655 1657
1655 1656
1656 1760
1657 1658
1658 1661
1658 1662
1659 1661
1659 3588
1660 3590
1660 3589
1660 1661
1663 3594
1663 2454
1663 3276
1663 3277
1664 1859
1664 1861
1665 1666
1665 2057
1666 2083
1666 1667
1667 2087
1668 3875
1668 3082
1669 3389
1672 1673
1675 1683
1675 1681
1676 1681
1676 1696
1677 1678
1677 1680
1678 1679
1678 1687
1679 1680
1680 2661
1681 1682
1682 1683
1684 1801
1684 1685
1684 1696
1685 2489
1685 1686
1686 1687
1687 1688
1688 1689
1688 2489
1689 1690
1690 3128
1691 1692
1693 1695
1694 1808
1694 1698
1694 1695
1695 1805
1697 2527
1697 1698
1697 1807
1699 2480
1700 1701
1701 3913
1702 1905
1702 1918
1703 1714
1703 1716
1704 1705
1704 1714
1705 1902
1705 1904
1706 1714
1706 1707
1706 2505
1707 3185
1707 1718
1708 2151
1708 3384
1709 3870
1709 2712
1709 3869
1710 3224
1710 1821
1711 2716
1711 3678
1711 3670
1713 1905
1713 1918
1713 2507
1715 1716
1717 1718
1718 3185
1718 1722
1719 1720
1719 2494
1720 3912
1721 1722
1721 3184
1722 1723
1723 2508
1726 3306
1726 2462
1726 3831
1727 2166
1727 2165
1727 3306
1728 1857
1729 3899
1729 1730
1730 3900
1731 3170
1731 3169
1732 1733
1732 3170
1732 1836
1733 1736
1733 1741
1734 1746
1735 1736
1736 1737
1736 1738
1739 1740
1739 1742
1739 3463
1740 1741
1740 3061
1741 1746
1742 3061
1742 1744
1742 3463
1743 3061
1744 1747
1745 1747
1746 1748
1746 2348
1747 1748
1748 1749
1750 1755
1750 1751
1750 1835
1751 2342
1751 1834
1752 2348
1752 2346
1752 3063
1753 3063
1754 2371
1754 2284
1755 3663
1755 1756
1757 3663
1757 2284
1758 3065
1758 3169
1758 1837
1759 3065
1759 1760
1760 3067
1761 1762
1761 1763
1761 2341
1762 2297
1762 2296
1763 1788
1763 1764
1766 1766
1766 1767
1767 3922
1768 3725
1768 2546
1768 3726
1769 2368
1769 1770
1770 1771
1770 3079
1771 2432
1772 1772
1773 1777
1773 1778
1774 1777
1774 1776
1774 2476
1775 1924
1775 1776
1775 3704
1776 1925
1777 1925
1778 1784
1778 1779
1779 2477
1779 1783
1779 1780
1780 1928
1780 1782
1781 1782
1781 2479
1782 1783
1783 1784
1785 1786
1786 3783
1786 3345
1788 1789
1788 2341
1790 3827
1790 3816
1791 3673
1791 1869
1791 3275
1792 1793
1793 1794
1794 3739
1795 1796
1796 1798
1796 1797
1797 2164
1797 2462
1798 3307
1799 3564
1799 2171
1799 3309
1799 3812
1801 1814
1802 1805
1802 1891
1802 1803
1804 1810
1804 1809
1805 1892
1806 1807
1806 1808
1807 1808
1808 1809
1809 1892
1811 1939
1812 3650
1812 3344
1813 2491
1815 1817
1815 1816
1815 1818
1817 3878
1819 3676
1819 3789
1820 2498
1820 3676
1820 3182
1821 2496
1821 3182
1821 3183
1822 3184
1824 1828
1824 1825
1824 1827
1825 1827
1825 1826
1829 1901
1829 1881
1829 1929
1830 1883
1830 1882
1831 1896
1831 3888
1831 1911
1832 3064
1832 1833
1832 1837
1833 1841
1833 1848
1834 1851
1834 1835
1834 1846
1835 1853
1836 1842
1836 1843
1836 1844
1837 1839
1838 1844
1838 1841
1838 3060
1839 1840
1840 3060
1841 1846
1842 3060
1842 2274
1844 1845
1846 1847
1846 1850
1848 1849
1848 2442
1850 3058
1850 3059
1851 1852
1851 2145
1854 3663
1855 2126
1855 2137
1856 3730
1856 2106
1856 2138
1856 2134
1857 1860
1857 1858
1858 2450
1858 1859
1859 2350
1859 3814
1861 2450
1862 1863
1863 1867
1863 1864
1864 2453
1864 1865
1865 1866
1865 1867
1866 1871
1866 1867
1868 1871
1868 1870
1868 1869
1869 2455
1872 1874
1873 2068
1874 2070
1874 2064
1875 2028
1875 2055
1875 2023
1876 2471
1876 2023
1876 2470
1877 1883
1877 1908
1877 1880
1878 1880
1878 1906
1878 1881
1879 1882
1879 1881
1879 1884
1880 1884
1883 1884
1885 2517
1885 2523
1886 1887
1886 1913
1886 2690
1886 1888
1887 1921
1887 1890
1888 1890
1888 1912
1889 3188
1889 1917
1889 1937
1891 1893
1891 1892
1893 1894
1895 2520
1896 3171
1897 2514
1897 2513
1898 1899
1899 2519
1899 1900
1902 1903
1903 1938
1903 1904
1904 1905
1905 2507
1906 2521
1906 1907
1907 1910
1907 2522
1908 1909
1909 1910
1910 1935
1911 3909
1911 1929
1912 1913
1912 3188
1913 1920
1914 3348
1914 2504
1914 2656
1915 2506
1915 1916
1915 2501
1916 1919
1916 2501
1916 1917
1917 3188
1917 1919
1918 1919
1919 1936
1920 3508
1920 2656
1921 1922
1923 1926
1924 1932
1924 1926
1925 1926
1928 3507
1928 1932
1929 1930
1930 2525
1931 1932
1933 2484
1934 2517
1934 3187
1935 1936
1935 3187
1936 3187
1936 1937
1939 1940
1939 3343
1941 2448
1941 2078
1941 2080
1942 1944
1942 1943
1942 2448
1945 1946
1946 1948
1946 1949
1947 1948
1947 1952
1947 1955
1948 1953
1950 1951
1950 3674
1950 1952
1951 1957
1951 1952
1954 1955
1954 1956
1955 1957
1958 3893
1958 3895
1958 1986
1958 3894
1959 1960
1959 1986
1959 1981
1960 1966
1960 1961
1961 1986
1961 1962
1961 3894
1962 1965
1962 1963
1963 3636
1963 1973
1964 1965
1964 1966
1964 1967
1965 1968
1966 1968
1967 2433
1967 1973
1969 3641
1969 3640
1970 3641
1970 1971
1970 3639
1971 3904
1971 2433
1972 1976
1972 2433
1972 1974
1973 1974
1974 1975
1977 3903
1977 3904
1978 1979
1978 3460
1979 1980
1979 1995
1980 1997
1980 1995
1981 1982
1982 1987
1982 1990
1982 1983
1983 1988
1983 1984
1984 1989
1985 3864
1985 1987
1985 1986
1987 3864
1988 1989
1988 3865
1990 1991
1990 1992
1991 2434
1991 1993
1994 3836
1994 3835
1995 1996
1996 2000
1996 1998
1997 1998
1997 2441
1998 2002
1999 3780
1999 2009
1999 3080
1999 2437
2000 2093
2000 2001
2001 2094
2001 2003
2002 2093
2003 2440
2003 2004
2004 2007
2004 2005
2004 2101
2005 2095
2005 2097
2005 2006
2006 3902
2006 2096
2007 2440
2007 2008
2008 2095
2008 3483
2009 2010
2010 2011
2011 2012
2012 2436
2012 2016
2013 2016
2013 2014
2013 2015
2014 2089
2014 2088
2015 2439
2015 2016
2017 3471
2017 2096
2018 2024
2018 2041
2018 2019
2018 2056
2019 2026
2019 2046
2020 2032
2020 2469
2020 3398
2020 2046
2020 2021
2021 2247
2022 2029
2022 2023
2022 3398
2024 2025
2024 2026
2025 2028
2025 2027
2026 2027
2027 2028
2030 2031
2030 2469
2030 2038
2031 2033
2031 2032
2032 3603
2033 2037
2033 2036
2034 2035
2035 2036
2037 2039
2037 2038
2038 2040
2039 2040
2041 2042
2041 2045
2042 2043
2042 2048
2043 2047
2043 2048
2044 2045
2044 3604
2044 2050
2045 2046
2047 3603
2047 3604
2048 2050
2048 2049
2050 2467
2051 2052
2051 2056
2052 2052
2053 2464
2053 2062
2054 2059
2054 3892
2055 2464
2055 3892
2056 2057
2056 3081
2057 2058
2060 2082
2061 2085
2061 2082
2061 2084
2062 2063
2062 2066
2064 2066
2064 2065
2066 2067
2067 2068
2067 2465
2068 2069
2070 2081
2070 2071
2071 2457
2071 2072
2072 3630
2072 3760
2073 2456
2073 2081
2074 2075
2074 2078
2074 2077
2075 2076
2075 2078
2076 2448
2079 2080
2079 2447
2080 2447
2082 2083
2083 2084
2084 2085
2085 2086
2086 2087
2089 2090
2089 2091
2090 2437
2090 2438
2091 3902
2091 2092
2092 2436
2093 2440
2094 2105
2094 2107
2095 2096
2097 2099
2098 2099
2099 2100
2099 2102
2100 2101
2100 2104
2101 2103
2105 2106
2105 2108
2106 3833
2107 2108
2107 2112
2108 2109
2109 2110
2109 2111
2111 3427
2111 3779
2112 3775
2112 3779
2113 3427
2113 2120
2113 2129
2114 2119
2114 2116
2114 2115
2115 2117
2116 2118
2116 2129
2117 2122
2117 2412
2119 2128
2119 2121
2120 2127
2120 2125
2120 2130
2121 2122
2121 2127
2122 2123
2123 2124
2124 2126
2124 2427
2125 2131
2125 2137
2126 2127
2127 2128
2128 2129
2130 2136
2130 2131
2131 2132
2132 2134
2132 2423
2132 2137
2132 2424
2133 2136
2134 2423
2134 2135
2135 2435
2135 2136
2138 2428
2140 2141
2142 3446
2143 2272
2143 3287
2144 2353
2145 3287
2145 2283
2146 2147
2146 3553
2146 2531
2147 2148
2148 2149
2149 2150
2149 3554
2151 3220
2151 3214
2153 2197
2153 2154
2153 2202
2154 2196
2154 2160
2154 2161
2155 2206
2155 2178
2155 2179
2156 2174
2156 2157
2156 3568
2156 2206
2157 2163
2157 2173
2158 2202
2158 3304
2158 3303
2159 2202
2159 2201
2161 3391
2161 3611
2162 3566
2162 2163
2162 2237
2163 3566
2164 2168
2164 3567
2164 2237
2165 3831
2165 2166
2165 3305
2166 2459
2167 2168
2168 3306
2169 2459
2169 2170
2170 3304
2170 2182
2170 2185
2171 2452
2171 2172
2174 2177
2174 2175
2176 2205
2176 2177
2176 2204
2177 2180
2177 2179
2178 2191
2178 2179
2180 2204
2180 2181
2181 2181
2182 2204
2182 2239
2183 2193
2184 2185
2185 2187
2186 2193
2187 2189
2187 2188
2188 2189
2188 2194
2189 2190
2190 2191
2190 2192
2191 2192
2192 2193
2194 2195
2194 2196
2195 2196
2195 2197
2197 3303
2197 2198
2198 2199
2198 2200
2203 2463
2206 2207
2207 2207
2208 3665
2208 2209
2210 3319
2211 2212
2211 2213
2211 3333
2212 3474
2218 3312
2219 3125
2219 3808
2220 2221
2220 2265
2222 2223
2223 3382
2224 2225
2224 2230
2225 3800
2225 2226
2226 2231
2226 2228
2227 2231
2227 2228
2227 3081
2228 2229
2230 3081
2230 2466
2230 2231
2232 3800
2234 2235
2234 2278
2236 3149
2236 3658
2236 3077
2237 2238
2241 3144
2242 2243
2243 3305
2244 2597
2245 3202
2246 2290
2246 2289
2247 2469
2247 2251
2248 3859
2248 3199
2249 2265
2249 2309
2249 3859
2250 3210
2251 2468
2252 3119
2252 3118
2252 2844
2253 2354
2254 2255
2254 2275
2256 2762
2256 2758
2256 2750
2257 2744
2257 2752
2257 2750
2258 2992
2258 3113
2258 3108
2259 3735
2260 2261
2261 2263
2261 3093
2262 2263
2262 3094
2263 3094
2264 2265
2264 3819
2267 2273
2267 2282
2269 2270
2272 2273
2272 3287
2273 2283
2275 3386
2276 3386
2277 3485
2277 3388
2278 3126
2279 2281
2282 2285
2282 2371
2283 2285
2284 2371
2284 2285
2286 2856
2286 2884
2286 2849
2287 2789
2291 3091
2291 3143
2292 3602
2292 3158
2293 3832
2293 3162
2296 3808
2297 3486
2298 3383
2298 2299
2300 3488
2301 3873
2302 2313
2302 3198
2303 3198
2303 3197
2307 3362
2308 3385
2311 3489
2313 2314
2313 3087
2314 3197
2314 3645
2315 3086
2316 3085
2317 3085
2318 3645
2319 3352
2319 3133
2319 3351
2319 3353
2320 2321
2321 3292
2326 3140
2326 3136
2326 2327
2328 2329
2330 3140
2331 3138
2331 3222
2331 3135
2332 3491
2333 2334
2336 2337
2337 2339
2338 2358
2341 3815
2342 2344
2342 2343
2344 2345
2344 2346
2346 2347
2348 2349
2350 3814
2351 2352
2351 3814
2353 3826
2354 3666
2355 3841
2355 3842
2356 3157
2357 3492
2360 3867
2360 3868
2369 2372
2369 2370
2369 3766
2370 3444
2370 2372
2370 3620
2372 3468
2373 3164
2375 3174
2375 2377
2375 3175
2376 3465
2376 2378
2376 2377
2377 2378
2378 3175
2379 3178
2380 2381
2388 2389
2391 2394
2391 2392
2392 2393
2392 2394
2393 2395
2393 2422
2395 3469
2396 2422
2397 2398
2397 2399
2397 2425
2398 2399
2398 2400
2399 2400
2400 2403
2401 3910
2401 2403
2401 2402
2402 3679
2403 2404
2404 3721
2405 3181
2405 3464
2405 3623
2406 3466
2406 3177
2406 3467
2407 3443
2407 2408
2407 3444
2408 2409
2408 3807
2410 3166
2410 2964
2410 2411
2411 2965
2411 3168
2414 3445
2414 2415
2414 2420
2415 3707
2415 3708
2416 2418
2416 3709
2417 2419
2418 3628
2419 3628
2419 2444
2420 2421
2421 2421
2422 3910
2423 2424
2428 2430
2428 3846
2428 3730
2429 3456
2429 3458
2429 3459
2430 3683
2430 3837
2431 3459
2431 3834
2431 3456
2437 2438
2443 3696
2444 3180
2444 3696
2444 3442
2445 3760
2446 2447
2449 3376
2449 2453
2453 3099
2453 2454
2454 3276
2455 2458
2456 3605
2460 2463
2461 2462
2464 3892
2468 2469
2474 3402
2475 3644
2478 2486
2478 2480
2478 2479
2479 2480
2480 3878
2481 3098
2482 2483
2482 3758
2484 2485
2487 3132
2487 3651
2487 2488
2487 3402
2488 3361
2490 3128
2491 3344
2492 3314
2494 2661
2494 3911
2495 3803
2498 3224
2499 2500
2500 3657
2500 3655
2502 2503
2503 3299
2504 3348
2505 2507
2505 3192
2506 3192
2506 2508
2507 3192
2511 2512
2513 3747
2515 2516
2517 2522
2522 2523
2524 2525
2524 3372
2525 3195
2530 3270
2531 2531
2534 2535
2539 2540
2540 2542
2541 2543
2548 3661
2548 3289
2548 3291
2549 2551
2552 3420
2553 2564
2554 2555
2557 2557
2558 2560
2558 2561
2559 2564
2559 2560
2560 2564
2561 2562
2562 2575
2562 2571
2562 2570
2563 2575
2565 2566
2566 2572
2566 2567
2567 2587
2568 3482
2568 2588
2568 3481
2569 2570
2570 3482
2570 2592
2571 2572
2571 2574
2572 2573
2575 2577
2576 2579
2576 2577
2576 2581
2579 2580
2579 2592
2580 2581
2580 2586
2580 2593
2581 2582
2582 2586
2582 2583
2583 2585
2583 2584
2584 2642
2584 2585
2585 2641
2586 2589
2587 3482
2587 3481
2588 2593
2588 2590
2589 2590
2590 2591
2592 2593
2594 2596
2594 2595
2594 2597
2595 2648
2599 3145
2600 2602
2600 3473
2600 2601
2601 2603
2601 2602
2604 3764
2605 2606
2606 3475
2607 2608
2608 2609
2610 2611
2611 2612
2612 2613
2612 3431
2613 3194
2613 2616
2614 2615
2614 3194
2614 2636
2615 3194
2615 2640
2617 2629
2618 2619
2619 2628
2619 2620
2621 2625
2622 2623
2623 2631
2623 2628
2624 2625
2625 2634
2626 2628
2626 2629
2626 2627
2629 2630
2630 2633
2630 2634
2631 2634
2631 2632
2633 3379
2635 2637
2635 2638
2635 2636
2636 2638
2638 2639
2640 3084
2640 3432
2641 2647
2641 3247
2642 2643
2644 2645
2645 2647
2645 3484
2646 2647
2649 3283
2649 2650
2649 3301
2651 2652
2652 2653
2652 3701
2654 2658
2654 2657
2654 2656
2655 2656
2655 3300
2655 3349
2657 2690
2657 2658
2658 2659
2659 2660
2659 3905
2660 2689
2660 3916
2661 3914
2662 2663
2663 3121
2663 2665
2664 3557
2664 3121
2665 2666
2668 2672
2668 2670
2669 2670
2669 2674
2669 3123
2670 2672
2671 2675
2671 2673
2671 3124
2672 2673
2673 3124
2674 3123
2674 2676
2675 2676
2675 2677
2676 2677
2678 3542
2678 2679
2679 2680
2680 3359
2680 3543
2681 3421
2682 2683
2682 3358
2685 2686
2686 2687
2687 3195
2688 3401
2688 3916
2688 2689
2689 2697
2690 3916
2691 2695
2691 2693
2691 2697
2692 2693
2693 2694
2696 2697
2698 2709
2698 2707
2698 2703
2698 2705
2699 2700
2699 3401
2699 3509
2700 2701
2701 2702
2702 2708
2702 2706
2703 2704
2704 3400
2705 2706
2705 3509
2706 2707
2707 2710
2708 2708
2709 3117
2709 3403
2710 3757
2711 3501
2711 3366
2711 3715
2712 3374
2712 3367
2712 3410
2713 2721
2713 3226
2713 3225
2714 3925
2714 3692
2714 3273
2714 3924
2715 3925
2715 3692
2715 2727
2715 2728
2716 3500
2717 3504
2717 3227
2717 3267
2718 3505
2719 3315
2719 3318
2719 3316
2720 3505
2720 3317
2720 3316
2722 2724
2722 3495
2723 3498
2725 2727
2726 2727
2726 2729
2726 3389
2728 2729
2728 3499
2728 3691
2729 2730
2730 2731
2730 3499
2731 2732
2731 2734
2733 2734
2733 3499
2733 3728
2735 3926
2735 3928
2735 3871
2736 3928
2736 2737
2736 3434
2737 3434
2737 3497
2738 2740
2739 2740
2741 3008
2741 2998
2741 2742
2742 2746
2742 2743
2743 2744
2743 3005
2744 2745
2746 3012
2746 3011
2747 3011
2747 2996
2747 2748
2748 2750
2748 2749
2749 3041
2749 3049
2750 3360
2751 3593
2751 2752
2751 2753
2752 3006
2753 2754
2753 2755
2755 2832
2755 2759
2756 3052
2756 2757
2756 2769
2758 2761
2758 2759
2759 2760
2761 2763
2761 2762
2762 2771
2763 2765
2763 2767
2763 2783
2763 2764
2764 2771
2764 2778
2765 2766
2766 3528
2767 3528
2767 2824
2768 2804
2768 2831
2768 2828
2769 2771
2769 3052
2769 2770
2770 2772
2770 2775
2772 2778
2772 2781
2773 3532
2773 2774
2773 3055
2774 2777
2774 2776
2775 2776
2775 3534
2777 2781
2777 2780
2778 2784
2779 2786
2779 2788
2779 2785
2780 2788
2780 2782
2781 2782
2782 2784
2783 2785
2783 2784
2785 2823
2786 2805
2786 2823
2787 2788
2787 2792
2789 2801
2789 2805
2790 2811
2790 2800
2790 2815
2790 2802
2791 2795
2792 2792
2793 2794
2793 2798
2794 2795
2794 3422
2795 2796
2797 3424
2797 2800
2797 2799
2798 3422
2798 2802
2799 2800
2799 2891
2801 2802
2801 3122
2801 3422
2802 3527
2803 2804
2803 2872
2803 2852
2803 2835
2804 2836
2804 2871
2805 2826
2805 2806
2806 2871
2806 2870
2807 3527
2807 2809
2807 2875
2808 2815
2808 2811
2808 2812
2809 2810
2809 2813
2810 2811
2810 3527
2812 2817
2812 3522
2813 2877
2813 3522
2813 2822
2814 2880
2814 2822
2814 2865
2815 2816
2816 2817
2816 2859
2817 2858
2818 2820
2818 2819
2818 3522
2819 3524
2819 3523
2820 2861
2820 2821
2821 2862
2821 3525
2822 2861
2823 2825
2824 2825
2826 2827
2826 2830
2827 2831
2827 2828
2828 2829
2828 2871
2830 2831
2830 3528
2832 2839
2832 2841
2833 2834
2834 2838
2834 2841
2834 2836
2835 2851
2835 2837
2836 2837
2837 2849
2837 2838
2838 2846
2838 2840
2839 2844
2839 2841
2840 2841
2840 2844
2842 2845
2842 2843
2843 2847
2843 2846
2845 2850
2846 2847
2847 2850
2848 2850
2849 2854
2851 2854
2851 2852
2852 2882
2853 2855
2853 2857
2853 2882
2854 2855
2855 2856
2856 2857
2857 2878
2857 2883
2858 3523
2858 2863
2859 3886
2859 3885
2860 2897
2860 3513
2860 2900
2860 3886
2861 2866
2862 2863
2862 2864
2863 3885
2864 2868
2864 2867
2865 2881
2865 3521
2866 2867
2868 2869
2868 3518
2869 3056
2869 3521
2870 2874
2870 2872
2871 2872
2872 2873
2873 2882
2873 2876
2874 2876
2874 3453
2875 3453
2875 3122
2876 2878
2877 2879
2877 2880
2878 2879
2878 2885
2879 2887
2879 3453
2880 2889
2880 2890
2883 2885
2883 2884
2884 2888
2885 2888
2886 2890
2886 3454
2886 2887
2887 2888
2890 3454
2892 2894
2892 3743
2892 2899
2893 2899
2893 2894
2893 3272
2895 2901
2895 3272
2896 2901
2896 2897
2896 2898
2897 3896
2897 2898
2899 3743
2900 2901
2902 2904
2902 3518
2902 2907
2903 2904
2903 2906
2903 3510
2904 3517
2905 2906
2905 2916
2905 3549
2906 3511
2907 2908
2907 2913
2907 3517
2908 2910
2908 3517
2908 3155
2909 3511
2909 3152
2909 2916
2909 2910
2910 3510
2910 3154
2911 2918
2911 3154
2911 3512
2911 3153
2912 3609
2912 2920
2912 3519
2913 2920
2913 3153
2913 3518
2913 3155
2914 3514
2914 2917
2914 3513
2915 3393
2915 2919
2915 2917
2916 2917
2916 3511
2917 3152
2917 2918
2918 3152
2918 3393
2919 3514
2919 3516
2920 2921
2920 3520
2921 3392
2921 3153
2922 2938
2922 3731
2922 3732
2923 2938
2923 2924
2923 2926
2924 2925
2924 2936
2927 2928
2928 3115
2928 3256
2928 2930
2929 3115
2929 2935
2929 2960
2930 2931
2930 3115
2931 2932
2931 3243
2932 3579
2932 2933
2933 3119
2933 3190
2934 3241
2934 2936
2934 3732
2935 2936
2935 2937
2938 2939
2940 2942
2940 2967
2940 2941
2941 2942
2941 3570
2942 3338
2943 2944
2943 3713
2943 2945
2944 3668
2944 2946
2946 2963
2946 2948
2947 2948
2948 2949
2950 3116
2950 3581
2950 3582
2950 3649
2951 3107
2951 3109
2951 3580
2952 2957
2953 3574
2953 2961
2953 2954
2954 3580
2954 2955
2954 3109
2955 2956
2955 3109
2956 2957
2956 3570
2957 2958
2958 2963
2958 2959
2962 2963
2964 3166
2964 3265
2965 2966
2965 3168
2966 2967
2966 3167
2967 3167
2968 3016
2968 3014
2968 2982
2969 2978
2969 3530
2969 2974
2970 2971
2970 3016
2970 3529
2971 2973
2971 3529
2972 2980
2972 2976
2972 2973
2973 2976
2974 3530
2974 2977
2975 3390
2975 2977
2975 2976
2977 3390
2978 2994
2978 2979
2979 2986
2979 3390
2980 2981
2980 2983
2981 2983
2981 2982
2982 2989
2982 2985
2983 2984
2985 2989
2985 2992
2986 2988
2986 2999
2987 2995
2987 3000
2987 2999
2988 3001
2988 2989
2990 2991
2990 3002
2990 3001
2991 2993
2991 2992
2991 3003
2993 3113
2993 3851
2994 3036
2994 2995
2995 3039
2995 2996
2996 3007
2996 3040
2997 2998
2997 3007
2997 3000
2998 3002
2999 3001
3000 3002
3003 3004
3003 3005
3004 3006
3004 3851
3005 3006
3007 3010
3008 3009
3008 3012
3009 3012
3009 3010
3010 3011
3013 3015
3013 3014
3014 3017
3015 3016
3017 3265
3017 3024
3018 3021
3018 3019
3018 3023
3019 3020
3019 3022
3021 3022
3021 3023
3022 3025
3023 3024
3024 3025
3025 3026
3026 3029
3026 3027
3027 3032
3027 3055
3028 3029
3029 3033
3030 3531
3030 3038
3030 3037
3031 3032
3032 3034
3033 3043
3033 3034
3034 3041
3035 3036
3036 3037
3037 3039
3039 3040
3040 3043
3040 3045
3041 3045
3042 3045
3043 3044
3046 3053
3047 3048
3048 3053
3048 3052
3048 3049
3049 3050
3050 3051
3050 3052
3053 3534
3054 3533
3055 3533
3056 3609
3056 3057
3057 3848
3057 3847
3062 3063
3064 3066
3064 3067
3065 3066
3066 3067
3069 3369
3069 3332
3069 3449
3069 3368
3070 3324
3072 3660
3073 3074
3073 3076
3074 3075
3075 3076
3077 3658
3077 3451
3083 3310
3085 3086
3086 3830
3087 3830
3088 3213
3088 3599
3089 3089
3089 3280
3090 3280
3090 3126
3091 3326
3096 3097
3097 3849
3098 3102
3098 3101
3098 3104
3099 3274
3099 3376
3100 3101
3100 3334
3101 3104
3102 3103
3104 3334
3106 3496
3107 3111
3107 3264
3108 3581
3108 3582
3109 3110
3109 3580
3110 3112
3110 3114
3111 3116
3111 3581
3111 3112
3112 3114
3112 3581
3113 3593
3114 3255
3115 3256
3116 3264
3116 3263
3118 3120
3118 3119
3120 3120
3121 3557
3122 3527
3122 3526
3127 3344
3127 3651
3129 3130
3130 3585
3130 3131
3132 3650
3132 3345
3133 3353
3134 3137
3135 3351
3135 3137
3137 3138
3138 3671
3139 3823
3141 3142
3146 3147
3146 3366
3146 3232
3147 3230
3147 3366
3148 3321
3148 3320
3150 3151
3152 3154
3153 3155
3154 3155
3156 3291
3158 3829
3158 3602
3158 3828
3161 3832
3163 3405
3165 3294
3166 3257
3168 3258
3169 3170
3172 3173
3172 3463
3174 3622
3174 3176
3174 3698
3175 3620
3177 3466
3177 3468
3178 3710
3178 3464
3179 3627
3179 3697
3179 3626
3179 3628
3180 3627
3181 3625
3181 3624
3182 3183
3183 3224
3189 3239
3189 3731
3189 3240
3190 3242
3190 3233
3191 3504
3191 3244
3191 3238
3193 3883
3199 3200
3200 3201
3201 3202
3202 3203
3203 3204
3204 3205
3205 3206
3206 3208
3207 3208
3207 3209
3208 3209
3208 3210
3210 3211
3212 3599
3212 3213
3212 3716
3215 3633
3215 3699
3215 3712
3216 3619
3216 3699
3216 3681
3218 3384
3219 3742
3221 3252
3222 3790
3223 3671
3223 3224
3223 3654
3225 3228
3225 3230
3226 3318
3226 3317
3227 3504
3227 3757
3228 3229
3228 3230
3229 3262
3229 3703
3231 3232
3231 3367
3231 3262
3232 3367
3233 3242
3233 3244
3234 3241
3234 3237
3234 3235
3235 3243
3235 3245
3236 3502
3236 3238
3236 3239
3237 3245
3237 3241
3238 3244
3239 3240
3240 3242
3243 3245
3246 3768
3246 3919
3246 3739
3248 3357
3248 3269
3249 3250
3249 3265
3250 3253
3251 3408
3251 3255
3251 3763
3252 3312
3253 3407
3253 3408
3254 3256
3254 3649
3254 3263
3255 3581
3257 3258
3257 3259
3258 3259
3259 3312
3260 3924
3260 3702
3260 3409
3260 3925
3261 3356
3261 3295
3261 3924
3262 3598
3263 3264
3266 3502
3266 3268
3266 3267
3267 3268
3268 3315
3269 3355
3269 3356
3270 3271
3272 3553
3273 3356
3273 3692
3273 3357
3274 3278
3274 3594
3275 3276
3275 3277
3277 3595
3278 3279
3278 3594
3279 3595
3280 3461
3281 3282
3283 3672
3284 3701
3284 3350
3284 3374
3286 3445
3286 3706
3288 3724
3288 3289
3293 3294
3295 3355
3295 3598
3295 3356
3296 3296
3297 3310
3298 3769
3298 3301
3298 3700
3298 3744
3299 3300
3300 3301
3300 3753
3303 3304
3306 3831
3307 3308
3308 3309
3314 3342
3314 3341
3315 3316
3317 3318
3320 3321
3322 3449
3322 3323
3323 3589
3323 3331
3324 3662
3324 3369
3325 3889
3325 3332
3325 3370
3327 3546
3327 3328
3328 3330
3328 3329
3330 3548
3331 3370
3331 3590
3331 3889
3332 3370
3333 3474
3336 3337
3338 3338
3340 3361
3340 3341
3344 3650
3348 3770
3348 3349
3349 3753
3349 3769
3349 3770
3350 3770
3350 3700
3351 3352
3355 3356
3355 3792
3355 3703
3356 3357
3358 3542
3359 3543
3361 3651
3364 3365
3368 3377
3369 3377
3371 3372
3374 3410
3377 3378
3378 3662
3379 3476
3386 3387
3387 3388
3389 3434
3391 3612
3391 3610
3392 3512
3392 3394
3393 3512
3393 3395
3394 3520
3394 3395
3394 3515
3395 3516
3395 3396
3396 3515
3396 3397
3397 3516
3399 3567
3400 3401
3400 3509
3406 3713
3407 3763
3407 3408
3407 3713
3409 3410
3410 3925
3411 3412
3412 3415
3412 3413
3413 3417
3413 3414
3414 3746
3415 3416
3421 3436
3425 3426
3427 3428
3430 3431
3433 3871
3435 3809
3436 3810
3437 3438
3439 3440
3440 3441
3440 3696
3443 3620
3443 3444
3445 3706
3447 3448
3448 3455
3449 3452
3450 3451
3450 3455
3450 3658
3451 3727
3451 3455
3452 3727
3454 3521
3456 3458
3457 3458
3457 3460
3457 3903
3459 3835
3462 3661
3464 3467
3465 3466
3465 3467
3469 3720
3470 3679
3472 3473
3473 3474
3476 3478
3479 3480
3484 3484
3486 3487
3490 3492
3490 3491
3491 3492
3495 3496
3502 3503
3505 3755
3506 3804
3507 3507
3510 3517
3510 3511
3513 3514
3515 3847
3519 3848
3519 3520
3519 3847
3522 3523
3529 3530
3533 3535
3536 3537
3539 3540
3544 3544
3547 3774
3550 3551
3551 3552
3555 3556
3556 3557
3558 3559
3558 3562
3559 3684
3559 3560
3560 3684
3562 3684
3562 3786
3563 3787
3563 3915
3563 3685
3564 3788
3564 3786
3565 3788
3565 3812
3566 3567
3570 3571
3571 3572
3571 3573
3572 3575
3572 3573
3573 3574
3574 3576
3575 3577
3575 3576
3576 3577
3577 3578
3582 3649
3584 3664
3586 3588
3587 3588
3587 3589
3590 3591
3592 3821
3593 3851
3594 3595
3596 3597
3598 3703
3598 3702
3600 3829
3600 3601
3600 3602
3601 3602
3603 3604
3605 3606
3605 3607
3607 3902
3607 3608
3609 3848
3614 3614
3616 3618
3617 3631
3617 3618
3621 3698
3622 3698
3623 3625
3623 3695
3624 3625
3626 3679
3626 3633
3627 3628
3627 3693
3628 3679
3629 3693
3629 3697
3632 3635
3632 3680
3632 3633
3632 3712
3634 3719
3635 3712
3635 3681
3635 3682
3636 3894
3636 3861
3639 3640
3640 3641
3642 3853
3650 3651
3652 3653
3652 3656
3653 3654
3653 3839
3654 3804
3655 3908
3656 3840
3656 3839
3657 3794
3664 3880
3665 3901
3665 3841
3666 3826
3670 3703
3670 3733
3671 3804
3672 3744
3672 3690
3675 3816
3676 3789
3677 3789
3678 3728
3678 3792
3680 3722
3681 3682
3682 3723
3683 3836
3683 3846
3684 3742
3684 3685
3685 3742
3686 3754
3686 3701
3686 3802
3691 3728
3691 3692
3693 3697
3693 3694
3694 3695
3695 3710
3699 3712
3700 3754
3700 3769
3700 3770
3702 3924
3711 3711
3714 3842
3717 3723
3717 3718
3718 3723
3718 3719
3719 3720
3719 3722
3720 3721
3721 3722
3722 3723
3725 3726
3730 3846
3731 3732
3733 3733
3736 3852
3736 3882
3737 3738
3739 3861
3740 3909
3740 3887
3744 3754
3750 3751
3753 3769
3756 3757
3758 3759
3760 3761
3762 3763
3764 3765
3766 3767
3768 3920
3771 3774
3771 3772
3772 3860
3773 3860
3773 3774
3774 3860
3775 3780
3775 3776
3776 3777
3776 3778
3777 3917
3778 3779
3778 3917
3780 3781
3784 3785
3786 3915
3786 3788
3787 3813
3787 3915
3788 3813
3788 3812
3788 3915
3790 3838
3790 3791
3792 3793
3794 3840
3794 3795
3796 3798
3796 3797
3798 3799
3800 3801
3804 3897
3805 3806
3809 3810
3809 3811
3810 3811
3816 3817
3818 3819
3822 3824
3823 3824
3833 3836
3834 3837
3834 3835
3836 3837
3838 3838
3839 3881
3840 3908
3841 3842
3843 3844
3843 3845
3843 3855
3845 3856
3849 3850
3849 3920
3850 3891
3850 3920
3850 3890
3852 3858
3853 3854
3853 3858
3854 3857
3861 3862
3861 3891
3863 3894
3863 3893
3864 3865
3867 3868
3869 3870
3869 3872
3870 3871
3870 3872
3871 3927
3873 3879
3874 3875
3876 3877
3879 3880
3883 3884
3885 3886
3887 3909
3887 3888
3890 3891
3891 3919
3893 3895
3903 3904
3907 3908
3911 3914
3911 3912
3911 3913
3912 3913
3913 3914
3919 3920
3921 3922
3926 3927
3926 3929
3926 3928
3927 3929
