0 70
0 66
0 173
1 67
1 198
1 342
2 199
2 67
2 188
3 324
4 202
4 56
4 110
5 372
5 204
5 53
6 112
6 207
6 180
7 431
7 450
7 428
8 9
8 431
8 429
9 130
9 87
10 126
10 63
10 125
11 61
11 98
11 99
12 98
12 402
12 120
13 120
13 119
13 37
14 73
14 15
14 404
15 51
15 284
16 49
16 156
16 95
16 96
17 317
17 46
17 444
18 342
18 551
18 557
19 301
20 294
20 123
20 62
21 438
21 129
22 395
22 450
22 314
23 90
23 134
23 97
23 313
24 198
24 142
24 443
25 251
25 484
25 490
26 55
26 255
26 319
27 490
27 259
27 257
28 257
28 480
28 29
29 258
29 259
30 72
30 179
30 462
31 32
31 538
31 391
32 521
32 44
33 213
33 34
34 433
35 408
35 513
35 385
36 491
36 511
36 483
37 61
37 121
38 174
38 50
38 184
39 177
39 184
39 176
40 41
40 200
40 325
41 190
41 199
42 460
42 531
42 546
43 548
43 241
43 523
44 521
44 534
44 522
45 77
45 78
45 86
45 135
46 441
46 170
47 170
47 406
47 48
48 171
48 407
49 104
49 83
49 92
50 286
50 285
51 439
51 100
52 260
52 261
52 256
52 283
53 310
53 327
54 217
54 55
54 204
55 327
56 255
56 203
57 182
57 210
57 186
58 59
58 460
58 549
59 60
59 419
60 215
60 497
61 121
62 126
62 127
63 125
63 122
64 130
64 65
64 288
65 132
65 130
66 172
66 407
67 68
68 443
68 452
69 140
69 181
70 445
70 441
71 522
71 523
71 241
72 538
72 242
73 74
73 244
75 240
75 93
75 236
75 239
76 444
76 78
76 445
77 80
77 86
77 79
78 79
79 317
80 550
80 85
80 304
81 550
81 84
82 239
82 89
82 88
82 84
83 105
83 91
83 95
84 87
84 85
85 86
85 240
86 235
87 88
88 133
89 273
89 134
90 133
90 288
92 155
92 96
93 156
93 94
93 273
94 237
94 96
95 157
97 401
97 458
98 99
99 125
100 398
100 285
100 316
101 439
102 103
102 160
102 106
103 158
103 104
104 105
105 106
106 401
107 269
107 249
107 268
108 109
108 280
108 202
109 270
109 202
110 210
110 247
111 205
111 209
112 114
112 113
113 118
113 114
114 115
116 435
116 261
116 264
117 356
117 374
117 371
118 367
118 346
119 120
119 540
121 250
122 124
122 403
123 124
123 438
124 403
126 127
127 128
128 402
128 294
129 450
131 393
131 132
131 394
132 314
133 288
135 136
135 445
136 442
136 140
137 234
137 442
137 345
138 173
138 140
138 141
139 155
139 557
139 183
139 153
141 194
141 452
142 452
142 183
143 149
143 556
143 153
143 146
144 146
145 150
146 148
147 151
147 551
148 149
148 150
149 150
151 552
152 463
152 552
152 417
153 154
154 554
154 155
156 157
157 273
158 160
158 164
159 287
159 161
159 286
160 161
161 163
162 163
162 168
162 165
163 167
164 167
164 463
164 555
166 167
166 309
169 171
169 173
169 441
170 405
171 172
172 197
175 474
176 476
176 274
178 340
178 179
178 418
179 541
180 206
180 209
181 443
182 219
182 321
183 558
184 312
185 201
185 203
185 475
186 201
186 475
187 189
187 321
187 190
188 199
188 189
189 190
190 199
191 213
191 192
191 193
192 211
192 213
193 212
193 214
194 345
194 442
195 300
195 196
196 407
196 197
198 344
200 339
200 476
201 202
203 270
204 205
205 246
206 370
206 560
207 208
208 209
210 247
211 212
211 390
212 214
213 387
214 216
215 216
215 497
216 518
217 218
218 475
219 247
219 446
220 464
220 223
220 422
221 383
221 382
221 436
222 513
222 433
222 388
223 414
223 413
224 516
224 515
224 464
225 231
225 281
225 515
226 230
226 306
226 381
227 266
227 228
227 229
228 281
228 320
229 383
229 232
230 325
230 322
231 233
231 512
232 381
232 320
233 511
233 510
233 512
234 235
234 238
235 451
236 237
236 451
237 238
238 558
239 240
240 451
241 523
242 243
242 415
243 244
243 415
244 495
245 496
245 492
245 494
246 427
246 265
248 280
248 249
250 293
250 296
251 253
251 254
252 319
252 253
252 336
253 336
254 255
254 319
256 260
256 311
257 480
258 473
258 259
260 310
260 261
262 283
262 435
262 379
263 377
263 473
263 379
264 374
264 435
266 267
267 383
267 281
268 320
268 269
269 322
270 512
271 315
271 304
271 455
272 455
272 317
272 405
274 275
275 318
275 277
276 318
277 338
277 476
278 279
279 281
279 280
282 292
282 315
282 392
283 480
284 448
284 542
285 316
286 287
287 316
289 437
289 291
289 290
290 291
291 425
294 450
295 499
296 299
296 298
297 299
297 298
297 437
298 403
299 499
300 406
300 301
301 305
302 303
302 498
302 468
303 455
303 305
304 315
306 457
306 380
307 457
308 550
309 463
309 312
310 311
311 480
311 326
311 373
312 553
313 314
313 395
318 338
321 323
322 323
323 324
324 325
326 373
326 327
328 334
328 329
328 373
329 330
329 331
332 334
333 335
334 335
335 336
337 338
339 434
339 422
340 474
340 532
341 474
342 344
342 343
343 557
343 344
345 558
346 350
346 349
347 355
347 506
348 350
350 351
351 357
351 352
353 507
354 368
354 356
354 369
355 358
355 421
356 361
356 367
357 358
357 359
358 471
359 360
359 362
360 361
361 363
362 364
362 363
363 376
364 365
364 366
367 559
368 560
368 559
369 370
369 371
370 372
371 372
374 378
375 376
376 377
377 378
378 379
380 381
380 436
382 516
382 436
384 386
385 386
385 449
386 544
386 387
387 517
388 413
388 414
389 414
389 390
389 519
390 520
395 450
396 399
397 399
398 543
398 399
400 401
402 424
404 453
404 469
405 406
408 409
408 482
410 412
411 426
411 412
411 465
412 413
415 416
420 421
420 470
420 545
421 449
422 423
424 458
424 450
425 429
425 428
426 483
426 515
427 446
428 429
430 431
432 433
437 467
438 467
439 440
441 444
447 448
448 541
449 508
453 454
453 469
456 457
458 459
460 546
461 542
464 516
466 467
469 540
472 473
477 479
478 479
479 480
481 482
482 483
484 485
484 486
485 488
485 489
486 490
486 487
487 488
487 491
488 491
488 489
489 510
492 493
492 523
495 496
497 500
499 509
500 534
500 501
501 502
501 504
503 504
504 505
506 507
510 511
513 514
521 522
524 529
525 526
526 527
526 530
528 529
529 530
530 531
531 548
533 534
535 537
536 537
537 538
539 540
541 542
547 548
559 560
